2023-06-27 21:56:50.70474893 +0200 CEST m=+10074.195920255,0
2023-06-27 21:56:50.704761954 +0200 CEST m=+10074.195933277,0
2023-06-27 21:56:50.704772133 +0200 CEST m=+10074.195943457,0
2023-06-27 21:56:50.704779781 +0200 CEST m=+10074.195951104,0
2023-06-27 21:56:50.704787312 +0200 CEST m=+10074.195958636,0
2023-06-27 21:56:50.704795113 +0200 CEST m=+10074.195966436,0
2023-06-27 21:56:50.704805571 +0200 CEST m=+10074.195976895,0
2023-06-27 21:56:50.704813108 +0200 CEST m=+10074.195984431,0
2023-06-27 21:56:50.704822172 +0200 CEST m=+10074.195993494,0
2023-06-27 21:56:50.704829733 +0200 CEST m=+10074.196001057,0
2023-06-27 21:56:50.704842043 +0200 CEST m=+10074.196013372,0
2023-06-27 21:56:50.704859768 +0200 CEST m=+10074.196031103,0
2023-06-27 21:56:50.704875229 +0200 CEST m=+10074.196046563,0
2023-06-27 21:56:50.705731205 +0200 CEST m=+10074.196902532,0
2023-06-27 21:56:50.706416205 +0200 CEST m=+10074.197587539,0
2023-06-27 21:56:50.706684468 +0200 CEST m=+10074.197855801,0
2023-06-27 21:56:50.7207382 +0200 CEST m=+10074.211909530,0
2023-06-27 21:56:50.72075277 +0200 CEST m=+10074.211924101,0
2023-06-27 21:56:50.720771714 +0200 CEST m=+10074.211943050,0
2023-06-27 21:56:50.720786351 +0200 CEST m=+10074.211957684,0
2023-06-27 21:56:50.720799828 +0200 CEST m=+10074.211971156,0
2023-06-27 21:56:50.720816079 +0200 CEST m=+10074.211987415,0
2023-06-27 21:56:50.720832196 +0200 CEST m=+10074.212003527,0
2023-06-27 21:56:50.72084631 +0200 CEST m=+10074.212017642,0
2023-06-27 21:56:50.720859785 +0200 CEST m=+10074.212031119,0
2023-06-27 21:56:50.720874582 +0200 CEST m=+10074.212045919,0
2023-06-27 21:56:50.720889062 +0200 CEST m=+10074.212060394,0
2023-06-27 21:56:50.720902617 +0200 CEST m=+10074.212073950,0
2023-06-27 21:56:50.720917897 +0200 CEST m=+10074.212089226,0
2023-06-27 21:56:50.720932162 +0200 CEST m=+10074.212103492,0
2023-06-27 21:56:50.721124054 +0200 CEST m=+10074.212295376,0
2023-06-27 21:56:50.721326336 +0200 CEST m=+10074.212497662,0
2023-06-27 21:56:50.736722251 +0200 CEST m=+10074.227893584,0
2023-06-27 21:56:50.736742245 +0200 CEST m=+10074.227913576,0
2023-06-27 21:56:50.736875781 +0200 CEST m=+10074.228047107,0
2023-06-27 21:56:50.736897915 +0200 CEST m=+10074.228069248,0
2023-06-27 21:56:50.736917278 +0200 CEST m=+10074.228088620,0
2023-06-27 21:56:50.736940795 +0200 CEST m=+10074.228112122,0
2023-06-27 21:56:50.736962077 +0200 CEST m=+10074.228133412,0
2023-06-27 21:56:50.736984061 +0200 CEST m=+10074.228155390,0
2023-06-27 21:56:50.73700234 +0200 CEST m=+10074.228173675,0
2023-06-27 21:56:50.737018626 +0200 CEST m=+10074.228189951,0
2023-06-27 21:56:50.737034256 +0200 CEST m=+10074.228205583,0
2023-06-27 21:56:50.73704889 +0200 CEST m=+10074.228220216,0
2023-06-27 21:56:50.737066578 +0200 CEST m=+10074.228237905,0
2023-06-27 21:56:50.737082652 +0200 CEST m=+10074.228253980,0
2023-06-27 21:56:50.737096173 +0200 CEST m=+10074.228267501,0
2023-06-27 21:56:50.737323244 +0200 CEST m=+10074.228494582,0
2023-06-27 21:56:50.752712264 +0200 CEST m=+10074.243883601,0
2023-06-27 21:56:50.752821097 +0200 CEST m=+10074.243992428,0
2023-06-27 21:56:50.752837943 +0200 CEST m=+10074.244009276,0
2023-06-27 21:56:50.752861523 +0200 CEST m=+10074.244032855,0
2023-06-27 21:56:50.752880077 +0200 CEST m=+10074.244051412,0
2023-06-27 21:56:50.752899158 +0200 CEST m=+10074.244070490,0
2023-06-27 21:56:50.752916032 +0200 CEST m=+10074.244087358,0
2023-06-27 21:56:50.752928146 +0200 CEST m=+10074.244099473,0
2023-06-27 21:56:50.752943744 +0200 CEST m=+10074.244115070,0
2023-06-27 21:56:50.752962888 +0200 CEST m=+10074.244134221,0
2023-06-27 21:56:50.752975729 +0200 CEST m=+10074.244147054,0
2023-06-27 21:56:50.752986707 +0200 CEST m=+10074.244158033,0
2023-06-27 21:56:50.753002177 +0200 CEST m=+10074.244173503,0
2023-06-27 21:56:50.753019664 +0200 CEST m=+10074.244190989,0
2023-06-27 21:56:50.753226745 +0200 CEST m=+10074.244398082,0
2023-06-27 21:56:50.753444 +0200 CEST m=+10074.244615330,0
2023-06-27 21:56:50.768746057 +0200 CEST m=+10074.259917385,0
2023-06-27 21:56:50.768773542 +0200 CEST m=+10074.259944871,0
2023-06-27 21:56:50.768796162 +0200 CEST m=+10074.259967492,0
2023-06-27 21:56:50.768823662 +0200 CEST m=+10074.259994993,0
2023-06-27 21:56:50.768849966 +0200 CEST m=+10074.260021298,0
2023-06-27 21:56:50.768864053 +0200 CEST m=+10074.260035382,0
2023-06-27 21:56:50.768873768 +0200 CEST m=+10074.260045100,0
2023-06-27 21:56:50.768884543 +0200 CEST m=+10074.260055871,0
2023-06-27 21:56:50.768895002 +0200 CEST m=+10074.260066332,0
2023-06-27 21:56:50.768907468 +0200 CEST m=+10074.260078797,0
2023-06-27 21:56:50.768920626 +0200 CEST m=+10074.260091955,0
2023-06-27 21:56:50.768932448 +0200 CEST m=+10074.260103777,0
2023-06-27 21:56:50.768946444 +0200 CEST m=+10074.260117774,0
2023-06-27 21:56:50.769077556 +0200 CEST m=+10074.260248888,0
2023-06-27 21:56:50.769364106 +0200 CEST m=+10074.260535444,0
2023-06-27 21:56:50.769650125 +0200 CEST m=+10074.260821446,0
2023-06-27 21:56:50.78471872 +0200 CEST m=+10074.275890039,0
2023-06-27 21:56:50.784729989 +0200 CEST m=+10074.275901309,0
2023-06-27 21:56:50.784735948 +0200 CEST m=+10074.275907269,0
2023-06-27 21:56:50.78474201 +0200 CEST m=+10074.275913329,0
2023-06-27 21:56:50.7847696 +0200 CEST m=+10074.275940924,0
2023-06-27 21:56:50.784782095 +0200 CEST m=+10074.275953420,0
2023-06-27 21:56:50.784802768 +0200 CEST m=+10074.275974092,0
2023-06-27 21:56:50.784817915 +0200 CEST m=+10074.275989239,0
2023-06-27 21:56:50.784830422 +0200 CEST m=+10074.276001748,0
2023-06-27 21:56:50.784845334 +0200 CEST m=+10074.276016663,0
2023-06-27 21:56:50.784859849 +0200 CEST m=+10074.276031174,0
2023-06-27 21:56:50.784871262 +0200 CEST m=+10074.276042586,0
2023-06-27 21:56:50.784883024 +0200 CEST m=+10074.276054348,0
2023-06-27 21:56:50.78492833 +0200 CEST m=+10074.276099653,0
2023-06-27 21:56:50.785046048 +0200 CEST m=+10074.276217368,0
2023-06-27 21:56:50.785182794 +0200 CEST m=+10074.276354118,0
2023-06-27 21:56:50.800703801 +0200 CEST m=+10074.291875120,0
2023-06-27 21:56:50.800713433 +0200 CEST m=+10074.291884754,0
2023-06-27 21:56:50.800728535 +0200 CEST m=+10074.291899855,0
2023-06-27 21:56:50.800748024 +0200 CEST m=+10074.291919343,0
2023-06-27 21:56:50.800757026 +0200 CEST m=+10074.291928346,0
2023-06-27 21:56:50.800772668 +0200 CEST m=+10074.291943995,0
2023-06-27 21:56:50.800789355 +0200 CEST m=+10074.291960680,0
2023-06-27 21:56:50.800807241 +0200 CEST m=+10074.291978566,0
2023-06-27 21:56:50.800816758 +0200 CEST m=+10074.291988078,0
2023-06-27 21:56:50.8008227 +0200 CEST m=+10074.291994019,0
2023-06-27 21:56:50.80083051 +0200 CEST m=+10074.292001829,0
2023-06-27 21:56:50.800837923 +0200 CEST m=+10074.292009243,0
2023-06-27 21:56:50.800845174 +0200 CEST m=+10074.292016495,0
2023-06-27 21:56:50.800932263 +0200 CEST m=+10074.292103582,0
2023-06-27 21:56:50.801059831 +0200 CEST m=+10074.292231152,0
2023-06-27 21:56:50.801185348 +0200 CEST m=+10074.292356667,0
2023-06-27 21:56:50.816720915 +0200 CEST m=+10074.307892241,0
2023-06-27 21:56:50.816737847 +0200 CEST m=+10074.307909170,0
2023-06-27 21:56:50.816750664 +0200 CEST m=+10074.307921989,0
2023-06-27 21:56:50.816766465 +0200 CEST m=+10074.307937789,0
2023-06-27 21:56:50.816779476 +0200 CEST m=+10074.307950800,0
2023-06-27 21:56:50.816792236 +0200 CEST m=+10074.307963561,0
2023-06-27 21:56:50.816815462 +0200 CEST m=+10074.307986788,0
2023-06-27 21:56:50.81683359 +0200 CEST m=+10074.308004915,0
2023-06-27 21:56:50.816847097 +0200 CEST m=+10074.308018421,0
2023-06-27 21:56:50.816861637 +0200 CEST m=+10074.308032961,0
2023-06-27 21:56:50.816875213 +0200 CEST m=+10074.308046538,0
2023-06-27 21:56:50.816888519 +0200 CEST m=+10074.308059842,0
2023-06-27 21:56:50.816905012 +0200 CEST m=+10074.308076336,0
2023-06-27 21:56:50.816972141 +0200 CEST m=+10074.308143465,0
2023-06-27 21:56:50.81715914 +0200 CEST m=+10074.308330466,0
2023-06-27 21:56:50.817327505 +0200 CEST m=+10074.308498826,0
2023-06-27 21:56:50.832769578 +0200 CEST m=+10074.323940898,0
2023-06-27 21:56:50.832784315 +0200 CEST m=+10074.323955641,0
2023-06-27 21:56:50.832803079 +0200 CEST m=+10074.323974403,0
2023-06-27 21:56:50.832817434 +0200 CEST m=+10074.323988759,0
2023-06-27 21:56:50.832829569 +0200 CEST m=+10074.324000899,0
2023-06-27 21:56:50.832841078 +0200 CEST m=+10074.324012398,0
2023-06-27 21:56:50.832851552 +0200 CEST m=+10074.324022872,0
2023-06-27 21:56:50.832859959 +0200 CEST m=+10074.324031282,0
2023-06-27 21:56:50.832869579 +0200 CEST m=+10074.324040903,0
2023-06-27 21:56:50.832878179 +0200 CEST m=+10074.324049501,0
2023-06-27 21:56:50.832887529 +0200 CEST m=+10074.324058853,0
2023-06-27 21:56:50.832901507 +0200 CEST m=+10074.324072831,0
2023-06-27 21:56:50.832914729 +0200 CEST m=+10074.324086054,0
2023-06-27 21:56:50.832953307 +0200 CEST m=+10074.324124642,0
2023-06-27 21:56:50.833083384 +0200 CEST m=+10074.324254708,0
2023-06-27 21:56:50.833308657 +0200 CEST m=+10074.324479977,0
2023-06-27 21:56:50.84872914 +0200 CEST m=+10074.339900460,0
2023-06-27 21:56:50.848735487 +0200 CEST m=+10074.339906808,0
2023-06-27 21:56:50.848745947 +0200 CEST m=+10074.339917266,0
2023-06-27 21:56:50.848751984 +0200 CEST m=+10074.339923304,0
2023-06-27 21:56:50.848782003 +0200 CEST m=+10074.339953327,0
2023-06-27 21:56:50.848802467 +0200 CEST m=+10074.339973787,0
2023-06-27 21:56:50.848811852 +0200 CEST m=+10074.339983172,0
2023-06-27 21:56:50.848820304 +0200 CEST m=+10074.339991624,0
2023-06-27 21:56:50.848829522 +0200 CEST m=+10074.340000852,0
2023-06-27 21:56:50.848837605 +0200 CEST m=+10074.340008924,0
2023-06-27 21:56:50.848843356 +0200 CEST m=+10074.340014676,0
2023-06-27 21:56:50.848850076 +0200 CEST m=+10074.340021395,0
2023-06-27 21:56:50.848856164 +0200 CEST m=+10074.340027539,0
2023-06-27 21:56:50.848976974 +0200 CEST m=+10074.340148293,0
2023-06-27 21:56:50.849175224 +0200 CEST m=+10074.340346552,0
2023-06-27 21:56:50.849314094 +0200 CEST m=+10074.340485414,0
2023-06-27 21:56:50.864857164 +0200 CEST m=+10074.356028489,0
2023-06-27 21:56:50.864872348 +0200 CEST m=+10074.356043672,0
2023-06-27 21:56:50.864885799 +0200 CEST m=+10074.356057123,0
2023-06-27 21:56:50.864905245 +0200 CEST m=+10074.356076569,0
2023-06-27 21:56:50.864918406 +0200 CEST m=+10074.356089730,0
2023-06-27 21:56:50.864932413 +0200 CEST m=+10074.356103736,0
2023-06-27 21:56:50.864946131 +0200 CEST m=+10074.356117455,0
2023-06-27 21:56:50.864959951 +0200 CEST m=+10074.356131275,0
2023-06-27 21:56:50.864975687 +0200 CEST m=+10074.356147016,0
2023-06-27 21:56:50.864988612 +0200 CEST m=+10074.356159937,0
2023-06-27 21:56:50.865001027 +0200 CEST m=+10074.356172352,0
2023-06-27 21:56:50.86501245 +0200 CEST m=+10074.356183775,0
2023-06-27 21:56:50.865024744 +0200 CEST m=+10074.356196068,0
2023-06-27 21:56:50.865173703 +0200 CEST m=+10074.356345023,0
2023-06-27 21:56:50.865408527 +0200 CEST m=+10074.356579882,0
2023-06-27 21:56:50.865851095 +0200 CEST m=+10074.357022462,0
2023-06-27 21:56:50.880715294 +0200 CEST m=+10074.371886621,0
2023-06-27 21:56:50.880725228 +0200 CEST m=+10074.371896555,0
2023-06-27 21:56:50.880734636 +0200 CEST m=+10074.371905963,0
2023-06-27 21:56:50.8807439 +0200 CEST m=+10074.371915227,0
2023-06-27 21:56:50.88075249 +0200 CEST m=+10074.371923817,0
2023-06-27 21:56:50.880761967 +0200 CEST m=+10074.371933294,0
2023-06-27 21:56:50.88077232 +0200 CEST m=+10074.371943647,0
2023-06-27 21:56:50.880781162 +0200 CEST m=+10074.371952489,0
2023-06-27 21:56:50.880791551 +0200 CEST m=+10074.371962877,0
2023-06-27 21:56:50.880833303 +0200 CEST m=+10074.372004630,0
2023-06-27 21:56:50.880843984 +0200 CEST m=+10074.372015310,0
2023-06-27 21:56:50.880852297 +0200 CEST m=+10074.372023624,0
2023-06-27 21:56:50.88086115 +0200 CEST m=+10074.372032477,0
2023-06-27 21:56:50.881021276 +0200 CEST m=+10074.372192624,0
2023-06-27 21:56:50.881162306 +0200 CEST m=+10074.372333632,0
2023-06-27 21:56:50.881491024 +0200 CEST m=+10074.372662351,0
2023-06-27 21:56:50.896698634 +0200 CEST m=+10074.387869956,0
2023-06-27 21:56:50.896708398 +0200 CEST m=+10074.387879720,0
2023-06-27 21:56:50.896715925 +0200 CEST m=+10074.387887248,0
2023-06-27 21:56:50.896722677 +0200 CEST m=+10074.387894000,0
2023-06-27 21:56:50.896729141 +0200 CEST m=+10074.387900463,0
2023-06-27 21:56:50.896738053 +0200 CEST m=+10074.387909382,0
2023-06-27 21:56:50.896752444 +0200 CEST m=+10074.387923776,0
2023-06-27 21:56:50.896762633 +0200 CEST m=+10074.387933955,0
2023-06-27 21:56:50.896770862 +0200 CEST m=+10074.387942185,0
2023-06-27 21:56:50.896777343 +0200 CEST m=+10074.387948665,0
2023-06-27 21:56:50.896783897 +0200 CEST m=+10074.387955219,0
2023-06-27 21:56:50.89679181 +0200 CEST m=+10074.387963132,0
2023-06-27 21:56:50.896798363 +0200 CEST m=+10074.387969686,0
2023-06-27 21:56:50.896992468 +0200 CEST m=+10074.388163792,0
2023-06-27 21:56:50.897157626 +0200 CEST m=+10074.388328953,0
2023-06-27 21:56:50.912787337 +0200 CEST m=+10074.403958657,0
2023-06-27 21:56:50.912802218 +0200 CEST m=+10074.403973539,0
2023-06-27 21:56:50.912817355 +0200 CEST m=+10074.403988675,0
2023-06-27 21:56:50.91282998 +0200 CEST m=+10074.404001301,0
2023-06-27 21:56:50.912837961 +0200 CEST m=+10074.404009282,0
2023-06-27 21:56:50.912844153 +0200 CEST m=+10074.404015473,0
2023-06-27 21:56:50.912851027 +0200 CEST m=+10074.404022354,0
2023-06-27 21:56:50.912863587 +0200 CEST m=+10074.404034906,0
2023-06-27 21:56:50.912869622 +0200 CEST m=+10074.404040943,0
2023-06-27 21:56:50.912882537 +0200 CEST m=+10074.404053857,0
2023-06-27 21:56:50.912888229 +0200 CEST m=+10074.404059549,0
2023-06-27 21:56:50.912895396 +0200 CEST m=+10074.404066715,0
2023-06-27 21:56:50.912901049 +0200 CEST m=+10074.404072369,0
2023-06-27 21:56:50.913017621 +0200 CEST m=+10074.404188940,0
2023-06-27 21:56:50.913198959 +0200 CEST m=+10074.404370279,0
2023-06-27 21:56:50.913471619 +0200 CEST m=+10074.404642965,0
2023-06-27 21:56:50.928743289 +0200 CEST m=+10074.419914616,0
2023-06-27 21:56:50.928826383 +0200 CEST m=+10074.419997707,0
2023-06-27 21:56:50.928847962 +0200 CEST m=+10074.420019287,0
2023-06-27 21:56:50.928872934 +0200 CEST m=+10074.420044268,0
2023-06-27 21:56:50.928886593 +0200 CEST m=+10074.420057920,0
2023-06-27 21:56:50.928899501 +0200 CEST m=+10074.420070826,0
2023-06-27 21:56:50.928913709 +0200 CEST m=+10074.420085040,0
2023-06-27 21:56:50.928927647 +0200 CEST m=+10074.420098971,0
2023-06-27 21:56:50.928941001 +0200 CEST m=+10074.420112325,0
2023-06-27 21:56:50.928954821 +0200 CEST m=+10074.420126143,0
2023-06-27 21:56:50.92896779 +0200 CEST m=+10074.420139117,0
2023-06-27 21:56:50.928980114 +0200 CEST m=+10074.420151437,0
2023-06-27 21:56:50.928995167 +0200 CEST m=+10074.420166490,0
2023-06-27 21:56:50.929009763 +0200 CEST m=+10074.420181087,0
2023-06-27 21:56:50.929146445 +0200 CEST m=+10074.420317766,0
2023-06-27 21:56:50.929340288 +0200 CEST m=+10074.420511610,0
2023-06-27 21:56:50.944703274 +0200 CEST m=+10074.435874605,0
2023-06-27 21:56:50.944719152 +0200 CEST m=+10074.435890485,0
2023-06-27 21:56:50.944737984 +0200 CEST m=+10074.435909315,0
2023-06-27 21:56:50.944753041 +0200 CEST m=+10074.435924373,0
2023-06-27 21:56:50.944772571 +0200 CEST m=+10074.435943902,0
2023-06-27 21:56:50.944790702 +0200 CEST m=+10074.435962038,0
2023-06-27 21:56:50.944806278 +0200 CEST m=+10074.435977608,0
2023-06-27 21:56:50.944820302 +0200 CEST m=+10074.435991631,0
2023-06-27 21:56:50.944835829 +0200 CEST m=+10074.436007164,0
2023-06-27 21:56:50.944848544 +0200 CEST m=+10074.436019879,0
2023-06-27 21:56:50.944864823 +0200 CEST m=+10074.436036150,0
2023-06-27 21:56:50.944880407 +0200 CEST m=+10074.436051736,0
2023-06-27 21:56:50.944897584 +0200 CEST m=+10074.436068914,0
2023-06-27 21:56:50.944924679 +0200 CEST m=+10074.436096008,0
2023-06-27 21:56:50.945157369 +0200 CEST m=+10074.436328704,0
2023-06-27 21:56:50.945342753 +0200 CEST m=+10074.436514080,0
2023-06-27 21:56:50.960728587 +0200 CEST m=+10074.451899908,0
2023-06-27 21:56:50.960735037 +0200 CEST m=+10074.451906358,0
2023-06-27 21:56:50.96074348 +0200 CEST m=+10074.451914802,0
2023-06-27 21:56:50.960749435 +0200 CEST m=+10074.451920755,0
2023-06-27 21:56:50.960756304 +0200 CEST m=+10074.451927624,0
2023-06-27 21:56:50.960762957 +0200 CEST m=+10074.451934277,0
2023-06-27 21:56:50.960771165 +0200 CEST m=+10074.451942486,0
2023-06-27 21:56:50.960777055 +0200 CEST m=+10074.451948375,0
2023-06-27 21:56:50.960783666 +0200 CEST m=+10074.451954987,0
2023-06-27 21:56:50.960789639 +0200 CEST m=+10074.451960959,0
2023-06-27 21:56:50.960797332 +0200 CEST m=+10074.451968652,0
2023-06-27 21:56:50.960803703 +0200 CEST m=+10074.451975024,0
2023-06-27 21:56:50.960809401 +0200 CEST m=+10074.451980721,0
2023-06-27 21:56:50.961041247 +0200 CEST m=+10074.452212572,0
2023-06-27 21:56:50.961179443 +0200 CEST m=+10074.452350763,0
2023-06-27 21:56:50.961316189 +0200 CEST m=+10074.452487509,0
2023-06-27 21:56:50.976711887 +0200 CEST m=+10074.467883223,0
2023-06-27 21:56:50.976754115 +0200 CEST m=+10074.467925444,0
2023-06-27 21:56:50.976768943 +0200 CEST m=+10074.467940272,0
2023-06-27 21:56:50.976817033 +0200 CEST m=+10074.467988363,0
2023-06-27 21:56:50.976831941 +0200 CEST m=+10074.468003270,0
2023-06-27 21:56:50.976850201 +0200 CEST m=+10074.468021529,0
2023-06-27 21:56:50.976868135 +0200 CEST m=+10074.468039463,0
2023-06-27 21:56:50.976909317 +0200 CEST m=+10074.468080645,0
2023-06-27 21:56:50.97692605 +0200 CEST m=+10074.468097378,0
2023-06-27 21:56:50.976943725 +0200 CEST m=+10074.468115054,0
2023-06-27 21:56:50.976963353 +0200 CEST m=+10074.468134682,0
2023-06-27 21:56:50.976979731 +0200 CEST m=+10074.468151060,0
2023-06-27 21:56:50.977032184 +0200 CEST m=+10074.468203520,0
2023-06-27 21:56:50.977049037 +0200 CEST m=+10074.468220366,0
2023-06-27 21:56:50.9770642 +0200 CEST m=+10074.468235530,0
2023-06-27 21:56:50.977185511 +0200 CEST m=+10074.468356834,0
2023-06-27 21:56:50.992688621 +0200 CEST m=+10074.483859946,0
2023-06-27 21:56:50.992703161 +0200 CEST m=+10074.483874485,0
2023-06-27 21:56:50.992714182 +0200 CEST m=+10074.483885514,0
2023-06-27 21:56:50.992723685 +0200 CEST m=+10074.483895009,0
2023-06-27 21:56:50.99273657 +0200 CEST m=+10074.483907896,0
2023-06-27 21:56:50.992750128 +0200 CEST m=+10074.483921452,0
2023-06-27 21:56:50.99276223 +0200 CEST m=+10074.483933558,0
2023-06-27 21:56:50.992773079 +0200 CEST m=+10074.483944404,0
2023-06-27 21:56:50.992783781 +0200 CEST m=+10074.483955108,0
2023-06-27 21:56:50.99279502 +0200 CEST m=+10074.483966345,0
2023-06-27 21:56:50.992806777 +0200 CEST m=+10074.483978108,0
2023-06-27 21:56:50.992818815 +0200 CEST m=+10074.483990148,0
2023-06-27 21:56:50.992832117 +0200 CEST m=+10074.484003444,0
2023-06-27 21:56:50.992846541 +0200 CEST m=+10074.484017866,0
2023-06-27 21:56:50.992970464 +0200 CEST m=+10074.484141788,0
2023-06-27 21:56:50.993109866 +0200 CEST m=+10074.484281187,0
2023-06-27 21:56:51.008716292 +0200 CEST m=+10074.499887619,0
2023-06-27 21:56:51.008732497 +0200 CEST m=+10074.499903831,0
2023-06-27 21:56:51.008755795 +0200 CEST m=+10074.499927121,0
2023-06-27 21:56:51.008771072 +0200 CEST m=+10074.499942397,0
2023-06-27 21:56:51.008785371 +0200 CEST m=+10074.499956693,0
2023-06-27 21:56:51.008799568 +0200 CEST m=+10074.499970891,0
2023-06-27 21:56:51.008815613 +0200 CEST m=+10074.499986938,0
2023-06-27 21:56:51.008827622 +0200 CEST m=+10074.499998950,0
2023-06-27 21:56:51.008842054 +0200 CEST m=+10074.500013379,0
2023-06-27 21:56:51.008855021 +0200 CEST m=+10074.500026350,0
2023-06-27 21:56:51.008869909 +0200 CEST m=+10074.500041231,0
2023-06-27 21:56:51.008882897 +0200 CEST m=+10074.500054220,0
2023-06-27 21:56:51.008893625 +0200 CEST m=+10074.500064947,0
2023-06-27 21:56:51.008984605 +0200 CEST m=+10074.500155937,0
2023-06-27 21:56:51.009120334 +0200 CEST m=+10074.500291654,0
2023-06-27 21:56:51.00927435 +0200 CEST m=+10074.500445670,0
2023-06-27 21:56:51.024703204 +0200 CEST m=+10074.515874532,0
2023-06-27 21:56:51.024718099 +0200 CEST m=+10074.515889427,0
2023-06-27 21:56:51.024727749 +0200 CEST m=+10074.515899077,0
2023-06-27 21:56:51.024737495 +0200 CEST m=+10074.515908823,0
2023-06-27 21:56:51.024746563 +0200 CEST m=+10074.515917890,0
2023-06-27 21:56:51.02475581 +0200 CEST m=+10074.515927139,0
2023-06-27 21:56:51.024812282 +0200 CEST m=+10074.515983611,0
2023-06-27 21:56:51.024839937 +0200 CEST m=+10074.516011265,0
2023-06-27 21:56:51.024849497 +0200 CEST m=+10074.516020827,0
2023-06-27 21:56:51.024859178 +0200 CEST m=+10074.516030506,0
2023-06-27 21:56:51.024870015 +0200 CEST m=+10074.516041344,0
2023-06-27 21:56:51.024879241 +0200 CEST m=+10074.516050568,0
2023-06-27 21:56:51.024890529 +0200 CEST m=+10074.516061857,0
2023-06-27 21:56:51.025072591 +0200 CEST m=+10074.516243925,0
2023-06-27 21:56:51.02539902 +0200 CEST m=+10074.516570358,0
2023-06-27 21:56:51.025673332 +0200 CEST m=+10074.516844666,0
2023-06-27 21:56:51.040720529 +0200 CEST m=+10074.531891856,0
2023-06-27 21:56:51.040737726 +0200 CEST m=+10074.531909054,0
2023-06-27 21:56:51.04075413 +0200 CEST m=+10074.531925458,0
2023-06-27 21:56:51.040768222 +0200 CEST m=+10074.531939549,0
2023-06-27 21:56:51.040783038 +0200 CEST m=+10074.531954366,0
2023-06-27 21:56:51.04079704 +0200 CEST m=+10074.531968368,0
2023-06-27 21:56:51.040810958 +0200 CEST m=+10074.531982285,0
2023-06-27 21:56:51.04083325 +0200 CEST m=+10074.532004579,0
2023-06-27 21:56:51.040847544 +0200 CEST m=+10074.532018874,0
2023-06-27 21:56:51.040862656 +0200 CEST m=+10074.532033982,0
2023-06-27 21:56:51.040878088 +0200 CEST m=+10074.532049417,0
2023-06-27 21:56:51.040891981 +0200 CEST m=+10074.532063310,0
2023-06-27 21:56:51.04090584 +0200 CEST m=+10074.532077167,0
2023-06-27 21:56:51.040989845 +0200 CEST m=+10074.532161169,0
2023-06-27 21:56:51.041175066 +0200 CEST m=+10074.532346394,0
2023-06-27 21:56:51.041343423 +0200 CEST m=+10074.532514751,0
2023-06-27 21:56:51.056677386 +0200 CEST m=+10074.547848707,0
2023-06-27 21:56:51.056691297 +0200 CEST m=+10074.547862627,0
2023-06-27 21:56:51.056703682 +0200 CEST m=+10074.547875007,0
2023-06-27 21:56:51.056711028 +0200 CEST m=+10074.547882348,0
2023-06-27 21:56:51.056717821 +0200 CEST m=+10074.547889141,0
2023-06-27 21:56:51.05672362 +0200 CEST m=+10074.547894940,0
2023-06-27 21:56:51.056730701 +0200 CEST m=+10074.547902021,0
2023-06-27 21:56:51.056747719 +0200 CEST m=+10074.547919039,0
2023-06-27 21:56:51.056755459 +0200 CEST m=+10074.547926779,0
2023-06-27 21:56:51.056764512 +0200 CEST m=+10074.547935833,0
2023-06-27 21:56:51.056770223 +0200 CEST m=+10074.547941543,0
2023-06-27 21:56:51.056775773 +0200 CEST m=+10074.547947093,0
2023-06-27 21:56:51.056781966 +0200 CEST m=+10074.547953287,0
2023-06-27 21:56:51.056908508 +0200 CEST m=+10074.548079833,0
2023-06-27 21:56:51.057059621 +0200 CEST m=+10074.548230945,0
2023-06-27 21:56:51.057209425 +0200 CEST m=+10074.548380748,0
2023-06-27 21:56:51.072718432 +0200 CEST m=+10074.563889772,0
2023-06-27 21:56:51.072748263 +0200 CEST m=+10074.563919599,0
2023-06-27 21:56:51.072767386 +0200 CEST m=+10074.563938718,0
2023-06-27 21:56:51.072788341 +0200 CEST m=+10074.563959674,0
2023-06-27 21:56:51.07280847 +0200 CEST m=+10074.563979808,0
2023-06-27 21:56:51.072827375 +0200 CEST m=+10074.563998717,0
2023-06-27 21:56:51.07284918 +0200 CEST m=+10074.564020514,0
2023-06-27 21:56:51.072868903 +0200 CEST m=+10074.564040240,0
2023-06-27 21:56:51.072889071 +0200 CEST m=+10074.564060404,0
2023-06-27 21:56:51.072908822 +0200 CEST m=+10074.564080166,0
2023-06-27 21:56:51.072928786 +0200 CEST m=+10074.564100121,0
2023-06-27 21:56:51.07294498 +0200 CEST m=+10074.564116313,0
2023-06-27 21:56:51.072962001 +0200 CEST m=+10074.564133334,0
2023-06-27 21:56:51.072979711 +0200 CEST m=+10074.564151053,0
2023-06-27 21:56:51.073240962 +0200 CEST m=+10074.564412307,0
2023-06-27 21:56:51.073501196 +0200 CEST m=+10074.564672523,0
2023-06-27 21:56:51.088780264 +0200 CEST m=+10074.579951585,0
2023-06-27 21:56:51.088790396 +0200 CEST m=+10074.579961718,0
2023-06-27 21:56:51.088798069 +0200 CEST m=+10074.579969392,0
2023-06-27 21:56:51.088805327 +0200 CEST m=+10074.579976649,0
2023-06-27 21:56:51.088811867 +0200 CEST m=+10074.579983189,0
2023-06-27 21:56:51.088818766 +0200 CEST m=+10074.579990087,0
2023-06-27 21:56:51.088825431 +0200 CEST m=+10074.579996752,0
2023-06-27 21:56:51.088832201 +0200 CEST m=+10074.580003524,0
2023-06-27 21:56:51.088840382 +0200 CEST m=+10074.580011704,0
2023-06-27 21:56:51.088848019 +0200 CEST m=+10074.580019341,0
2023-06-27 21:56:51.088854632 +0200 CEST m=+10074.580025954,0
2023-06-27 21:56:51.088863274 +0200 CEST m=+10074.580034596,0
2023-06-27 21:56:51.088869826 +0200 CEST m=+10074.580041147,0
2023-06-27 21:56:51.089085025 +0200 CEST m=+10074.580256350,0
2023-06-27 21:56:51.089294319 +0200 CEST m=+10074.580465643,0
2023-06-27 21:56:51.089456936 +0200 CEST m=+10074.580628258,0
2023-06-27 21:56:51.104710518 +0200 CEST m=+10074.595881837,0
2023-06-27 21:56:51.10471907 +0200 CEST m=+10074.595890391,0
2023-06-27 21:56:51.104727791 +0200 CEST m=+10074.595899111,0
2023-06-27 21:56:51.104736 +0200 CEST m=+10074.595907321,0
2023-06-27 21:56:51.10475067 +0200 CEST m=+10074.595922000,0
2023-06-27 21:56:51.104766213 +0200 CEST m=+10074.595937534,0
2023-06-27 21:56:51.104774292 +0200 CEST m=+10074.595945612,0
2023-06-27 21:56:51.104779952 +0200 CEST m=+10074.595951272,0
2023-06-27 21:56:51.104787089 +0200 CEST m=+10074.595958409,0
2023-06-27 21:56:51.104793743 +0200 CEST m=+10074.595965064,0
2023-06-27 21:56:51.104799669 +0200 CEST m=+10074.595970989,0
2023-06-27 21:56:51.104806405 +0200 CEST m=+10074.595977724,0
2023-06-27 21:56:51.10481196 +0200 CEST m=+10074.595983281,0
2023-06-27 21:56:51.105090674 +0200 CEST m=+10074.596261994,0
2023-06-27 21:56:51.105281687 +0200 CEST m=+10074.596453015,0
2023-06-27 21:56:51.105412323 +0200 CEST m=+10074.596583662,0
2023-06-27 21:56:51.120834895 +0200 CEST m=+10074.612006220,0
2023-06-27 21:56:51.120856777 +0200 CEST m=+10074.612028102,0
2023-06-27 21:56:51.120869674 +0200 CEST m=+10074.612041000,0
2023-06-27 21:56:51.120883936 +0200 CEST m=+10074.612055261,0
2023-06-27 21:56:51.120897621 +0200 CEST m=+10074.612068945,0
2023-06-27 21:56:51.120910849 +0200 CEST m=+10074.612082174,0
2023-06-27 21:56:51.12092584 +0200 CEST m=+10074.612097165,0
2023-06-27 21:56:51.120939631 +0200 CEST m=+10074.612110957,0
2023-06-27 21:56:51.120958519 +0200 CEST m=+10074.612129919,0
2023-06-27 21:56:51.120977092 +0200 CEST m=+10074.612148414,0
2023-06-27 21:56:51.120992668 +0200 CEST m=+10074.612163993,0
2023-06-27 21:56:51.121000331 +0200 CEST m=+10074.612171651,0
2023-06-27 21:56:51.121006861 +0200 CEST m=+10074.612178182,0
2023-06-27 21:56:51.121044482 +0200 CEST m=+10074.612215802,0
2023-06-27 21:56:51.121250736 +0200 CEST m=+10074.612422058,0
2023-06-27 21:56:51.136782802 +0200 CEST m=+10074.627954124,0
2023-06-27 21:56:51.136802157 +0200 CEST m=+10074.627973483,0
2023-06-27 21:56:51.136820277 +0200 CEST m=+10074.627991603,0
2023-06-27 21:56:51.136833098 +0200 CEST m=+10074.628004424,0
2023-06-27 21:56:51.136846865 +0200 CEST m=+10074.628018191,0
2023-06-27 21:56:51.136860053 +0200 CEST m=+10074.628031379,0
2023-06-27 21:56:51.13687278 +0200 CEST m=+10074.628044106,0
2023-06-27 21:56:51.136894763 +0200 CEST m=+10074.628066090,0
2023-06-27 21:56:51.136908072 +0200 CEST m=+10074.628079397,0
2023-06-27 21:56:51.136920739 +0200 CEST m=+10074.628092067,0
2023-06-27 21:56:51.136934162 +0200 CEST m=+10074.628105489,0
2023-06-27 21:56:51.136947128 +0200 CEST m=+10074.628118454,0
2023-06-27 21:56:51.13695994 +0200 CEST m=+10074.628131266,0
2023-06-27 21:56:51.136973054 +0200 CEST m=+10074.628144380,0
2023-06-27 21:56:51.137200806 +0200 CEST m=+10074.628372134,0
2023-06-27 21:56:51.137349172 +0200 CEST m=+10074.628520498,0
2023-06-27 21:56:51.152719834 +0200 CEST m=+10074.643891155,0
2023-06-27 21:56:51.152729563 +0200 CEST m=+10074.643900884,0
2023-06-27 21:56:51.152737377 +0200 CEST m=+10074.643908700,0
2023-06-27 21:56:51.152744607 +0200 CEST m=+10074.643915929,0
2023-06-27 21:56:51.152751754 +0200 CEST m=+10074.643923076,0
2023-06-27 21:56:51.152759074 +0200 CEST m=+10074.643930395,0
2023-06-27 21:56:51.152765674 +0200 CEST m=+10074.643936995,0
2023-06-27 21:56:51.152773474 +0200 CEST m=+10074.643944802,0
2023-06-27 21:56:51.152789621 +0200 CEST m=+10074.643960955,0
2023-06-27 21:56:51.152798698 +0200 CEST m=+10074.643970021,0
2023-06-27 21:56:51.152806044 +0200 CEST m=+10074.643977365,0
2023-06-27 21:56:51.152818325 +0200 CEST m=+10074.643989650,0
2023-06-27 21:56:51.152835801 +0200 CEST m=+10074.644007126,0
2023-06-27 21:56:51.152920784 +0200 CEST m=+10074.644092105,0
2023-06-27 21:56:51.153132311 +0200 CEST m=+10074.644303633,0
2023-06-27 21:56:51.153261164 +0200 CEST m=+10074.644432490,0
2023-06-27 21:56:51.168698091 +0200 CEST m=+10074.659869413,0
2023-06-27 21:56:51.168709894 +0200 CEST m=+10074.659881216,0
2023-06-27 21:56:51.168722666 +0200 CEST m=+10074.659893990,0
2023-06-27 21:56:51.1687343 +0200 CEST m=+10074.659905627,0
2023-06-27 21:56:51.16874647 +0200 CEST m=+10074.659917796,0
2023-06-27 21:56:51.168759486 +0200 CEST m=+10074.659930811,0
2023-06-27 21:56:51.16877174 +0200 CEST m=+10074.659943065,0
2023-06-27 21:56:51.168794832 +0200 CEST m=+10074.659966156,0
2023-06-27 21:56:51.168808293 +0200 CEST m=+10074.659979617,0
2023-06-27 21:56:51.168820207 +0200 CEST m=+10074.659991530,0
2023-06-27 21:56:51.168835893 +0200 CEST m=+10074.660007217,0
2023-06-27 21:56:51.168849177 +0200 CEST m=+10074.660020500,0
2023-06-27 21:56:51.168862208 +0200 CEST m=+10074.660033530,0
2023-06-27 21:56:51.168875485 +0200 CEST m=+10074.660046806,0
2023-06-27 21:56:51.169129245 +0200 CEST m=+10074.660300572,0
2023-06-27 21:56:51.169269835 +0200 CEST m=+10074.660441157,0
2023-06-27 21:56:51.184768311 +0200 CEST m=+10074.675939631,0
2023-06-27 21:56:51.18477852 +0200 CEST m=+10074.675949840,0
2023-06-27 21:56:51.184784421 +0200 CEST m=+10074.675955742,0
2023-06-27 21:56:51.184790965 +0200 CEST m=+10074.675962285,0
2023-06-27 21:56:51.184799055 +0200 CEST m=+10074.675970375,0
2023-06-27 21:56:51.184805025 +0200 CEST m=+10074.675976345,0
2023-06-27 21:56:51.184811406 +0200 CEST m=+10074.675982727,0
2023-06-27 21:56:51.184817283 +0200 CEST m=+10074.675988603,0
2023-06-27 21:56:51.184823106 +0200 CEST m=+10074.675994427,0
2023-06-27 21:56:51.18482975 +0200 CEST m=+10074.676001071,0
2023-06-27 21:56:51.184836217 +0200 CEST m=+10074.676007537,0
2023-06-27 21:56:51.184843113 +0200 CEST m=+10074.676014432,0
2023-06-27 21:56:51.184849185 +0200 CEST m=+10074.676020505,0
2023-06-27 21:56:51.185002994 +0200 CEST m=+10074.676174323,0
2023-06-27 21:56:51.185147211 +0200 CEST m=+10074.676318532,0
2023-06-27 21:56:51.185350883 +0200 CEST m=+10074.676522203,0
2023-06-27 21:56:51.200751421 +0200 CEST m=+10074.691922749,0
2023-06-27 21:56:51.200769647 +0200 CEST m=+10074.691940975,0
2023-06-27 21:56:51.200787318 +0200 CEST m=+10074.691958650,0
2023-06-27 21:56:51.20080489 +0200 CEST m=+10074.691976213,0
2023-06-27 21:56:51.200820364 +0200 CEST m=+10074.691991692,0
2023-06-27 21:56:51.200837111 +0200 CEST m=+10074.692008440,0
2023-06-27 21:56:51.200851026 +0200 CEST m=+10074.692022354,0
2023-06-27 21:56:51.200865169 +0200 CEST m=+10074.692036497,0
2023-06-27 21:56:51.200883501 +0200 CEST m=+10074.692054832,0
2023-06-27 21:56:51.200899562 +0200 CEST m=+10074.692070891,0
2023-06-27 21:56:51.200913476 +0200 CEST m=+10074.692084804,0
2023-06-27 21:56:51.200927932 +0200 CEST m=+10074.692099261,0
2023-06-27 21:56:51.200941871 +0200 CEST m=+10074.692113201,0
2023-06-27 21:56:51.200978459 +0200 CEST m=+10074.692149787,0
2023-06-27 21:56:51.201103617 +0200 CEST m=+10074.692274941,0
2023-06-27 21:56:51.201281847 +0200 CEST m=+10074.692453174,0
2023-06-27 21:56:51.216707144 +0200 CEST m=+10074.707878468,0
2023-06-27 21:56:51.216732428 +0200 CEST m=+10074.707903751,0
2023-06-27 21:56:51.21675697 +0200 CEST m=+10074.707928298,0
2023-06-27 21:56:51.216772123 +0200 CEST m=+10074.707943455,0
2023-06-27 21:56:51.216805903 +0200 CEST m=+10074.707977226,0
2023-06-27 21:56:51.216838534 +0200 CEST m=+10074.708009857,0
2023-06-27 21:56:51.216865451 +0200 CEST m=+10074.708036775,0
2023-06-27 21:56:51.216889014 +0200 CEST m=+10074.708060339,0
2023-06-27 21:56:51.216909429 +0200 CEST m=+10074.708080754,0
2023-06-27 21:56:51.216922862 +0200 CEST m=+10074.708094185,0
2023-06-27 21:56:51.2169362 +0200 CEST m=+10074.708107526,0
2023-06-27 21:56:51.21695289 +0200 CEST m=+10074.708124213,0
2023-06-27 21:56:51.216966955 +0200 CEST m=+10074.708138279,0
2023-06-27 21:56:51.216991701 +0200 CEST m=+10074.708163028,0
2023-06-27 21:56:51.217240642 +0200 CEST m=+10074.708411965,0
2023-06-27 21:56:51.217437998 +0200 CEST m=+10074.708609322,0
2023-06-27 21:56:51.232714906 +0200 CEST m=+10074.723886231,0
2023-06-27 21:56:51.232731802 +0200 CEST m=+10074.723903130,0
2023-06-27 21:56:51.232749124 +0200 CEST m=+10074.723920451,0
2023-06-27 21:56:51.232887648 +0200 CEST m=+10074.724058971,0
2023-06-27 21:56:51.232894926 +0200 CEST m=+10074.724066249,0
2023-06-27 21:56:51.232904786 +0200 CEST m=+10074.724076111,0
2023-06-27 21:56:51.232911882 +0200 CEST m=+10074.724083205,0
2023-06-27 21:56:51.232919728 +0200 CEST m=+10074.724091051,0
2023-06-27 21:56:51.2329282 +0200 CEST m=+10074.724099524,0
2023-06-27 21:56:51.232938514 +0200 CEST m=+10074.724109837,0
2023-06-27 21:56:51.232952136 +0200 CEST m=+10074.724123466,0
2023-06-27 21:56:51.232967319 +0200 CEST m=+10074.724138651,0
2023-06-27 21:56:51.23298465 +0200 CEST m=+10074.724155980,0
2023-06-27 21:56:51.233000104 +0200 CEST m=+10074.724171427,0
2023-06-27 21:56:51.233073105 +0200 CEST m=+10074.724244427,0
2023-06-27 21:56:51.233243208 +0200 CEST m=+10074.724414536,0
2023-06-27 21:56:51.248700765 +0200 CEST m=+10074.739872086,0
2023-06-27 21:56:51.248707201 +0200 CEST m=+10074.739878521,0
2023-06-27 21:56:51.248715541 +0200 CEST m=+10074.739886860,0
2023-06-27 21:56:51.248722148 +0200 CEST m=+10074.739893468,0
2023-06-27 21:56:51.24877692 +0200 CEST m=+10074.739948241,0
2023-06-27 21:56:51.248792367 +0200 CEST m=+10074.739963687,0
2023-06-27 21:56:51.248798641 +0200 CEST m=+10074.739969960,0
2023-06-27 21:56:51.248807437 +0200 CEST m=+10074.739978757,0
2023-06-27 21:56:51.248813569 +0200 CEST m=+10074.739984890,0
2023-06-27 21:56:51.248819303 +0200 CEST m=+10074.739990623,0
2023-06-27 21:56:51.248824992 +0200 CEST m=+10074.739996312,0
2023-06-27 21:56:51.248830995 +0200 CEST m=+10074.740002315,0
2023-06-27 21:56:51.248836943 +0200 CEST m=+10074.740008263,0
2023-06-27 21:56:51.248876964 +0200 CEST m=+10074.740048288,0
2023-06-27 21:56:51.249012464 +0200 CEST m=+10074.740183788,0
2023-06-27 21:56:51.249137356 +0200 CEST m=+10074.740308677,0
2023-06-27 21:56:51.264680362 +0200 CEST m=+10074.755851682,0
2023-06-27 21:56:51.26468713 +0200 CEST m=+10074.755858450,0
2023-06-27 21:56:51.264696598 +0200 CEST m=+10074.755867917,0
2023-06-27 21:56:51.26470232 +0200 CEST m=+10074.755873639,0
2023-06-27 21:56:51.264708594 +0200 CEST m=+10074.755879914,0
2023-06-27 21:56:51.264714618 +0200 CEST m=+10074.755885938,0
2023-06-27 21:56:51.264720204 +0200 CEST m=+10074.755891524,0
2023-06-27 21:56:51.264726813 +0200 CEST m=+10074.755898134,0
2023-06-27 21:56:51.264733259 +0200 CEST m=+10074.755904579,0
2023-06-27 21:56:51.264739581 +0200 CEST m=+10074.755910901,0
2023-06-27 21:56:51.264745478 +0200 CEST m=+10074.755916798,0
2023-06-27 21:56:51.264751674 +0200 CEST m=+10074.755922995,0
2023-06-27 21:56:51.264757268 +0200 CEST m=+10074.755928588,0
2023-06-27 21:56:51.264903108 +0200 CEST m=+10074.756074432,0
2023-06-27 21:56:51.265064958 +0200 CEST m=+10074.756236278,0
2023-06-27 21:56:51.265204682 +0200 CEST m=+10074.756376008,0
2023-06-27 21:56:51.280768911 +0200 CEST m=+10074.771940232,0
2023-06-27 21:56:51.280781852 +0200 CEST m=+10074.771953173,0
2023-06-27 21:56:51.280787574 +0200 CEST m=+10074.771958894,0
2023-06-27 21:56:51.280793382 +0200 CEST m=+10074.771964702,0
2023-06-27 21:56:51.280800771 +0200 CEST m=+10074.771972090,0
2023-06-27 21:56:51.280806543 +0200 CEST m=+10074.771977863,0
2023-06-27 21:56:51.280813309 +0200 CEST m=+10074.771984628,0
2023-06-27 21:56:51.280820076 +0200 CEST m=+10074.771991396,0
2023-06-27 21:56:51.2808271 +0200 CEST m=+10074.771998420,0
2023-06-27 21:56:51.280833062 +0200 CEST m=+10074.772004382,0
2023-06-27 21:56:51.280839885 +0200 CEST m=+10074.772011205,0
2023-06-27 21:56:51.280845531 +0200 CEST m=+10074.772016850,0
2023-06-27 21:56:51.280852052 +0200 CEST m=+10074.772023372,0
2023-06-27 21:56:51.280980249 +0200 CEST m=+10074.772151568,0
2023-06-27 21:56:51.281094602 +0200 CEST m=+10074.772265923,0
2023-06-27 21:56:51.281222335 +0200 CEST m=+10074.772393659,0
2023-06-27 21:56:51.29673014 +0200 CEST m=+10074.787901471,0
2023-06-27 21:56:51.296749881 +0200 CEST m=+10074.787921209,0
2023-06-27 21:56:51.29676511 +0200 CEST m=+10074.787936438,0
2023-06-27 21:56:51.296778663 +0200 CEST m=+10074.787949991,0
2023-06-27 21:56:51.296796633 +0200 CEST m=+10074.787967958,0
2023-06-27 21:56:51.296806223 +0200 CEST m=+10074.787977545,0
2023-06-27 21:56:51.296819989 +0200 CEST m=+10074.787991311,0
2023-06-27 21:56:51.296831989 +0200 CEST m=+10074.788003311,0
2023-06-27 21:56:51.296842632 +0200 CEST m=+10074.788013954,0
2023-06-27 21:56:51.296853894 +0200 CEST m=+10074.788025217,0
2023-06-27 21:56:51.296864519 +0200 CEST m=+10074.788035842,0
2023-06-27 21:56:51.296874721 +0200 CEST m=+10074.788046044,0
2023-06-27 21:56:51.296892054 +0200 CEST m=+10074.788063376,0
2023-06-27 21:56:51.297047636 +0200 CEST m=+10074.788218963,0
2023-06-27 21:56:51.297261129 +0200 CEST m=+10074.788432456,0
2023-06-27 21:56:51.297443534 +0200 CEST m=+10074.788614861,0
2023-06-27 21:56:51.312744351 +0200 CEST m=+10074.803915676,0
2023-06-27 21:56:51.312767304 +0200 CEST m=+10074.803938628,0
2023-06-27 21:56:51.312782401 +0200 CEST m=+10074.803953727,0
2023-06-27 21:56:51.312796415 +0200 CEST m=+10074.803967740,0
2023-06-27 21:56:51.312810208 +0200 CEST m=+10074.803981533,0
2023-06-27 21:56:51.312825363 +0200 CEST m=+10074.803996689,0
2023-06-27 21:56:51.312842825 +0200 CEST m=+10074.804014151,0
2023-06-27 21:56:51.312857635 +0200 CEST m=+10074.804028963,0
2023-06-27 21:56:51.312871404 +0200 CEST m=+10074.804042727,0
2023-06-27 21:56:51.312886399 +0200 CEST m=+10074.804057725,0
2023-06-27 21:56:51.312901637 +0200 CEST m=+10074.804072962,0
2023-06-27 21:56:51.31291563 +0200 CEST m=+10074.804086956,0
2023-06-27 21:56:51.312930266 +0200 CEST m=+10074.804101592,0
2023-06-27 21:56:51.31302781 +0200 CEST m=+10074.804199135,0
2023-06-27 21:56:51.313231195 +0200 CEST m=+10074.804402523,0
2023-06-27 21:56:51.313358996 +0200 CEST m=+10074.804530320,0
2023-06-27 21:56:51.328708712 +0200 CEST m=+10074.819880033,0
2023-06-27 21:56:51.328718752 +0200 CEST m=+10074.819890072,0
2023-06-27 21:56:51.328812138 +0200 CEST m=+10074.819983465,0
2023-06-27 21:56:51.328828576 +0200 CEST m=+10074.819999900,0
2023-06-27 21:56:51.328840258 +0200 CEST m=+10074.820011583,0
2023-06-27 21:56:51.328852109 +0200 CEST m=+10074.820023434,0
2023-06-27 21:56:51.328864879 +0200 CEST m=+10074.820036204,0
2023-06-27 21:56:51.328880497 +0200 CEST m=+10074.820051820,0
2023-06-27 21:56:51.328897831 +0200 CEST m=+10074.820069152,0
2023-06-27 21:56:51.328911931 +0200 CEST m=+10074.820083251,0
2023-06-27 21:56:51.328918122 +0200 CEST m=+10074.820089444,0
2023-06-27 21:56:51.328924675 +0200 CEST m=+10074.820095996,0
2023-06-27 21:56:51.328936051 +0200 CEST m=+10074.820107371,0
2023-06-27 21:56:51.328946839 +0200 CEST m=+10074.820118159,0
2023-06-27 21:56:51.329161766 +0200 CEST m=+10074.820333087,0
2023-06-27 21:56:51.344737194 +0200 CEST m=+10074.835908526,0
2023-06-27 21:56:51.344758788 +0200 CEST m=+10074.835930112,0
2023-06-27 21:56:51.344770314 +0200 CEST m=+10074.835941639,0
2023-06-27 21:56:51.344784011 +0200 CEST m=+10074.835955334,0
2023-06-27 21:56:51.344801274 +0200 CEST m=+10074.835972599,0
2023-06-27 21:56:51.344812642 +0200 CEST m=+10074.835983964,0
2023-06-27 21:56:51.344826682 +0200 CEST m=+10074.835998015,0
2023-06-27 21:56:51.34484 +0200 CEST m=+10074.836011327,0
2023-06-27 21:56:51.344850815 +0200 CEST m=+10074.836022138,0
2023-06-27 21:56:51.344862575 +0200 CEST m=+10074.836033899,0
2023-06-27 21:56:51.344874349 +0200 CEST m=+10074.836045673,0
2023-06-27 21:56:51.344886855 +0200 CEST m=+10074.836058181,0
2023-06-27 21:56:51.344902469 +0200 CEST m=+10074.836073795,0
2023-06-27 21:56:51.344972996 +0200 CEST m=+10074.836144326,0
2023-06-27 21:56:51.345159131 +0200 CEST m=+10074.836330456,0
2023-06-27 21:56:51.345503697 +0200 CEST m=+10074.836675026,0
2023-06-27 21:56:51.36073149 +0200 CEST m=+10074.851902821,0
2023-06-27 21:56:51.360751177 +0200 CEST m=+10074.851922507,0
2023-06-27 21:56:51.360767722 +0200 CEST m=+10074.851939053,0
2023-06-27 21:56:51.360785289 +0200 CEST m=+10074.851956624,0
2023-06-27 21:56:51.360799862 +0200 CEST m=+10074.851971195,0
2023-06-27 21:56:51.360815492 +0200 CEST m=+10074.851986830,0
2023-06-27 21:56:51.360832221 +0200 CEST m=+10074.852003556,0
2023-06-27 21:56:51.360848333 +0200 CEST m=+10074.852019662,0
2023-06-27 21:56:51.360863725 +0200 CEST m=+10074.852035055,0
2023-06-27 21:56:51.360879648 +0200 CEST m=+10074.852050988,0
2023-06-27 21:56:51.360896425 +0200 CEST m=+10074.852067754,0
2023-06-27 21:56:51.360911231 +0200 CEST m=+10074.852082565,0
2023-06-27 21:56:51.360926372 +0200 CEST m=+10074.852097700,0
2023-06-27 21:56:51.36101544 +0200 CEST m=+10074.852186770,0
2023-06-27 21:56:51.361263684 +0200 CEST m=+10074.852435006,0
2023-06-27 21:56:51.361483843 +0200 CEST m=+10074.852655167,0
2023-06-27 21:56:51.376687426 +0200 CEST m=+10074.867858746,0
2023-06-27 21:56:51.376700277 +0200 CEST m=+10074.867871598,0
2023-06-27 21:56:51.376712689 +0200 CEST m=+10074.867884009,0
2023-06-27 21:56:51.376722579 +0200 CEST m=+10074.867893898,0
2023-06-27 21:56:51.376734255 +0200 CEST m=+10074.867905576,0
2023-06-27 21:56:51.376740381 +0200 CEST m=+10074.867911701,0
2023-06-27 21:56:51.37674681 +0200 CEST m=+10074.867918130,0
2023-06-27 21:56:51.376753882 +0200 CEST m=+10074.867925202,0
2023-06-27 21:56:51.376761027 +0200 CEST m=+10074.867932348,0
2023-06-27 21:56:51.376767039 +0200 CEST m=+10074.867938360,0
2023-06-27 21:56:51.376775102 +0200 CEST m=+10074.867946422,0
2023-06-27 21:56:51.376781466 +0200 CEST m=+10074.867952785,0
2023-06-27 21:56:51.376787274 +0200 CEST m=+10074.867958594,0
2023-06-27 21:56:51.376885206 +0200 CEST m=+10074.868056536,0
2023-06-27 21:56:51.377046735 +0200 CEST m=+10074.868218059,0
2023-06-27 21:56:51.377204473 +0200 CEST m=+10074.868375804,0
2023-06-27 21:56:51.392731448 +0200 CEST m=+10074.883902774,0
2023-06-27 21:56:51.39274022 +0200 CEST m=+10074.883911545,0
2023-06-27 21:56:51.392749616 +0200 CEST m=+10074.883920942,0
2023-06-27 21:56:51.392758432 +0200 CEST m=+10074.883929758,0
2023-06-27 21:56:51.392769199 +0200 CEST m=+10074.883940525,0
2023-06-27 21:56:51.392777367 +0200 CEST m=+10074.883948692,0
2023-06-27 21:56:51.39278717 +0200 CEST m=+10074.883958496,0
2023-06-27 21:56:51.392795686 +0200 CEST m=+10074.883967012,0
2023-06-27 21:56:51.392804339 +0200 CEST m=+10074.883975664,0
2023-06-27 21:56:51.392814399 +0200 CEST m=+10074.883985725,0
2023-06-27 21:56:51.392822744 +0200 CEST m=+10074.883994070,0
2023-06-27 21:56:51.392831061 +0200 CEST m=+10074.884002387,0
2023-06-27 21:56:51.392848758 +0200 CEST m=+10074.884020083,0
2023-06-27 21:56:51.393069374 +0200 CEST m=+10074.884240701,0
2023-06-27 21:56:51.393327828 +0200 CEST m=+10074.884499155,0
2023-06-27 21:56:51.393579499 +0200 CEST m=+10074.884750827,0
2023-06-27 21:56:51.40871387 +0200 CEST m=+10074.899885191,0
2023-06-27 21:56:51.408725824 +0200 CEST m=+10074.899897148,0
2023-06-27 21:56:51.408799164 +0200 CEST m=+10074.899970494,0
2023-06-27 21:56:51.408812414 +0200 CEST m=+10074.899983740,0
2023-06-27 21:56:51.408828678 +0200 CEST m=+10074.900000009,0
2023-06-27 21:56:51.408848854 +0200 CEST m=+10074.900020182,0
2023-06-27 21:56:51.408872328 +0200 CEST m=+10074.900043654,0
2023-06-27 21:56:51.408887527 +0200 CEST m=+10074.900058855,0
2023-06-27 21:56:51.408900248 +0200 CEST m=+10074.900071580,0
2023-06-27 21:56:51.408912689 +0200 CEST m=+10074.900084023,0
2023-06-27 21:56:51.408926689 +0200 CEST m=+10074.900098018,0
2023-06-27 21:56:51.408939692 +0200 CEST m=+10074.900111024,0
2023-06-27 21:56:51.408952644 +0200 CEST m=+10074.900123973,0
2023-06-27 21:56:51.408970006 +0200 CEST m=+10074.900141339,0
2023-06-27 21:56:51.409074693 +0200 CEST m=+10074.900246026,0
2023-06-27 21:56:51.409268796 +0200 CEST m=+10074.900440117,0
2023-06-27 21:56:51.424709438 +0200 CEST m=+10074.915880762,0
2023-06-27 21:56:51.424716861 +0200 CEST m=+10074.915888185,0
2023-06-27 21:56:51.424729501 +0200 CEST m=+10074.915900823,0
2023-06-27 21:56:51.424738343 +0200 CEST m=+10074.915909666,0
2023-06-27 21:56:51.424745089 +0200 CEST m=+10074.915916411,0
2023-06-27 21:56:51.424752684 +0200 CEST m=+10074.915924007,0
2023-06-27 21:56:51.424760355 +0200 CEST m=+10074.915931678,0
2023-06-27 21:56:51.424770627 +0200 CEST m=+10074.915941949,0
2023-06-27 21:56:51.424778083 +0200 CEST m=+10074.915949405,0
2023-06-27 21:56:51.424792753 +0200 CEST m=+10074.915964075,0
2023-06-27 21:56:51.424804668 +0200 CEST m=+10074.915975989,0
2023-06-27 21:56:51.424815421 +0200 CEST m=+10074.915986745,0
2023-06-27 21:56:51.424822954 +0200 CEST m=+10074.915994277,0
2023-06-27 21:56:51.424965134 +0200 CEST m=+10074.916136457,0
2023-06-27 21:56:51.425196233 +0200 CEST m=+10074.916367556,0
2023-06-27 21:56:51.425392361 +0200 CEST m=+10074.916563685,0
2023-06-27 21:56:51.440745676 +0200 CEST m=+10074.931917005,0
2023-06-27 21:56:51.440799767 +0200 CEST m=+10074.931971097,0
2023-06-27 21:56:51.440826038 +0200 CEST m=+10074.931997373,0
2023-06-27 21:56:51.440848389 +0200 CEST m=+10074.932019723,0
2023-06-27 21:56:51.440871484 +0200 CEST m=+10074.932042817,0
2023-06-27 21:56:51.440890995 +0200 CEST m=+10074.932062334,0
2023-06-27 21:56:51.440910815 +0200 CEST m=+10074.932082153,0
2023-06-27 21:56:51.440939178 +0200 CEST m=+10074.932110517,0
2023-06-27 21:56:51.440954972 +0200 CEST m=+10074.932126301,0
2023-06-27 21:56:51.440980738 +0200 CEST m=+10074.932152074,0
2023-06-27 21:56:51.441000775 +0200 CEST m=+10074.932172111,0
2023-06-27 21:56:51.44102477 +0200 CEST m=+10074.932196104,0
2023-06-27 21:56:51.44104442 +0200 CEST m=+10074.932215750,0
2023-06-27 21:56:51.441058528 +0200 CEST m=+10074.932229870,0
2023-06-27 21:56:51.441196028 +0200 CEST m=+10074.932367357,0
2023-06-27 21:56:51.441414756 +0200 CEST m=+10074.932586079,0
2023-06-27 21:56:51.456755718 +0200 CEST m=+10074.947927048,0
2023-06-27 21:56:51.456771969 +0200 CEST m=+10074.947943293,0
2023-06-27 21:56:51.456788132 +0200 CEST m=+10074.947959456,0
2023-06-27 21:56:51.45680297 +0200 CEST m=+10074.947974300,0
2023-06-27 21:56:51.456816445 +0200 CEST m=+10074.947987769,0
2023-06-27 21:56:51.456830936 +0200 CEST m=+10074.948002260,0
2023-06-27 21:56:51.456843627 +0200 CEST m=+10074.948014951,0
2023-06-27 21:56:51.456855513 +0200 CEST m=+10074.948026838,0
2023-06-27 21:56:51.456868991 +0200 CEST m=+10074.948040316,0
2023-06-27 21:56:51.456881072 +0200 CEST m=+10074.948052398,0
2023-06-27 21:56:51.456892909 +0200 CEST m=+10074.948064234,0
2023-06-27 21:56:51.456905014 +0200 CEST m=+10074.948076338,0
2023-06-27 21:56:51.456918095 +0200 CEST m=+10074.948089419,0
2023-06-27 21:56:51.456990441 +0200 CEST m=+10074.948161765,0
2023-06-27 21:56:51.457168663 +0200 CEST m=+10074.948339988,0
2023-06-27 21:56:51.457327108 +0200 CEST m=+10074.948498433,0
2023-06-27 21:56:51.472776761 +0200 CEST m=+10074.963948085,0
2023-06-27 21:56:51.472791715 +0200 CEST m=+10074.963963045,0
2023-06-27 21:56:51.472805863 +0200 CEST m=+10074.963977192,0
2023-06-27 21:56:51.472817975 +0200 CEST m=+10074.963989299,0
2023-06-27 21:56:51.472831325 +0200 CEST m=+10074.964002651,0
2023-06-27 21:56:51.472845505 +0200 CEST m=+10074.964016829,0
2023-06-27 21:56:51.472858196 +0200 CEST m=+10074.964029520,0
2023-06-27 21:56:51.472868987 +0200 CEST m=+10074.964040312,0
2023-06-27 21:56:51.47288327 +0200 CEST m=+10074.964054596,0
2023-06-27 21:56:51.472897621 +0200 CEST m=+10074.964068945,0
2023-06-27 21:56:51.472909687 +0200 CEST m=+10074.964081012,0
2023-06-27 21:56:51.472923412 +0200 CEST m=+10074.964094741,0
2023-06-27 21:56:51.472938281 +0200 CEST m=+10074.964109607,0
2023-06-27 21:56:51.472950125 +0200 CEST m=+10074.964121450,0
2023-06-27 21:56:51.473135417 +0200 CEST m=+10074.964306742,0
2023-06-27 21:56:51.473360443 +0200 CEST m=+10074.964531771,0
2023-06-27 21:56:51.488862279 +0200 CEST m=+10074.980033606,0
2023-06-27 21:56:51.48890043 +0200 CEST m=+10074.980071758,0
2023-06-27 21:56:51.488925935 +0200 CEST m=+10074.980097267,0
2023-06-27 21:56:51.488951659 +0200 CEST m=+10074.980122986,0
2023-06-27 21:56:51.488979747 +0200 CEST m=+10074.980151076,0
2023-06-27 21:56:51.489000155 +0200 CEST m=+10074.980171482,0
2023-06-27 21:56:51.489025171 +0200 CEST m=+10074.980196498,0
2023-06-27 21:56:51.489049307 +0200 CEST m=+10074.980220635,0
2023-06-27 21:56:51.489066933 +0200 CEST m=+10074.980238260,0
2023-06-27 21:56:51.489085645 +0200 CEST m=+10074.980256969,0
2023-06-27 21:56:51.489102833 +0200 CEST m=+10074.980274160,0
2023-06-27 21:56:51.489120041 +0200 CEST m=+10074.980291368,0
2023-06-27 21:56:51.48913774 +0200 CEST m=+10074.980309062,0
2023-06-27 21:56:51.48930437 +0200 CEST m=+10074.980475697,0
2023-06-27 21:56:51.489523858 +0200 CEST m=+10074.980695178,0
2023-06-27 21:56:51.489689751 +0200 CEST m=+10074.980861077,0
2023-06-27 21:56:51.504869556 +0200 CEST m=+10074.996040879,0
2023-06-27 21:56:51.504900883 +0200 CEST m=+10074.996072207,0
2023-06-27 21:56:51.504917665 +0200 CEST m=+10074.996088988,0
2023-06-27 21:56:51.504931043 +0200 CEST m=+10074.996102366,0
2023-06-27 21:56:51.504944807 +0200 CEST m=+10074.996116130,0
2023-06-27 21:56:51.504953325 +0200 CEST m=+10074.996124649,0
2023-06-27 21:56:51.50496019 +0200 CEST m=+10074.996131512,0
2023-06-27 21:56:51.504969554 +0200 CEST m=+10074.996140877,0
2023-06-27 21:56:51.504979699 +0200 CEST m=+10074.996151021,0
2023-06-27 21:56:51.504990817 +0200 CEST m=+10074.996162140,0
2023-06-27 21:56:51.505013818 +0200 CEST m=+10074.996185148,0
2023-06-27 21:56:51.505038972 +0200 CEST m=+10074.996210300,0
2023-06-27 21:56:51.505064262 +0200 CEST m=+10074.996235589,0
2023-06-27 21:56:51.505862312 +0200 CEST m=+10074.997033633,0
2023-06-27 21:56:51.506069986 +0200 CEST m=+10074.997241307,0
2023-06-27 21:56:51.5062237 +0200 CEST m=+10074.997395020,0
2023-06-27 21:56:51.520749717 +0200 CEST m=+10075.011921042,0
2023-06-27 21:56:51.520760983 +0200 CEST m=+10075.011932305,0
2023-06-27 21:56:51.520774459 +0200 CEST m=+10075.011945783,0
2023-06-27 21:56:51.5207856 +0200 CEST m=+10075.011956921,0
2023-06-27 21:56:51.520797826 +0200 CEST m=+10075.011969153,0
2023-06-27 21:56:51.520809341 +0200 CEST m=+10075.011980661,0
2023-06-27 21:56:51.52082082 +0200 CEST m=+10075.011992141,0
2023-06-27 21:56:51.520832347 +0200 CEST m=+10075.012003667,0
2023-06-27 21:56:51.520845734 +0200 CEST m=+10075.012017055,0
2023-06-27 21:56:51.520857059 +0200 CEST m=+10075.012028382,0
2023-06-27 21:56:51.52086953 +0200 CEST m=+10075.012040852,0
2023-06-27 21:56:51.520881572 +0200 CEST m=+10075.012052893,0
2023-06-27 21:56:51.520893585 +0200 CEST m=+10075.012064906,0
2023-06-27 21:56:51.520970228 +0200 CEST m=+10075.012141548,0
2023-06-27 21:56:51.521148479 +0200 CEST m=+10075.012319805,0
2023-06-27 21:56:51.521323473 +0200 CEST m=+10075.012494796,0
2023-06-27 21:56:51.536880146 +0200 CEST m=+10075.028051466,0
2023-06-27 21:56:51.536898732 +0200 CEST m=+10075.028070052,0
2023-06-27 21:56:51.536968639 +0200 CEST m=+10075.028139961,0
2023-06-27 21:56:51.537014599 +0200 CEST m=+10075.028185919,0
2023-06-27 21:56:51.53702228 +0200 CEST m=+10075.028193601,0
2023-06-27 21:56:51.537045235 +0200 CEST m=+10075.028216555,0
2023-06-27 21:56:51.537051596 +0200 CEST m=+10075.028222916,0
2023-06-27 21:56:51.537058938 +0200 CEST m=+10075.028230257,0
2023-06-27 21:56:51.537084043 +0200 CEST m=+10075.028255363,0
2023-06-27 21:56:51.537090171 +0200 CEST m=+10075.028261491,0
2023-06-27 21:56:51.537111741 +0200 CEST m=+10075.028283061,0
2023-06-27 21:56:51.537132192 +0200 CEST m=+10075.028303511,0
2023-06-27 21:56:51.537149855 +0200 CEST m=+10075.028321174,0
2023-06-27 21:56:51.537381765 +0200 CEST m=+10075.028553088,0
2023-06-27 21:56:51.537582019 +0200 CEST m=+10075.028753341,0
2023-06-27 21:56:51.537835517 +0200 CEST m=+10075.029006843,0
2023-06-27 21:56:51.552755491 +0200 CEST m=+10075.043926812,0
2023-06-27 21:56:51.552768965 +0200 CEST m=+10075.043940286,0
2023-06-27 21:56:51.552782566 +0200 CEST m=+10075.043953887,0
2023-06-27 21:56:51.552789821 +0200 CEST m=+10075.043961142,0
2023-06-27 21:56:51.552796307 +0200 CEST m=+10075.043967629,0
2023-06-27 21:56:51.552805505 +0200 CEST m=+10075.043976826,0
2023-06-27 21:56:51.55281389 +0200 CEST m=+10075.043985211,0
2023-06-27 21:56:51.552822897 +0200 CEST m=+10075.043994218,0
2023-06-27 21:56:51.552831108 +0200 CEST m=+10075.044002429,0
2023-06-27 21:56:51.552843428 +0200 CEST m=+10075.044014758,0
2023-06-27 21:56:51.5528602 +0200 CEST m=+10075.044031526,0
2023-06-27 21:56:51.552873983 +0200 CEST m=+10075.044045309,0
2023-06-27 21:56:51.552890756 +0200 CEST m=+10075.044062082,0
2023-06-27 21:56:51.553037975 +0200 CEST m=+10075.044209305,0
2023-06-27 21:56:51.553210849 +0200 CEST m=+10075.044382174,0
2023-06-27 21:56:51.553414475 +0200 CEST m=+10075.044585808,0
2023-06-27 21:56:51.568756814 +0200 CEST m=+10075.059928143,0
2023-06-27 21:56:51.568771896 +0200 CEST m=+10075.059943219,0
2023-06-27 21:56:51.568785856 +0200 CEST m=+10075.059957191,0
2023-06-27 21:56:51.56880782 +0200 CEST m=+10075.059979148,0
2023-06-27 21:56:51.568821732 +0200 CEST m=+10075.059993059,0
2023-06-27 21:56:51.56883583 +0200 CEST m=+10075.060007157,0
2023-06-27 21:56:51.568853 +0200 CEST m=+10075.060024322,0
2023-06-27 21:56:51.568866262 +0200 CEST m=+10075.060037585,0
2023-06-27 21:56:51.568879761 +0200 CEST m=+10075.060051085,0
2023-06-27 21:56:51.568892689 +0200 CEST m=+10075.060064016,0
2023-06-27 21:56:51.568907659 +0200 CEST m=+10075.060078980,0
2023-06-27 21:56:51.568927559 +0200 CEST m=+10075.060098882,0
2023-06-27 21:56:51.568939623 +0200 CEST m=+10075.060110944,0
2023-06-27 21:56:51.568946307 +0200 CEST m=+10075.060117630,0
2023-06-27 21:56:51.569120545 +0200 CEST m=+10075.060291868,0
2023-06-27 21:56:51.584705577 +0200 CEST m=+10075.075876902,0
2023-06-27 21:56:51.584713901 +0200 CEST m=+10075.075885225,0
2023-06-27 21:56:51.584730696 +0200 CEST m=+10075.075902020,0
2023-06-27 21:56:51.584741671 +0200 CEST m=+10075.075912995,0
2023-06-27 21:56:51.584751907 +0200 CEST m=+10075.075923231,0
2023-06-27 21:56:51.584762733 +0200 CEST m=+10075.075934058,0
2023-06-27 21:56:51.584774646 +0200 CEST m=+10075.075945972,0
2023-06-27 21:56:51.584785531 +0200 CEST m=+10075.075956855,0
2023-06-27 21:56:51.5847985 +0200 CEST m=+10075.075969823,0
2023-06-27 21:56:51.584809269 +0200 CEST m=+10075.075980592,0
2023-06-27 21:56:51.58481925 +0200 CEST m=+10075.075990574,0
2023-06-27 21:56:51.584826665 +0200 CEST m=+10075.075997990,0
2023-06-27 21:56:51.584842709 +0200 CEST m=+10075.076014033,0
2023-06-27 21:56:51.584935113 +0200 CEST m=+10075.076106436,0
2023-06-27 21:56:51.585114574 +0200 CEST m=+10075.076285904,0
2023-06-27 21:56:51.58530288 +0200 CEST m=+10075.076474210,0
2023-06-27 21:56:51.600677687 +0200 CEST m=+10075.091849010,0
2023-06-27 21:56:51.600688764 +0200 CEST m=+10075.091860085,0
2023-06-27 21:56:51.600703378 +0200 CEST m=+10075.091874699,0
2023-06-27 21:56:51.600736722 +0200 CEST m=+10075.091908042,0
2023-06-27 21:56:51.600750969 +0200 CEST m=+10075.091922289,0
2023-06-27 21:56:51.60076098 +0200 CEST m=+10075.091932301,0
2023-06-27 21:56:51.600768848 +0200 CEST m=+10075.091940168,0
2023-06-27 21:56:51.600777421 +0200 CEST m=+10075.091948742,0
2023-06-27 21:56:51.600785506 +0200 CEST m=+10075.091956827,0
2023-06-27 21:56:51.600799619 +0200 CEST m=+10075.091970939,0
2023-06-27 21:56:51.600811293 +0200 CEST m=+10075.091982613,0
2023-06-27 21:56:51.60083804 +0200 CEST m=+10075.092009360,0
2023-06-27 21:56:51.600859665 +0200 CEST m=+10075.092030987,0
2023-06-27 21:56:51.600879465 +0200 CEST m=+10075.092050789,0
2023-06-27 21:56:51.601030223 +0200 CEST m=+10075.092201548,0
2023-06-27 21:56:51.601198919 +0200 CEST m=+10075.092370240,0
2023-06-27 21:56:51.61672235 +0200 CEST m=+10075.107893675,0
2023-06-27 21:56:51.61673522 +0200 CEST m=+10075.107906545,0
2023-06-27 21:56:51.616752774 +0200 CEST m=+10075.107924099,0
2023-06-27 21:56:51.616764878 +0200 CEST m=+10075.107936203,0
2023-06-27 21:56:51.616777771 +0200 CEST m=+10075.107949096,0
2023-06-27 21:56:51.616790933 +0200 CEST m=+10075.107962259,0
2023-06-27 21:56:51.616802888 +0200 CEST m=+10075.107974213,0
2023-06-27 21:56:51.616817042 +0200 CEST m=+10075.107988367,0
2023-06-27 21:56:51.616829518 +0200 CEST m=+10075.108000843,0
2023-06-27 21:56:51.616842178 +0200 CEST m=+10075.108013503,0
2023-06-27 21:56:51.616861791 +0200 CEST m=+10075.108033117,0
2023-06-27 21:56:51.616877836 +0200 CEST m=+10075.108049161,0
2023-06-27 21:56:51.616889755 +0200 CEST m=+10075.108061080,0
2023-06-27 21:56:51.616940134 +0200 CEST m=+10075.108111454,0
2023-06-27 21:56:51.617156068 +0200 CEST m=+10075.108327394,0
2023-06-27 21:56:51.617327569 +0200 CEST m=+10075.108498896,0
2023-06-27 21:56:51.632692041 +0200 CEST m=+10075.123863375,0
2023-06-27 21:56:51.632704643 +0200 CEST m=+10075.123875973,0
2023-06-27 21:56:51.632721357 +0200 CEST m=+10075.123892682,0
2023-06-27 21:56:51.632736426 +0200 CEST m=+10075.123907755,0
2023-06-27 21:56:51.63274868 +0200 CEST m=+10075.123920006,0
2023-06-27 21:56:51.632765912 +0200 CEST m=+10075.123937237,0
2023-06-27 21:56:51.632778645 +0200 CEST m=+10075.123949976,0
2023-06-27 21:56:51.632791404 +0200 CEST m=+10075.123962733,0
2023-06-27 21:56:51.632805315 +0200 CEST m=+10075.123976641,0
2023-06-27 21:56:51.632820255 +0200 CEST m=+10075.123991584,0
2023-06-27 21:56:51.632833097 +0200 CEST m=+10075.124004429,0
2023-06-27 21:56:51.632848043 +0200 CEST m=+10075.124019368,0
2023-06-27 21:56:51.63286031 +0200 CEST m=+10075.124031638,0
2023-06-27 21:56:51.632920427 +0200 CEST m=+10075.124091751,0
2023-06-27 21:56:51.633134775 +0200 CEST m=+10075.124306100,0
2023-06-27 21:56:51.633283113 +0200 CEST m=+10075.124454437,0
2023-06-27 21:56:51.648696998 +0200 CEST m=+10075.139868329,0
2023-06-27 21:56:51.648710805 +0200 CEST m=+10075.139882135,0
2023-06-27 21:56:51.648727166 +0200 CEST m=+10075.139898496,0
2023-06-27 21:56:51.64874146 +0200 CEST m=+10075.139912791,0
2023-06-27 21:56:51.648758967 +0200 CEST m=+10075.139930299,0
2023-06-27 21:56:51.648773445 +0200 CEST m=+10075.139944775,0
2023-06-27 21:56:51.648786146 +0200 CEST m=+10075.139957472,0
2023-06-27 21:56:51.64879903 +0200 CEST m=+10075.139970358,0
2023-06-27 21:56:51.648813054 +0200 CEST m=+10075.139984386,0
2023-06-27 21:56:51.648825865 +0200 CEST m=+10075.139997193,0
2023-06-27 21:56:51.648839756 +0200 CEST m=+10075.140011087,0
2023-06-27 21:56:51.648853204 +0200 CEST m=+10075.140024535,0
2023-06-27 21:56:51.648866564 +0200 CEST m=+10075.140037892,0
2023-06-27 21:56:51.64888066 +0200 CEST m=+10075.140051989,0
2023-06-27 21:56:51.648961695 +0200 CEST m=+10075.140133020,0
2023-06-27 21:56:51.64915075 +0200 CEST m=+10075.140322072,0
2023-06-27 21:56:51.664759318 +0200 CEST m=+10075.155930644,0
2023-06-27 21:56:51.664807271 +0200 CEST m=+10075.155978596,0
2023-06-27 21:56:51.66483546 +0200 CEST m=+10075.156006787,0
2023-06-27 21:56:51.664849048 +0200 CEST m=+10075.156020375,0
2023-06-27 21:56:51.664863156 +0200 CEST m=+10075.156034483,0
2023-06-27 21:56:51.66487571 +0200 CEST m=+10075.156047041,0
2023-06-27 21:56:51.664897368 +0200 CEST m=+10075.156068696,0
2023-06-27 21:56:51.664928521 +0200 CEST m=+10075.156099847,0
2023-06-27 21:56:51.664942258 +0200 CEST m=+10075.156113584,0
2023-06-27 21:56:51.664955803 +0200 CEST m=+10075.156127131,0
2023-06-27 21:56:51.664973544 +0200 CEST m=+10075.156144870,0
2023-06-27 21:56:51.66498844 +0200 CEST m=+10075.156159766,0
2023-06-27 21:56:51.665005678 +0200 CEST m=+10075.156177004,0
2023-06-27 21:56:51.665203092 +0200 CEST m=+10075.156374417,0
2023-06-27 21:56:51.665317009 +0200 CEST m=+10075.156488331,0
2023-06-27 21:56:51.665474698 +0200 CEST m=+10075.156646030,0
2023-06-27 21:56:51.68074542 +0200 CEST m=+10075.171916741,0
2023-06-27 21:56:51.68075957 +0200 CEST m=+10075.171930892,0
2023-06-27 21:56:51.680768007 +0200 CEST m=+10075.171939327,0
2023-06-27 21:56:51.680774737 +0200 CEST m=+10075.171946058,0
2023-06-27 21:56:51.680782441 +0200 CEST m=+10075.171953761,0
2023-06-27 21:56:51.680790209 +0200 CEST m=+10075.171961538,0
2023-06-27 21:56:51.680800089 +0200 CEST m=+10075.171971411,0
2023-06-27 21:56:51.680810146 +0200 CEST m=+10075.171981467,0
2023-06-27 21:56:51.680816986 +0200 CEST m=+10075.171988308,0
2023-06-27 21:56:51.680824107 +0200 CEST m=+10075.171995427,0
2023-06-27 21:56:51.680832035 +0200 CEST m=+10075.172003356,0
2023-06-27 21:56:51.680839924 +0200 CEST m=+10075.172011244,0
2023-06-27 21:56:51.680846826 +0200 CEST m=+10075.172018147,0
2023-06-27 21:56:51.681075104 +0200 CEST m=+10075.172246425,0
2023-06-27 21:56:51.681269045 +0200 CEST m=+10075.172440371,0
2023-06-27 21:56:51.681473688 +0200 CEST m=+10075.172645022,0
2023-06-27 21:56:51.696765232 +0200 CEST m=+10075.187936577,0
2023-06-27 21:56:51.696782763 +0200 CEST m=+10075.187954106,0
2023-06-27 21:56:51.696801785 +0200 CEST m=+10075.187973128,0
2023-06-27 21:56:51.696818728 +0200 CEST m=+10075.187990074,0
2023-06-27 21:56:51.696837057 +0200 CEST m=+10075.188008398,0
2023-06-27 21:56:51.696855871 +0200 CEST m=+10075.188027215,0
2023-06-27 21:56:51.696877839 +0200 CEST m=+10075.188049183,0
2023-06-27 21:56:51.696899172 +0200 CEST m=+10075.188070515,0
2023-06-27 21:56:51.696918813 +0200 CEST m=+10075.188090156,0
2023-06-27 21:56:51.696935906 +0200 CEST m=+10075.188107249,0
2023-06-27 21:56:51.696954892 +0200 CEST m=+10075.188126237,0
2023-06-27 21:56:51.696973324 +0200 CEST m=+10075.188144668,0
2023-06-27 21:56:51.69699101 +0200 CEST m=+10075.188162353,0
2023-06-27 21:56:51.697238674 +0200 CEST m=+10075.188410047,0
2023-06-27 21:56:51.697545685 +0200 CEST m=+10075.188717015,0
2023-06-27 21:56:51.697705937 +0200 CEST m=+10075.188877257,0
2023-06-27 21:56:51.712886404 +0200 CEST m=+10075.204057724,0
2023-06-27 21:56:51.71291829 +0200 CEST m=+10075.204089611,0
2023-06-27 21:56:51.712946579 +0200 CEST m=+10075.204117901,0
2023-06-27 21:56:51.712965017 +0200 CEST m=+10075.204136338,0
2023-06-27 21:56:51.712985765 +0200 CEST m=+10075.204157091,0
2023-06-27 21:56:51.713014577 +0200 CEST m=+10075.204185899,0
2023-06-27 21:56:51.713066493 +0200 CEST m=+10075.204237816,0
2023-06-27 21:56:51.713077476 +0200 CEST m=+10075.204248797,0
2023-06-27 21:56:51.713096274 +0200 CEST m=+10075.204267596,0
2023-06-27 21:56:51.713112185 +0200 CEST m=+10075.204283507,0
2023-06-27 21:56:51.713127116 +0200 CEST m=+10075.204298438,0
2023-06-27 21:56:51.7131413 +0200 CEST m=+10075.204312623,0
2023-06-27 21:56:51.713168825 +0200 CEST m=+10075.204340154,0
2023-06-27 21:56:51.713255361 +0200 CEST m=+10075.204426693,0
2023-06-27 21:56:51.713628818 +0200 CEST m=+10075.204800162,0
2023-06-27 21:56:51.713999515 +0200 CEST m=+10075.205170853,0
2023-06-27 21:56:51.728713674 +0200 CEST m=+10075.219884999,0
2023-06-27 21:56:51.728813045 +0200 CEST m=+10075.219984372,0
2023-06-27 21:56:51.728824977 +0200 CEST m=+10075.219996303,0
2023-06-27 21:56:51.728834366 +0200 CEST m=+10075.220005692,0
2023-06-27 21:56:51.728845057 +0200 CEST m=+10075.220016384,0
2023-06-27 21:56:51.728856709 +0200 CEST m=+10075.220028036,0
2023-06-27 21:56:51.728866853 +0200 CEST m=+10075.220038179,0
2023-06-27 21:56:51.728879229 +0200 CEST m=+10075.220050555,0
2023-06-27 21:56:51.728888045 +0200 CEST m=+10075.220059372,0
2023-06-27 21:56:51.728898919 +0200 CEST m=+10075.220070246,0
2023-06-27 21:56:51.728908238 +0200 CEST m=+10075.220079564,0
2023-06-27 21:56:51.728916869 +0200 CEST m=+10075.220088196,0
2023-06-27 21:56:51.728926048 +0200 CEST m=+10075.220097376,0
2023-06-27 21:56:51.728978565 +0200 CEST m=+10075.220149892,0
2023-06-27 21:56:51.729183964 +0200 CEST m=+10075.220355290,0
2023-06-27 21:56:51.729434174 +0200 CEST m=+10075.220605512,0
2023-06-27 21:56:51.744726564 +0200 CEST m=+10075.235897891,0
2023-06-27 21:56:51.744751286 +0200 CEST m=+10075.235922615,0
2023-06-27 21:56:51.74477151 +0200 CEST m=+10075.235942845,0
2023-06-27 21:56:51.744791366 +0200 CEST m=+10075.235962693,0
2023-06-27 21:56:51.744813141 +0200 CEST m=+10075.235984476,0
2023-06-27 21:56:51.74483199 +0200 CEST m=+10075.236003316,0
2023-06-27 21:56:51.744851351 +0200 CEST m=+10075.236022683,0
2023-06-27 21:56:51.744871744 +0200 CEST m=+10075.236043075,0
2023-06-27 21:56:51.744884387 +0200 CEST m=+10075.236055718,0
2023-06-27 21:56:51.744900557 +0200 CEST m=+10075.236071883,0
2023-06-27 21:56:51.744917117 +0200 CEST m=+10075.236088450,0
2023-06-27 21:56:51.744959068 +0200 CEST m=+10075.236130395,0
2023-06-27 21:56:51.744977853 +0200 CEST m=+10075.236149187,0
2023-06-27 21:56:51.745063065 +0200 CEST m=+10075.236234397,0
2023-06-27 21:56:51.745240472 +0200 CEST m=+10075.236411799,0
2023-06-27 21:56:51.745476941 +0200 CEST m=+10075.236648273,0
2023-06-27 21:56:51.760692045 +0200 CEST m=+10075.251863373,0
2023-06-27 21:56:51.760755276 +0200 CEST m=+10075.251926602,0
2023-06-27 21:56:51.760764606 +0200 CEST m=+10075.251935932,0
2023-06-27 21:56:51.760775756 +0200 CEST m=+10075.251947083,0
2023-06-27 21:56:51.760785174 +0200 CEST m=+10075.251956501,0
2023-06-27 21:56:51.76079395 +0200 CEST m=+10075.251965276,0
2023-06-27 21:56:51.760803018 +0200 CEST m=+10075.251974345,0
2023-06-27 21:56:51.760811887 +0200 CEST m=+10075.251983213,0
2023-06-27 21:56:51.76082039 +0200 CEST m=+10075.251991716,0
2023-06-27 21:56:51.760830888 +0200 CEST m=+10075.252002216,0
2023-06-27 21:56:51.760841263 +0200 CEST m=+10075.252012590,0
2023-06-27 21:56:51.760850908 +0200 CEST m=+10075.252022235,0
2023-06-27 21:56:51.760861618 +0200 CEST m=+10075.252032945,0
2023-06-27 21:56:51.760899245 +0200 CEST m=+10075.252070571,0
2023-06-27 21:56:51.761160927 +0200 CEST m=+10075.252332259,0
2023-06-27 21:56:51.761427636 +0200 CEST m=+10075.252598962,0
2023-06-27 21:56:51.776822928 +0200 CEST m=+10075.267994256,0
2023-06-27 21:56:51.77683844 +0200 CEST m=+10075.268009767,0
2023-06-27 21:56:51.776848462 +0200 CEST m=+10075.268019792,0
2023-06-27 21:56:51.776861111 +0200 CEST m=+10075.268032441,0
2023-06-27 21:56:51.776871742 +0200 CEST m=+10075.268043072,0
2023-06-27 21:56:51.776885613 +0200 CEST m=+10075.268056942,0
2023-06-27 21:56:51.776896461 +0200 CEST m=+10075.268067791,0
2023-06-27 21:56:51.77690702 +0200 CEST m=+10075.268078350,0
2023-06-27 21:56:51.776916617 +0200 CEST m=+10075.268087946,0
2023-06-27 21:56:51.776927628 +0200 CEST m=+10075.268098959,0
2023-06-27 21:56:51.776944264 +0200 CEST m=+10075.268115594,0
2023-06-27 21:56:51.776953994 +0200 CEST m=+10075.268125324,0
2023-06-27 21:56:51.7769643 +0200 CEST m=+10075.268135628,0
2023-06-27 21:56:51.776974655 +0200 CEST m=+10075.268145984,0
2023-06-27 21:56:51.777179743 +0200 CEST m=+10075.268351078,0
2023-06-27 21:56:51.792672198 +0200 CEST m=+10075.283843526,0
2023-06-27 21:56:51.792694255 +0200 CEST m=+10075.283865579,0
2023-06-27 21:56:51.79271025 +0200 CEST m=+10075.283881580,0
2023-06-27 21:56:51.792810127 +0200 CEST m=+10075.283981455,0
2023-06-27 21:56:51.792824508 +0200 CEST m=+10075.283995837,0
2023-06-27 21:56:51.792847697 +0200 CEST m=+10075.284019027,0
2023-06-27 21:56:51.792869741 +0200 CEST m=+10075.284041069,0
2023-06-27 21:56:51.792891595 +0200 CEST m=+10075.284062923,0
2023-06-27 21:56:51.792906095 +0200 CEST m=+10075.284077423,0
2023-06-27 21:56:51.792924838 +0200 CEST m=+10075.284096161,0
2023-06-27 21:56:51.792937605 +0200 CEST m=+10075.284108929,0
2023-06-27 21:56:51.792951919 +0200 CEST m=+10075.284123248,0
2023-06-27 21:56:51.792965288 +0200 CEST m=+10075.284136612,0
2023-06-27 21:56:51.792979665 +0200 CEST m=+10075.284150989,0
2023-06-27 21:56:51.793040539 +0200 CEST m=+10075.284211868,0
2023-06-27 21:56:51.793289118 +0200 CEST m=+10075.284460445,0
2023-06-27 21:56:51.808948945 +0200 CEST m=+10075.300120265,0
2023-06-27 21:56:51.808983585 +0200 CEST m=+10075.300154905,0
2023-06-27 21:56:51.809004644 +0200 CEST m=+10075.300175964,0
2023-06-27 21:56:51.809023681 +0200 CEST m=+10075.300195007,0
2023-06-27 21:56:51.809085231 +0200 CEST m=+10075.300256551,0
2023-06-27 21:56:51.809100036 +0200 CEST m=+10075.300271356,0
2023-06-27 21:56:51.809117255 +0200 CEST m=+10075.300288575,0
2023-06-27 21:56:51.809134419 +0200 CEST m=+10075.300305739,0
2023-06-27 21:56:51.809144025 +0200 CEST m=+10075.300315345,0
2023-06-27 21:56:51.809163539 +0200 CEST m=+10075.300334860,0
2023-06-27 21:56:51.809208741 +0200 CEST m=+10075.300380061,0
2023-06-27 21:56:51.809226075 +0200 CEST m=+10075.300397396,0
2023-06-27 21:56:51.809266333 +0200 CEST m=+10075.300437653,0
2023-06-27 21:56:51.809277956 +0200 CEST m=+10075.300449277,0
2023-06-27 21:56:51.80950535 +0200 CEST m=+10075.300676678,0
2023-06-27 21:56:51.809767215 +0200 CEST m=+10075.300938542,0
2023-06-27 21:56:51.824726221 +0200 CEST m=+10075.315897543,0
2023-06-27 21:56:51.82473711 +0200 CEST m=+10075.315908431,0
2023-06-27 21:56:51.824750874 +0200 CEST m=+10075.315922194,0
2023-06-27 21:56:51.82476096 +0200 CEST m=+10075.315932280,0
2023-06-27 21:56:51.824771539 +0200 CEST m=+10075.315942866,0
2023-06-27 21:56:51.824783188 +0200 CEST m=+10075.315954510,0
2023-06-27 21:56:51.824807819 +0200 CEST m=+10075.315979139,0
2023-06-27 21:56:51.824829903 +0200 CEST m=+10075.316001224,0
2023-06-27 21:56:51.824842138 +0200 CEST m=+10075.316013457,0
2023-06-27 21:56:51.824850062 +0200 CEST m=+10075.316021382,0
2023-06-27 21:56:51.824859197 +0200 CEST m=+10075.316030518,0
2023-06-27 21:56:51.824871682 +0200 CEST m=+10075.316043003,0
2023-06-27 21:56:51.824884221 +0200 CEST m=+10075.316055553,0
2023-06-27 21:56:51.824951069 +0200 CEST m=+10075.316122390,0
2023-06-27 21:56:51.825202378 +0200 CEST m=+10075.316373708,0
2023-06-27 21:56:51.825354109 +0200 CEST m=+10075.316525434,0
2023-06-27 21:56:51.84069758 +0200 CEST m=+10075.331868981,0
2023-06-27 21:56:51.840710793 +0200 CEST m=+10075.331882118,0
2023-06-27 21:56:51.840721848 +0200 CEST m=+10075.331893169,0
2023-06-27 21:56:51.840737461 +0200 CEST m=+10075.331908956,0
2023-06-27 21:56:51.840760982 +0200 CEST m=+10075.331932309,0
2023-06-27 21:56:51.840793987 +0200 CEST m=+10075.331965311,0
2023-06-27 21:56:51.840807018 +0200 CEST m=+10075.331978343,0
2023-06-27 21:56:51.840825533 +0200 CEST m=+10075.331996859,0
2023-06-27 21:56:51.84085383 +0200 CEST m=+10075.332025154,0
2023-06-27 21:56:51.840867084 +0200 CEST m=+10075.332038407,0
2023-06-27 21:56:51.840879722 +0200 CEST m=+10075.332051048,0
2023-06-27 21:56:51.8408925 +0200 CEST m=+10075.332063822,0
2023-06-27 21:56:51.840905714 +0200 CEST m=+10075.332077039,0
2023-06-27 21:56:51.841030267 +0200 CEST m=+10075.332201592,0
2023-06-27 21:56:51.841260456 +0200 CEST m=+10075.332431779,0
2023-06-27 21:56:51.841433252 +0200 CEST m=+10075.332604575,0
2023-06-27 21:56:51.856692745 +0200 CEST m=+10075.347864064,0
2023-06-27 21:56:51.85669842 +0200 CEST m=+10075.347869739,0
2023-06-27 21:56:51.856791272 +0200 CEST m=+10075.347962601,0
2023-06-27 21:56:51.856807472 +0200 CEST m=+10075.347978796,0
2023-06-27 21:56:51.856844668 +0200 CEST m=+10075.348015997,0
2023-06-27 21:56:51.856857561 +0200 CEST m=+10075.348028887,0
2023-06-27 21:56:51.856890102 +0200 CEST m=+10075.348061435,0
2023-06-27 21:56:51.856905005 +0200 CEST m=+10075.348076332,0
2023-06-27 21:56:51.856919474 +0200 CEST m=+10075.348090802,0
2023-06-27 21:56:51.856941782 +0200 CEST m=+10075.348113106,0
2023-06-27 21:56:51.856964876 +0200 CEST m=+10075.348136200,0
2023-06-27 21:56:51.85698034 +0200 CEST m=+10075.348151664,0
2023-06-27 21:56:51.856995376 +0200 CEST m=+10075.348166707,0
2023-06-27 21:56:51.857019999 +0200 CEST m=+10075.348191324,0
2023-06-27 21:56:51.857156035 +0200 CEST m=+10075.348327361,0
2023-06-27 21:56:51.857354993 +0200 CEST m=+10075.348526317,0
2023-06-27 21:56:51.872752108 +0200 CEST m=+10075.363923428,0
2023-06-27 21:56:51.872759592 +0200 CEST m=+10075.363930912,0
2023-06-27 21:56:51.872765548 +0200 CEST m=+10075.363936867,0
2023-06-27 21:56:51.872772036 +0200 CEST m=+10075.363943356,0
2023-06-27 21:56:51.872778548 +0200 CEST m=+10075.363949868,0
2023-06-27 21:56:51.872787112 +0200 CEST m=+10075.363958432,0
2023-06-27 21:56:51.872794627 +0200 CEST m=+10075.363965947,0
2023-06-27 21:56:51.87280148 +0200 CEST m=+10075.363972800,0
2023-06-27 21:56:51.87280734 +0200 CEST m=+10075.363978661,0
2023-06-27 21:56:51.872813576 +0200 CEST m=+10075.363984896,0
2023-06-27 21:56:51.872819579 +0200 CEST m=+10075.363990899,0
2023-06-27 21:56:51.872825409 +0200 CEST m=+10075.363996730,0
2023-06-27 21:56:51.872832799 +0200 CEST m=+10075.364004119,0
2023-06-27 21:56:51.872975284 +0200 CEST m=+10075.364146604,0
2023-06-27 21:56:51.873186145 +0200 CEST m=+10075.364357471,0
2023-06-27 21:56:51.873396908 +0200 CEST m=+10075.364568237,0
2023-06-27 21:56:51.888720567 +0200 CEST m=+10075.379891891,0
2023-06-27 21:56:51.888732744 +0200 CEST m=+10075.379904071,0
2023-06-27 21:56:51.888749531 +0200 CEST m=+10075.379920859,0
2023-06-27 21:56:51.888761516 +0200 CEST m=+10075.379932842,0
2023-06-27 21:56:51.888772527 +0200 CEST m=+10075.379943855,0
2023-06-27 21:56:51.888787911 +0200 CEST m=+10075.379959240,0
2023-06-27 21:56:51.88879975 +0200 CEST m=+10075.379971078,0
2023-06-27 21:56:51.888813854 +0200 CEST m=+10075.379985179,0
2023-06-27 21:56:51.888826752 +0200 CEST m=+10075.379998083,0
2023-06-27 21:56:51.888838096 +0200 CEST m=+10075.380009428,0
2023-06-27 21:56:51.888850164 +0200 CEST m=+10075.380021494,0
2023-06-27 21:56:51.888864095 +0200 CEST m=+10075.380035423,0
2023-06-27 21:56:51.88887684 +0200 CEST m=+10075.380048165,0
2023-06-27 21:56:51.888932257 +0200 CEST m=+10075.380103582,0
2023-06-27 21:56:51.889120133 +0200 CEST m=+10075.380291457,0
2023-06-27 21:56:51.889307595 +0200 CEST m=+10075.380478919,0
2023-06-27 21:56:51.904732905 +0200 CEST m=+10075.395904226,0
2023-06-27 21:56:51.904755466 +0200 CEST m=+10075.395926800,0
2023-06-27 21:56:51.904837087 +0200 CEST m=+10075.396008417,0
2023-06-27 21:56:51.904851622 +0200 CEST m=+10075.396022952,0
2023-06-27 21:56:51.904865895 +0200 CEST m=+10075.396037226,0
2023-06-27 21:56:51.904880438 +0200 CEST m=+10075.396051771,0
2023-06-27 21:56:51.904894723 +0200 CEST m=+10075.396066055,0
2023-06-27 21:56:51.904911052 +0200 CEST m=+10075.396082384,0
2023-06-27 21:56:51.904924904 +0200 CEST m=+10075.396096236,0
2023-06-27 21:56:51.904938313 +0200 CEST m=+10075.396109645,0
2023-06-27 21:56:51.904953109 +0200 CEST m=+10075.396124442,0
2023-06-27 21:56:51.90496754 +0200 CEST m=+10075.396138870,0
2023-06-27 21:56:51.904984708 +0200 CEST m=+10075.396156041,0
2023-06-27 21:56:51.905232832 +0200 CEST m=+10075.396404163,0
2023-06-27 21:56:51.905466515 +0200 CEST m=+10075.396637841,0
2023-06-27 21:56:51.90560721 +0200 CEST m=+10075.396778533,0
2023-06-27 21:56:51.920742746 +0200 CEST m=+10075.411914070,0
2023-06-27 21:56:51.92075438 +0200 CEST m=+10075.411925703,0
2023-06-27 21:56:51.920771048 +0200 CEST m=+10075.411942372,0
2023-06-27 21:56:51.920780127 +0200 CEST m=+10075.411951451,0
2023-06-27 21:56:51.920787605 +0200 CEST m=+10075.411958929,0
2023-06-27 21:56:51.920795367 +0200 CEST m=+10075.411966692,0
2023-06-27 21:56:51.920804579 +0200 CEST m=+10075.411975903,0
2023-06-27 21:56:51.92081284 +0200 CEST m=+10075.411984165,0
2023-06-27 21:56:51.920821254 +0200 CEST m=+10075.411992578,0
2023-06-27 21:56:51.920828762 +0200 CEST m=+10075.412000085,0
2023-06-27 21:56:51.920837181 +0200 CEST m=+10075.412008506,0
2023-06-27 21:56:51.920844584 +0200 CEST m=+10075.412015908,0
2023-06-27 21:56:51.920851898 +0200 CEST m=+10075.412023222,0
2023-06-27 21:56:51.920936231 +0200 CEST m=+10075.412107554,0
2023-06-27 21:56:51.921204113 +0200 CEST m=+10075.412375441,0
2023-06-27 21:56:51.921444024 +0200 CEST m=+10075.412615352,0
2023-06-27 21:56:51.936720539 +0200 CEST m=+10075.427891876,0
2023-06-27 21:56:51.936744967 +0200 CEST m=+10075.427916303,0
2023-06-27 21:56:51.936764882 +0200 CEST m=+10075.427936219,0
2023-06-27 21:56:51.936784107 +0200 CEST m=+10075.427955443,0
2023-06-27 21:56:51.936800314 +0200 CEST m=+10075.427971654,0
2023-06-27 21:56:51.936816531 +0200 CEST m=+10075.427987868,0
2023-06-27 21:56:51.936833485 +0200 CEST m=+10075.428004823,0
2023-06-27 21:56:51.936849924 +0200 CEST m=+10075.428021263,0
2023-06-27 21:56:51.93686873 +0200 CEST m=+10075.428040066,0
2023-06-27 21:56:51.93688645 +0200 CEST m=+10075.428057786,0
2023-06-27 21:56:51.936906214 +0200 CEST m=+10075.428077551,0
2023-06-27 21:56:51.936922464 +0200 CEST m=+10075.428093795,0
2023-06-27 21:56:51.936940909 +0200 CEST m=+10075.428112248,0
2023-06-27 21:56:51.936957116 +0200 CEST m=+10075.428128454,0
2023-06-27 21:56:51.93719822 +0200 CEST m=+10075.428369551,0
2023-06-27 21:56:51.937434646 +0200 CEST m=+10075.428605983,0
2023-06-27 21:56:51.952701409 +0200 CEST m=+10075.443872731,0
2023-06-27 21:56:51.952717197 +0200 CEST m=+10075.443888520,0
2023-06-27 21:56:51.952737374 +0200 CEST m=+10075.443908696,0
2023-06-27 21:56:51.952754507 +0200 CEST m=+10075.443925837,0
2023-06-27 21:56:51.952772256 +0200 CEST m=+10075.443943579,0
2023-06-27 21:56:51.952790274 +0200 CEST m=+10075.443961602,0
2023-06-27 21:56:51.952806267 +0200 CEST m=+10075.443977592,0
2023-06-27 21:56:51.95282291 +0200 CEST m=+10075.443994233,0
2023-06-27 21:56:51.95283822 +0200 CEST m=+10075.444009542,0
2023-06-27 21:56:51.95285359 +0200 CEST m=+10075.444024912,0
2023-06-27 21:56:51.952870353 +0200 CEST m=+10075.444041676,0
2023-06-27 21:56:51.952888491 +0200 CEST m=+10075.444059814,0
2023-06-27 21:56:51.952906124 +0200 CEST m=+10075.444077445,0
2023-06-27 21:56:51.953003314 +0200 CEST m=+10075.444174639,0
2023-06-27 21:56:51.953234646 +0200 CEST m=+10075.444405967,0
2023-06-27 21:56:51.953427019 +0200 CEST m=+10075.444598346,0
2023-06-27 21:56:51.968677222 +0200 CEST m=+10075.459848541,0
2023-06-27 21:56:51.968683275 +0200 CEST m=+10075.459854594,0
2023-06-27 21:56:51.968712359 +0200 CEST m=+10075.459883683,0
2023-06-27 21:56:51.968726059 +0200 CEST m=+10075.459897383,0
2023-06-27 21:56:51.96873774 +0200 CEST m=+10075.459909064,0
2023-06-27 21:56:51.96874935 +0200 CEST m=+10075.459920674,0
2023-06-27 21:56:51.968768709 +0200 CEST m=+10075.459940034,0
2023-06-27 21:56:51.968783896 +0200 CEST m=+10075.459955220,0
2023-06-27 21:56:51.968795435 +0200 CEST m=+10075.459966759,0
2023-06-27 21:56:51.968808267 +0200 CEST m=+10075.459979592,0
2023-06-27 21:56:51.96882122 +0200 CEST m=+10075.459992545,0
2023-06-27 21:56:51.968832639 +0200 CEST m=+10075.460003963,0
2023-06-27 21:56:51.968845657 +0200 CEST m=+10075.460016982,0
2023-06-27 21:56:51.968889339 +0200 CEST m=+10075.460060663,0
2023-06-27 21:56:51.969069687 +0200 CEST m=+10075.460241020,0
2023-06-27 21:56:51.969226712 +0200 CEST m=+10075.460398037,0
2023-06-27 21:56:51.984722882 +0200 CEST m=+10075.475894210,0
2023-06-27 21:56:51.984739797 +0200 CEST m=+10075.475911132,0
2023-06-27 21:56:51.984809954 +0200 CEST m=+10075.475981282,0
2023-06-27 21:56:51.984827154 +0200 CEST m=+10075.475998483,0
2023-06-27 21:56:51.984841746 +0200 CEST m=+10075.476013074,0
2023-06-27 21:56:51.984859028 +0200 CEST m=+10075.476030359,0
2023-06-27 21:56:51.984879502 +0200 CEST m=+10075.476050831,0
2023-06-27 21:56:51.984901729 +0200 CEST m=+10075.476073057,0
2023-06-27 21:56:51.984923006 +0200 CEST m=+10075.476094332,0
2023-06-27 21:56:51.984940529 +0200 CEST m=+10075.476111861,0
2023-06-27 21:56:51.984960622 +0200 CEST m=+10075.476131952,0
2023-06-27 21:56:51.984980957 +0200 CEST m=+10075.476152288,0
2023-06-27 21:56:51.984997817 +0200 CEST m=+10075.476169150,0
2023-06-27 21:56:51.985013136 +0200 CEST m=+10075.476184463,0
2023-06-27 21:56:51.985123615 +0200 CEST m=+10075.476294945,0
2023-06-27 21:56:51.985341383 +0200 CEST m=+10075.476512705,0
2023-06-27 21:56:52.000732354 +0200 CEST m=+10075.491903674,0
2023-06-27 21:56:52.000747008 +0200 CEST m=+10075.491918329,0
2023-06-27 21:56:52.000762568 +0200 CEST m=+10075.491933893,0
2023-06-27 21:56:52.00077767 +0200 CEST m=+10075.491948991,0
2023-06-27 21:56:52.000788633 +0200 CEST m=+10075.491959954,0
2023-06-27 21:56:52.000799466 +0200 CEST m=+10075.491970789,0
2023-06-27 21:56:52.00081233 +0200 CEST m=+10075.491983652,0
2023-06-27 21:56:52.000823485 +0200 CEST m=+10075.491994809,0
2023-06-27 21:56:52.00084211 +0200 CEST m=+10075.492013433,0
2023-06-27 21:56:52.000855188 +0200 CEST m=+10075.492026509,0
2023-06-27 21:56:52.000872705 +0200 CEST m=+10075.492044030,0
2023-06-27 21:56:52.000886323 +0200 CEST m=+10075.492057644,0
2023-06-27 21:56:52.000898657 +0200 CEST m=+10075.492069980,0
2023-06-27 21:56:52.00101161 +0200 CEST m=+10075.492182932,0
2023-06-27 21:56:52.001187433 +0200 CEST m=+10075.492358755,0
2023-06-27 21:56:52.016683666 +0200 CEST m=+10075.507854993,0
2023-06-27 21:56:52.016700898 +0200 CEST m=+10075.507872225,0
2023-06-27 21:56:52.01671584 +0200 CEST m=+10075.507887168,0
2023-06-27 21:56:52.016729864 +0200 CEST m=+10075.507901192,0
2023-06-27 21:56:52.016743756 +0200 CEST m=+10075.507915085,0
2023-06-27 21:56:52.016758238 +0200 CEST m=+10075.507929565,0
2023-06-27 21:56:52.016773411 +0200 CEST m=+10075.507944739,0
2023-06-27 21:56:52.016790349 +0200 CEST m=+10075.507961678,0
2023-06-27 21:56:52.016809757 +0200 CEST m=+10075.507981085,0
2023-06-27 21:56:52.016825294 +0200 CEST m=+10075.507996622,0
2023-06-27 21:56:52.016840537 +0200 CEST m=+10075.508011865,0
2023-06-27 21:56:52.016854476 +0200 CEST m=+10075.508025804,0
2023-06-27 21:56:52.016868605 +0200 CEST m=+10075.508039932,0
2023-06-27 21:56:52.016938306 +0200 CEST m=+10075.508109636,0
2023-06-27 21:56:52.017179253 +0200 CEST m=+10075.508350576,0
2023-06-27 21:56:52.017362121 +0200 CEST m=+10075.508533445,0
2023-06-27 21:56:52.032735343 +0200 CEST m=+10075.523906670,0
2023-06-27 21:56:52.032748901 +0200 CEST m=+10075.523920224,0
2023-06-27 21:56:52.032766472 +0200 CEST m=+10075.523937793,0
2023-06-27 21:56:52.032783558 +0200 CEST m=+10075.523954879,0
2023-06-27 21:56:52.032816402 +0200 CEST m=+10075.523987724,0
2023-06-27 21:56:52.032828415 +0200 CEST m=+10075.523999735,0
2023-06-27 21:56:52.032839004 +0200 CEST m=+10075.524010325,0
2023-06-27 21:56:52.032853321 +0200 CEST m=+10075.524024641,0
2023-06-27 21:56:52.032865879 +0200 CEST m=+10075.524037201,0
2023-06-27 21:56:52.032887189 +0200 CEST m=+10075.524058509,0
2023-06-27 21:56:52.03290412 +0200 CEST m=+10075.524075440,0
2023-06-27 21:56:52.032915061 +0200 CEST m=+10075.524086384,0
2023-06-27 21:56:52.032925287 +0200 CEST m=+10075.524096608,0
2023-06-27 21:56:52.032967766 +0200 CEST m=+10075.524139095,0
2023-06-27 21:56:52.033200139 +0200 CEST m=+10075.524371463,0
2023-06-27 21:56:52.033572644 +0200 CEST m=+10075.524743988,0
2023-06-27 21:56:52.048737584 +0200 CEST m=+10075.539908910,0
2023-06-27 21:56:52.048825466 +0200 CEST m=+10075.539996801,0
2023-06-27 21:56:52.048877795 +0200 CEST m=+10075.540049120,0
2023-06-27 21:56:52.048885922 +0200 CEST m=+10075.540057246,0
2023-06-27 21:56:52.048896182 +0200 CEST m=+10075.540067506,0
2023-06-27 21:56:52.048903878 +0200 CEST m=+10075.540075202,0
2023-06-27 21:56:52.048912457 +0200 CEST m=+10075.540083782,0
2023-06-27 21:56:52.048920897 +0200 CEST m=+10075.540092222,0
2023-06-27 21:56:52.048928626 +0200 CEST m=+10075.540099950,0
2023-06-27 21:56:52.048936774 +0200 CEST m=+10075.540108099,0
2023-06-27 21:56:52.048945628 +0200 CEST m=+10075.540116953,0
2023-06-27 21:56:52.048953749 +0200 CEST m=+10075.540125074,0
2023-06-27 21:56:52.048962114 +0200 CEST m=+10075.540133439,0
2023-06-27 21:56:52.048970256 +0200 CEST m=+10075.540141581,0
2023-06-27 21:56:52.049047546 +0200 CEST m=+10075.540218871,0
2023-06-27 21:56:52.049217736 +0200 CEST m=+10075.540389065,0
2023-06-27 21:56:52.064752641 +0200 CEST m=+10075.555923963,0
2023-06-27 21:56:52.064764255 +0200 CEST m=+10075.555935577,0
2023-06-27 21:56:52.064781191 +0200 CEST m=+10075.555952513,0
2023-06-27 21:56:52.064795177 +0200 CEST m=+10075.555966503,0
2023-06-27 21:56:52.064808631 +0200 CEST m=+10075.555979958,0
2023-06-27 21:56:52.064821664 +0200 CEST m=+10075.555992991,0
2023-06-27 21:56:52.064837282 +0200 CEST m=+10075.556008609,0
2023-06-27 21:56:52.064851626 +0200 CEST m=+10075.556022952,0
2023-06-27 21:56:52.06486533 +0200 CEST m=+10075.556036657,0
2023-06-27 21:56:52.064878276 +0200 CEST m=+10075.556049604,0
2023-06-27 21:56:52.064891965 +0200 CEST m=+10075.556063292,0
2023-06-27 21:56:52.064904902 +0200 CEST m=+10075.556076228,0
2023-06-27 21:56:52.064920005 +0200 CEST m=+10075.556091337,0
2023-06-27 21:56:52.064965466 +0200 CEST m=+10075.556136792,0
2023-06-27 21:56:52.065135529 +0200 CEST m=+10075.556306852,0
2023-06-27 21:56:52.06530994 +0200 CEST m=+10075.556481274,0
2023-06-27 21:56:52.080693976 +0200 CEST m=+10075.571865306,0
2023-06-27 21:56:52.080718257 +0200 CEST m=+10075.571889581,0
2023-06-27 21:56:52.080804867 +0200 CEST m=+10075.571976194,0
2023-06-27 21:56:52.080822348 +0200 CEST m=+10075.571993670,0
2023-06-27 21:56:52.080845953 +0200 CEST m=+10075.572017280,0
2023-06-27 21:56:52.080860011 +0200 CEST m=+10075.572031332,0
2023-06-27 21:56:52.080871911 +0200 CEST m=+10075.572043232,0
2023-06-27 21:56:52.080881126 +0200 CEST m=+10075.572052449,0
2023-06-27 21:56:52.08089634 +0200 CEST m=+10075.572067664,0
2023-06-27 21:56:52.080910174 +0200 CEST m=+10075.572081499,0
2023-06-27 21:56:52.080923526 +0200 CEST m=+10075.572094850,0
2023-06-27 21:56:52.080935608 +0200 CEST m=+10075.572106933,0
2023-06-27 21:56:52.080948859 +0200 CEST m=+10075.572120181,0
2023-06-27 21:56:52.080959578 +0200 CEST m=+10075.572130898,0
2023-06-27 21:56:52.081116256 +0200 CEST m=+10075.572287580,0
2023-06-27 21:56:52.081282825 +0200 CEST m=+10075.572454146,0
2023-06-27 21:56:52.09676019 +0200 CEST m=+10075.587931511,0
2023-06-27 21:56:52.096766478 +0200 CEST m=+10075.587937799,0
2023-06-27 21:56:52.096772683 +0200 CEST m=+10075.587944004,0
2023-06-27 21:56:52.09678083 +0200 CEST m=+10075.587952151,0
2023-06-27 21:56:52.096786779 +0200 CEST m=+10075.587958100,0
2023-06-27 21:56:52.09679277 +0200 CEST m=+10075.587964091,0
2023-06-27 21:56:52.096801343 +0200 CEST m=+10075.587972663,0
2023-06-27 21:56:52.096807476 +0200 CEST m=+10075.587978797,0
2023-06-27 21:56:52.09681442 +0200 CEST m=+10075.587985741,0
2023-06-27 21:56:52.096820933 +0200 CEST m=+10075.587992254,0
2023-06-27 21:56:52.096826927 +0200 CEST m=+10075.587998248,0
2023-06-27 21:56:52.096833323 +0200 CEST m=+10075.588004644,0
2023-06-27 21:56:52.096840999 +0200 CEST m=+10075.588012319,0
2023-06-27 21:56:52.097009688 +0200 CEST m=+10075.588181008,0
2023-06-27 21:56:52.097231008 +0200 CEST m=+10075.588402330,0
2023-06-27 21:56:52.097448386 +0200 CEST m=+10075.588619720,0
2023-06-27 21:56:52.112754603 +0200 CEST m=+10075.603925924,0
2023-06-27 21:56:52.112760943 +0200 CEST m=+10075.603932264,0
2023-06-27 21:56:52.112771989 +0200 CEST m=+10075.603943310,0
2023-06-27 21:56:52.112787955 +0200 CEST m=+10075.603959276,0
2023-06-27 21:56:52.112799141 +0200 CEST m=+10075.603970463,0
2023-06-27 21:56:52.112806195 +0200 CEST m=+10075.603977515,0
2023-06-27 21:56:52.112818028 +0200 CEST m=+10075.603989348,0
2023-06-27 21:56:52.112834644 +0200 CEST m=+10075.604005970,0
2023-06-27 21:56:52.112848342 +0200 CEST m=+10075.604019668,0
2023-06-27 21:56:52.112860605 +0200 CEST m=+10075.604031932,0
2023-06-27 21:56:52.112873655 +0200 CEST m=+10075.604044980,0
2023-06-27 21:56:52.112886338 +0200 CEST m=+10075.604057664,0
2023-06-27 21:56:52.112898584 +0200 CEST m=+10075.604069910,0
2023-06-27 21:56:52.113075301 +0200 CEST m=+10075.604246627,0
2023-06-27 21:56:52.113301432 +0200 CEST m=+10075.604472757,0
2023-06-27 21:56:52.113620737 +0200 CEST m=+10075.604792080,0
2023-06-27 21:56:52.128726989 +0200 CEST m=+10075.619898313,0
2023-06-27 21:56:52.12873871 +0200 CEST m=+10075.619910032,0
2023-06-27 21:56:52.12875316 +0200 CEST m=+10075.619924484,0
2023-06-27 21:56:52.128765308 +0200 CEST m=+10075.619936631,0
2023-06-27 21:56:52.128781473 +0200 CEST m=+10075.619952794,0
2023-06-27 21:56:52.128793762 +0200 CEST m=+10075.619965086,0
2023-06-27 21:56:52.128805652 +0200 CEST m=+10075.619976974,0
2023-06-27 21:56:52.12881964 +0200 CEST m=+10075.619990963,0
2023-06-27 21:56:52.128834235 +0200 CEST m=+10075.620005560,0
2023-06-27 21:56:52.128845717 +0200 CEST m=+10075.620017039,0
2023-06-27 21:56:52.128858528 +0200 CEST m=+10075.620029851,0
2023-06-27 21:56:52.128869444 +0200 CEST m=+10075.620040766,0
2023-06-27 21:56:52.128880828 +0200 CEST m=+10075.620052152,0
2023-06-27 21:56:52.128985314 +0200 CEST m=+10075.620156636,0
2023-06-27 21:56:52.129208322 +0200 CEST m=+10075.620379645,0
2023-06-27 21:56:52.129446937 +0200 CEST m=+10075.620618262,0
2023-06-27 21:56:52.14472266 +0200 CEST m=+10075.635893981,0
2023-06-27 21:56:52.144730302 +0200 CEST m=+10075.635901621,0
2023-06-27 21:56:52.144738234 +0200 CEST m=+10075.635909554,0
2023-06-27 21:56:52.144744196 +0200 CEST m=+10075.635915516,0
2023-06-27 21:56:52.144749911 +0200 CEST m=+10075.635921232,0
2023-06-27 21:56:52.144755999 +0200 CEST m=+10075.635927320,0
2023-06-27 21:56:52.144762547 +0200 CEST m=+10075.635933867,0
2023-06-27 21:56:52.144769334 +0200 CEST m=+10075.635940654,0
2023-06-27 21:56:52.144776838 +0200 CEST m=+10075.635948159,0
2023-06-27 21:56:52.144782592 +0200 CEST m=+10075.635953912,0
2023-06-27 21:56:52.144788603 +0200 CEST m=+10075.635959924,0
2023-06-27 21:56:52.14479473 +0200 CEST m=+10075.635966051,0
2023-06-27 21:56:52.144806458 +0200 CEST m=+10075.635977777,0
2023-06-27 21:56:52.144916977 +0200 CEST m=+10075.636088298,0
2023-06-27 21:56:52.145126572 +0200 CEST m=+10075.636297896,0
2023-06-27 21:56:52.145258588 +0200 CEST m=+10075.636429912,0
2023-06-27 21:56:52.160695562 +0200 CEST m=+10075.651866888,0
2023-06-27 21:56:52.160712649 +0200 CEST m=+10075.651883974,0
2023-06-27 21:56:52.160731165 +0200 CEST m=+10075.651902492,0
2023-06-27 21:56:52.160747385 +0200 CEST m=+10075.651918713,0
2023-06-27 21:56:52.160821095 +0200 CEST m=+10075.651992423,0
2023-06-27 21:56:52.160839189 +0200 CEST m=+10075.652010517,0
2023-06-27 21:56:52.160854262 +0200 CEST m=+10075.652025591,0
2023-06-27 21:56:52.160869296 +0200 CEST m=+10075.652040624,0
2023-06-27 21:56:52.16088367 +0200 CEST m=+10075.652054999,0
2023-06-27 21:56:52.160911961 +0200 CEST m=+10075.652083288,0
2023-06-27 21:56:52.160930576 +0200 CEST m=+10075.652101904,0
2023-06-27 21:56:52.160945696 +0200 CEST m=+10075.652117025,0
2023-06-27 21:56:52.160960644 +0200 CEST m=+10075.652131972,0
2023-06-27 21:56:52.161024193 +0200 CEST m=+10075.652195530,0
2023-06-27 21:56:52.161242827 +0200 CEST m=+10075.652414155,0
2023-06-27 21:56:52.161445157 +0200 CEST m=+10075.652616484,0
2023-06-27 21:56:52.176709734 +0200 CEST m=+10075.667881065,0
2023-06-27 21:56:52.176729567 +0200 CEST m=+10075.667900897,0
2023-06-27 21:56:52.176746698 +0200 CEST m=+10075.667918026,0
2023-06-27 21:56:52.176761327 +0200 CEST m=+10075.667932655,0
2023-06-27 21:56:52.176776424 +0200 CEST m=+10075.667947750,0
2023-06-27 21:56:52.17679012 +0200 CEST m=+10075.667961451,0
2023-06-27 21:56:52.176806738 +0200 CEST m=+10075.667978066,0
2023-06-27 21:56:52.176824224 +0200 CEST m=+10075.667995551,0
2023-06-27 21:56:52.176842462 +0200 CEST m=+10075.668013789,0
2023-06-27 21:56:52.176852909 +0200 CEST m=+10075.668024236,0
2023-06-27 21:56:52.176866001 +0200 CEST m=+10075.668037327,0
2023-06-27 21:56:52.176879743 +0200 CEST m=+10075.668051070,0
2023-06-27 21:56:52.176890383 +0200 CEST m=+10075.668061709,0
2023-06-27 21:56:52.176921482 +0200 CEST m=+10075.668092809,0
2023-06-27 21:56:52.177142489 +0200 CEST m=+10075.668313816,0
2023-06-27 21:56:52.177412141 +0200 CEST m=+10075.668583470,0
2023-06-27 21:56:52.192681587 +0200 CEST m=+10075.683852917,0
2023-06-27 21:56:52.192698107 +0200 CEST m=+10075.683869433,0
2023-06-27 21:56:52.192715114 +0200 CEST m=+10075.683886441,0
2023-06-27 21:56:52.19273251 +0200 CEST m=+10075.683903839,0
2023-06-27 21:56:52.192750323 +0200 CEST m=+10075.683921653,0
2023-06-27 21:56:52.192768436 +0200 CEST m=+10075.683939763,0
2023-06-27 21:56:52.192802283 +0200 CEST m=+10075.683973613,0
2023-06-27 21:56:52.192817878 +0200 CEST m=+10075.683989204,0
2023-06-27 21:56:52.192837369 +0200 CEST m=+10075.684008701,0
2023-06-27 21:56:52.192854869 +0200 CEST m=+10075.684026198,0
2023-06-27 21:56:52.19286993 +0200 CEST m=+10075.684041260,0
2023-06-27 21:56:52.192892713 +0200 CEST m=+10075.684064042,0
2023-06-27 21:56:52.192911464 +0200 CEST m=+10075.684082795,0
2023-06-27 21:56:52.192928497 +0200 CEST m=+10075.684099823,0
2023-06-27 21:56:52.19305592 +0200 CEST m=+10075.684227246,0
2023-06-27 21:56:52.193280224 +0200 CEST m=+10075.684451546,0
2023-06-27 21:56:52.208724785 +0200 CEST m=+10075.699896106,0
2023-06-27 21:56:52.208733077 +0200 CEST m=+10075.699904398,0
2023-06-27 21:56:52.20874263 +0200 CEST m=+10075.699913951,0
2023-06-27 21:56:52.208777826 +0200 CEST m=+10075.699949147,0
2023-06-27 21:56:52.208784366 +0200 CEST m=+10075.699955687,0
2023-06-27 21:56:52.208790186 +0200 CEST m=+10075.699961506,0
2023-06-27 21:56:52.208800026 +0200 CEST m=+10075.699971346,0
2023-06-27 21:56:52.208807113 +0200 CEST m=+10075.699978434,0
2023-06-27 21:56:52.208813949 +0200 CEST m=+10075.699985269,0
2023-06-27 21:56:52.20882149 +0200 CEST m=+10075.699992811,0
2023-06-27 21:56:52.208832626 +0200 CEST m=+10075.700003947,0
2023-06-27 21:56:52.208844408 +0200 CEST m=+10075.700015727,0
2023-06-27 21:56:52.208856207 +0200 CEST m=+10075.700027528,0
2023-06-27 21:56:52.208919643 +0200 CEST m=+10075.700090972,0
2023-06-27 21:56:52.209083129 +0200 CEST m=+10075.700254449,0
2023-06-27 21:56:52.209210084 +0200 CEST m=+10075.700381406,0
2023-06-27 21:56:52.224741811 +0200 CEST m=+10075.715913143,0
2023-06-27 21:56:52.224765122 +0200 CEST m=+10075.715936464,0
2023-06-27 21:56:52.224798529 +0200 CEST m=+10075.715969856,0
2023-06-27 21:56:52.22480709 +0200 CEST m=+10075.715978417,0
2023-06-27 21:56:52.224819882 +0200 CEST m=+10075.715991208,0
2023-06-27 21:56:52.224829655 +0200 CEST m=+10075.716000981,0
2023-06-27 21:56:52.224839464 +0200 CEST m=+10075.716010791,0
2023-06-27 21:56:52.224848119 +0200 CEST m=+10075.716019445,0
2023-06-27 21:56:52.224857208 +0200 CEST m=+10075.716028536,0
2023-06-27 21:56:52.224866154 +0200 CEST m=+10075.716037480,0
2023-06-27 21:56:52.224874848 +0200 CEST m=+10075.716046176,0
2023-06-27 21:56:52.224883183 +0200 CEST m=+10075.716054509,0
2023-06-27 21:56:52.224897234 +0200 CEST m=+10075.716068562,0
2023-06-27 21:56:52.225064034 +0200 CEST m=+10075.716235365,0
2023-06-27 21:56:52.225373126 +0200 CEST m=+10075.716544468,0
2023-06-27 21:56:52.240701941 +0200 CEST m=+10075.731873261,0
2023-06-27 21:56:52.240709052 +0200 CEST m=+10075.731880372,0
2023-06-27 21:56:52.240723662 +0200 CEST m=+10075.731894981,0
2023-06-27 21:56:52.240730392 +0200 CEST m=+10075.731901712,0
2023-06-27 21:56:52.240736586 +0200 CEST m=+10075.731907907,0
2023-06-27 21:56:52.240748045 +0200 CEST m=+10075.731919365,0
2023-06-27 21:56:52.240772863 +0200 CEST m=+10075.731944184,0
2023-06-27 21:56:52.240780622 +0200 CEST m=+10075.731951942,0
2023-06-27 21:56:52.240787786 +0200 CEST m=+10075.731959107,0
2023-06-27 21:56:52.240795487 +0200 CEST m=+10075.731966808,0
2023-06-27 21:56:52.240801609 +0200 CEST m=+10075.731972930,0
2023-06-27 21:56:52.24080845 +0200 CEST m=+10075.731979771,0
2023-06-27 21:56:52.240814894 +0200 CEST m=+10075.731986214,0
2023-06-27 21:56:52.240874997 +0200 CEST m=+10075.732046317,0
2023-06-27 21:56:52.241036434 +0200 CEST m=+10075.732207770,0
2023-06-27 21:56:52.241186228 +0200 CEST m=+10075.732357552,0
2023-06-27 21:56:52.256661028 +0200 CEST m=+10075.747832353,0
2023-06-27 21:56:52.25667442 +0200 CEST m=+10075.747845744,0
2023-06-27 21:56:52.256690226 +0200 CEST m=+10075.747861550,0
2023-06-27 21:56:52.256707524 +0200 CEST m=+10075.747878849,0
2023-06-27 21:56:52.256722894 +0200 CEST m=+10075.747894216,0
2023-06-27 21:56:52.256737209 +0200 CEST m=+10075.747908535,0
2023-06-27 21:56:52.256753508 +0200 CEST m=+10075.747924833,0
2023-06-27 21:56:52.25677327 +0200 CEST m=+10075.747944595,0
2023-06-27 21:56:52.256788 +0200 CEST m=+10075.747959326,0
2023-06-27 21:56:52.256803451 +0200 CEST m=+10075.747974777,0
2023-06-27 21:56:52.256816157 +0200 CEST m=+10075.747987482,0
2023-06-27 21:56:52.256829335 +0200 CEST m=+10075.748000661,0
2023-06-27 21:56:52.256841363 +0200 CEST m=+10075.748012688,0
2023-06-27 21:56:52.256853404 +0200 CEST m=+10075.748024729,0
2023-06-27 21:56:52.256975361 +0200 CEST m=+10075.748146681,0
2023-06-27 21:56:52.257192257 +0200 CEST m=+10075.748363578,0
2023-06-27 21:56:52.272718525 +0200 CEST m=+10075.763889849,0
2023-06-27 21:56:52.272730831 +0200 CEST m=+10075.763902157,0
2023-06-27 21:56:52.27274064 +0200 CEST m=+10075.763911964,0
2023-06-27 21:56:52.272748208 +0200 CEST m=+10075.763919532,0
2023-06-27 21:56:52.272762984 +0200 CEST m=+10075.763934310,0
2023-06-27 21:56:52.272776243 +0200 CEST m=+10075.763947566,0
2023-06-27 21:56:52.272788686 +0200 CEST m=+10075.763960012,0
2023-06-27 21:56:52.272803999 +0200 CEST m=+10075.763975326,0
2023-06-27 21:56:52.272816148 +0200 CEST m=+10075.763987477,0
2023-06-27 21:56:52.272828406 +0200 CEST m=+10075.763999730,0
2023-06-27 21:56:52.272841587 +0200 CEST m=+10075.764012912,0
2023-06-27 21:56:52.272856901 +0200 CEST m=+10075.764028225,0
2023-06-27 21:56:52.272877211 +0200 CEST m=+10075.764048534,0
2023-06-27 21:56:52.273014088 +0200 CEST m=+10075.764185417,0
2023-06-27 21:56:52.273232801 +0200 CEST m=+10075.764404129,0
2023-06-27 21:56:52.273380285 +0200 CEST m=+10075.764551609,0
2023-06-27 21:56:52.288766842 +0200 CEST m=+10075.779938162,0
2023-06-27 21:56:52.288773168 +0200 CEST m=+10075.779944487,0
2023-06-27 21:56:52.288816857 +0200 CEST m=+10075.779988178,0
2023-06-27 21:56:52.288825926 +0200 CEST m=+10075.779997247,0
2023-06-27 21:56:52.288832448 +0200 CEST m=+10075.780003768,0
2023-06-27 21:56:52.288838233 +0200 CEST m=+10075.780009554,0
2023-06-27 21:56:52.288845768 +0200 CEST m=+10075.780017088,0
2023-06-27 21:56:52.28885366 +0200 CEST m=+10075.780024980,0
2023-06-27 21:56:52.288861973 +0200 CEST m=+10075.780033294,0
2023-06-27 21:56:52.288867822 +0200 CEST m=+10075.780039143,0
2023-06-27 21:56:52.288873975 +0200 CEST m=+10075.780045296,0
2023-06-27 21:56:52.288880336 +0200 CEST m=+10075.780051656,0
2023-06-27 21:56:52.288886105 +0200 CEST m=+10075.780057424,0
2023-06-27 21:56:52.288982806 +0200 CEST m=+10075.780154127,0
2023-06-27 21:56:52.289138071 +0200 CEST m=+10075.780309396,0
2023-06-27 21:56:52.289270938 +0200 CEST m=+10075.780442264,0
2023-06-27 21:56:52.304728932 +0200 CEST m=+10075.795900253,0
2023-06-27 21:56:52.304738625 +0200 CEST m=+10075.795909946,0
2023-06-27 21:56:52.304749336 +0200 CEST m=+10075.795920657,0
2023-06-27 21:56:52.304756767 +0200 CEST m=+10075.795928088,0
2023-06-27 21:56:52.304764406 +0200 CEST m=+10075.795935729,0
2023-06-27 21:56:52.304771301 +0200 CEST m=+10075.795942623,0
2023-06-27 21:56:52.304777662 +0200 CEST m=+10075.795948984,0
2023-06-27 21:56:52.30478398 +0200 CEST m=+10075.795955301,0
2023-06-27 21:56:52.304790847 +0200 CEST m=+10075.795962169,0
2023-06-27 21:56:52.304798404 +0200 CEST m=+10075.795969726,0
2023-06-27 21:56:52.30480977 +0200 CEST m=+10075.795981091,0
2023-06-27 21:56:52.304819009 +0200 CEST m=+10075.795990330,0
2023-06-27 21:56:52.304826011 +0200 CEST m=+10075.795997332,0
2023-06-27 21:56:52.305178143 +0200 CEST m=+10075.796349465,0
2023-06-27 21:56:52.305336528 +0200 CEST m=+10075.796507850,0
2023-06-27 21:56:52.305451856 +0200 CEST m=+10075.796623178,0
2023-06-27 21:56:52.320717617 +0200 CEST m=+10075.811888951,0
2023-06-27 21:56:52.320803227 +0200 CEST m=+10075.811974563,0
2023-06-27 21:56:52.320826716 +0200 CEST m=+10075.811998041,0
2023-06-27 21:56:52.320837162 +0200 CEST m=+10075.812008487,0
2023-06-27 21:56:52.320850318 +0200 CEST m=+10075.812021654,0
2023-06-27 21:56:52.320867745 +0200 CEST m=+10075.812039071,0
2023-06-27 21:56:52.32088169 +0200 CEST m=+10075.812053015,0
2023-06-27 21:56:52.320896742 +0200 CEST m=+10075.812068074,0
2023-06-27 21:56:52.320907449 +0200 CEST m=+10075.812078773,0
2023-06-27 21:56:52.320916693 +0200 CEST m=+10075.812088018,0
2023-06-27 21:56:52.320924467 +0200 CEST m=+10075.812095792,0
2023-06-27 21:56:52.320934086 +0200 CEST m=+10075.812105410,0
2023-06-27 21:56:52.32095327 +0200 CEST m=+10075.812124601,0
2023-06-27 21:56:52.320970405 +0200 CEST m=+10075.812141735,0
2023-06-27 21:56:52.321073315 +0200 CEST m=+10075.812244640,0
2023-06-27 21:56:52.321230913 +0200 CEST m=+10075.812402244,0
2023-06-27 21:56:52.336764959 +0200 CEST m=+10075.827936354,0
2023-06-27 21:56:52.336788374 +0200 CEST m=+10075.827959697,0
2023-06-27 21:56:52.336800545 +0200 CEST m=+10075.827971864,0
2023-06-27 21:56:52.336811084 +0200 CEST m=+10075.827982407,0
2023-06-27 21:56:52.336820258 +0200 CEST m=+10075.827991583,0
2023-06-27 21:56:52.33683975 +0200 CEST m=+10075.828011071,0
2023-06-27 21:56:52.33685556 +0200 CEST m=+10075.828026882,0
2023-06-27 21:56:52.336870814 +0200 CEST m=+10075.828042134,0
2023-06-27 21:56:52.336884647 +0200 CEST m=+10075.828055969,0
2023-06-27 21:56:52.336897587 +0200 CEST m=+10075.828068907,0
2023-06-27 21:56:52.336906743 +0200 CEST m=+10075.828078064,0
2023-06-27 21:56:52.336917845 +0200 CEST m=+10075.828089165,0
2023-06-27 21:56:52.336933193 +0200 CEST m=+10075.828104515,0
2023-06-27 21:56:52.337074045 +0200 CEST m=+10075.828245368,0
2023-06-27 21:56:52.337263928 +0200 CEST m=+10075.828435260,0
2023-06-27 21:56:52.337680983 +0200 CEST m=+10075.828852347,0
2023-06-27 21:56:52.352734639 +0200 CEST m=+10075.843905983,0
2023-06-27 21:56:52.352761112 +0200 CEST m=+10075.843932458,0
2023-06-27 21:56:52.352792439 +0200 CEST m=+10075.843963781,0
2023-06-27 21:56:52.352824531 +0200 CEST m=+10075.843995876,0
2023-06-27 21:56:52.352854048 +0200 CEST m=+10075.844025389,0
2023-06-27 21:56:52.352888434 +0200 CEST m=+10075.844059771,0
2023-06-27 21:56:52.352914069 +0200 CEST m=+10075.844085414,0
2023-06-27 21:56:52.352939368 +0200 CEST m=+10075.844110703,0
2023-06-27 21:56:52.352961759 +0200 CEST m=+10075.844133100,0
2023-06-27 21:56:52.352991564 +0200 CEST m=+10075.844162910,0
2023-06-27 21:56:52.35301615 +0200 CEST m=+10075.844187497,0
2023-06-27 21:56:52.353038469 +0200 CEST m=+10075.844209805,0
2023-06-27 21:56:52.353056633 +0200 CEST m=+10075.844227976,0
2023-06-27 21:56:52.353078136 +0200 CEST m=+10075.844249479,0
2023-06-27 21:56:52.353260996 +0200 CEST m=+10075.844432332,0
2023-06-27 21:56:52.353589898 +0200 CEST m=+10075.844761227,0
2023-06-27 21:56:52.368755232 +0200 CEST m=+10075.859926558,0
2023-06-27 21:56:52.3687714 +0200 CEST m=+10075.859942726,0
2023-06-27 21:56:52.368789806 +0200 CEST m=+10075.859961134,0
2023-06-27 21:56:52.368806198 +0200 CEST m=+10075.859977531,0
2023-06-27 21:56:52.368823631 +0200 CEST m=+10075.859994960,0
2023-06-27 21:56:52.368834972 +0200 CEST m=+10075.860006294,0
2023-06-27 21:56:52.368844138 +0200 CEST m=+10075.860015460,0
2023-06-27 21:56:52.368850495 +0200 CEST m=+10075.860021818,0
2023-06-27 21:56:52.368856817 +0200 CEST m=+10075.860028140,0
2023-06-27 21:56:52.368863816 +0200 CEST m=+10075.860035137,0
2023-06-27 21:56:52.368870618 +0200 CEST m=+10075.860041940,0
2023-06-27 21:56:52.368877939 +0200 CEST m=+10075.860049260,0
2023-06-27 21:56:52.368885704 +0200 CEST m=+10075.860057026,0
2023-06-27 21:56:52.369001109 +0200 CEST m=+10075.860172436,0
2023-06-27 21:56:52.36922985 +0200 CEST m=+10075.860401176,0
2023-06-27 21:56:52.369412583 +0200 CEST m=+10075.860583909,0
2023-06-27 21:56:52.384735934 +0200 CEST m=+10075.875907255,0
2023-06-27 21:56:52.384748847 +0200 CEST m=+10075.875920167,0
2023-06-27 21:56:52.38475617 +0200 CEST m=+10075.875927490,0
2023-06-27 21:56:52.384762292 +0200 CEST m=+10075.875933612,0
2023-06-27 21:56:52.38477176 +0200 CEST m=+10075.875943080,0
2023-06-27 21:56:52.384778221 +0200 CEST m=+10075.875949540,0
2023-06-27 21:56:52.384836988 +0200 CEST m=+10075.876008312,0
2023-06-27 21:56:52.384845793 +0200 CEST m=+10075.876017113,0
2023-06-27 21:56:52.384853812 +0200 CEST m=+10075.876025133,0
2023-06-27 21:56:52.38486061 +0200 CEST m=+10075.876031930,0
2023-06-27 21:56:52.384867415 +0200 CEST m=+10075.876038735,0
2023-06-27 21:56:52.384873572 +0200 CEST m=+10075.876044892,0
2023-06-27 21:56:52.384879417 +0200 CEST m=+10075.876050736,0
2023-06-27 21:56:52.384928869 +0200 CEST m=+10075.876100189,0
2023-06-27 21:56:52.385078802 +0200 CEST m=+10075.876250122,0
2023-06-27 21:56:52.385172653 +0200 CEST m=+10075.876343974,0
2023-06-27 21:56:52.400763116 +0200 CEST m=+10075.891934455,0
2023-06-27 21:56:52.400788229 +0200 CEST m=+10075.891959571,0
2023-06-27 21:56:52.400814369 +0200 CEST m=+10075.891985705,0
2023-06-27 21:56:52.400847319 +0200 CEST m=+10075.892018654,0
2023-06-27 21:56:52.400870994 +0200 CEST m=+10075.892042331,0
2023-06-27 21:56:52.400897954 +0200 CEST m=+10075.892069304,0
2023-06-27 21:56:52.400925136 +0200 CEST m=+10075.892096477,0
2023-06-27 21:56:52.400950534 +0200 CEST m=+10075.892121878,0
2023-06-27 21:56:52.400976511 +0200 CEST m=+10075.892147853,0
2023-06-27 21:56:52.40100871 +0200 CEST m=+10075.892180052,0
2023-06-27 21:56:52.401033599 +0200 CEST m=+10075.892204960,0
2023-06-27 21:56:52.401061984 +0200 CEST m=+10075.892233324,0
2023-06-27 21:56:52.401089842 +0200 CEST m=+10075.892261179,0
2023-06-27 21:56:52.401185324 +0200 CEST m=+10075.892356668,0
2023-06-27 21:56:52.40150469 +0200 CEST m=+10075.892676047,0
2023-06-27 21:56:52.401752667 +0200 CEST m=+10075.892923999,0
2023-06-27 21:56:52.4167367 +0200 CEST m=+10075.907908025,0
2023-06-27 21:56:52.417033931 +0200 CEST m=+10075.908205256,0
2023-06-27 21:56:52.417059941 +0200 CEST m=+10075.908231268,0
2023-06-27 21:56:52.417908608 +0200 CEST m=+10075.909079932,0
2023-06-27 21:56:52.417938663 +0200 CEST m=+10075.909109990,0
2023-06-27 21:56:52.417966281 +0200 CEST m=+10075.909137607,0
2023-06-27 21:56:52.417991734 +0200 CEST m=+10075.909163060,0
2023-06-27 21:56:52.418012935 +0200 CEST m=+10075.909184263,0
2023-06-27 21:56:52.418035766 +0200 CEST m=+10075.909207094,0
2023-06-27 21:56:52.418063412 +0200 CEST m=+10075.909234740,0
2023-06-27 21:56:52.41808594 +0200 CEST m=+10075.909257265,0
2023-06-27 21:56:52.418108372 +0200 CEST m=+10075.909279701,0
2023-06-27 21:56:52.418130693 +0200 CEST m=+10075.909302020,0
2023-06-27 21:56:52.418153445 +0200 CEST m=+10075.909324770,0
2023-06-27 21:56:52.418597848 +0200 CEST m=+10075.909769178,0
2023-06-27 21:56:52.419073261 +0200 CEST m=+10075.910244593,0
2023-06-27 21:56:52.432693931 +0200 CEST m=+10075.923865256,0
2023-06-27 21:56:52.432710708 +0200 CEST m=+10075.923882033,0
2023-06-27 21:56:52.43272776 +0200 CEST m=+10075.923899084,0
2023-06-27 21:56:52.432758726 +0200 CEST m=+10075.923930050,0
2023-06-27 21:56:52.432785771 +0200 CEST m=+10075.923957096,0
2023-06-27 21:56:52.432803169 +0200 CEST m=+10075.923974501,0
2023-06-27 21:56:52.432820287 +0200 CEST m=+10075.923991613,0
2023-06-27 21:56:52.432841691 +0200 CEST m=+10075.924013021,0
2023-06-27 21:56:52.432857431 +0200 CEST m=+10075.924028759,0
2023-06-27 21:56:52.432872376 +0200 CEST m=+10075.924043708,0
2023-06-27 21:56:52.43288645 +0200 CEST m=+10075.924057779,0
2023-06-27 21:56:52.432902426 +0200 CEST m=+10075.924073751,0
2023-06-27 21:56:52.432919274 +0200 CEST m=+10075.924090599,0
2023-06-27 21:56:52.433053887 +0200 CEST m=+10075.924225211,0
2023-06-27 21:56:52.43318522 +0200 CEST m=+10075.924356545,0
2023-06-27 21:56:52.44870878 +0200 CEST m=+10075.939880101,0
2023-06-27 21:56:52.448717478 +0200 CEST m=+10075.939888797,0
2023-06-27 21:56:52.448724945 +0200 CEST m=+10075.939896266,0
2023-06-27 21:56:52.448733002 +0200 CEST m=+10075.939904323,0
2023-06-27 21:56:52.448739735 +0200 CEST m=+10075.939911055,0
2023-06-27 21:56:52.448746047 +0200 CEST m=+10075.939917367,0
2023-06-27 21:56:52.448760809 +0200 CEST m=+10075.939932130,0
2023-06-27 21:56:52.448771952 +0200 CEST m=+10075.939943271,0
2023-06-27 21:56:52.448779819 +0200 CEST m=+10075.939951139,0
2023-06-27 21:56:52.448785894 +0200 CEST m=+10075.939957214,0
2023-06-27 21:56:52.448798579 +0200 CEST m=+10075.939969898,0
2023-06-27 21:56:52.448805187 +0200 CEST m=+10075.939976508,0
2023-06-27 21:56:52.448810917 +0200 CEST m=+10075.939982237,0
2023-06-27 21:56:52.448979192 +0200 CEST m=+10075.940150511,0
2023-06-27 21:56:52.449136207 +0200 CEST m=+10075.940307527,0
2023-06-27 21:56:52.449272174 +0200 CEST m=+10075.940443494,0
2023-06-27 21:56:52.464764782 +0200 CEST m=+10075.955936107,0
2023-06-27 21:56:52.464778939 +0200 CEST m=+10075.955950263,0
2023-06-27 21:56:52.464800172 +0200 CEST m=+10075.955971496,0
2023-06-27 21:56:52.464835443 +0200 CEST m=+10075.956006773,0
2023-06-27 21:56:52.464848755 +0200 CEST m=+10075.956020078,0
2023-06-27 21:56:52.464880758 +0200 CEST m=+10075.956052079,0
2023-06-27 21:56:52.464898195 +0200 CEST m=+10075.956069515,0
2023-06-27 21:56:52.464915983 +0200 CEST m=+10075.956087311,0
2023-06-27 21:56:52.464932709 +0200 CEST m=+10075.956104028,0
2023-06-27 21:56:52.464948879 +0200 CEST m=+10075.956120203,0
2023-06-27 21:56:52.464964778 +0200 CEST m=+10075.956136098,0
2023-06-27 21:56:52.464981644 +0200 CEST m=+10075.956152971,0
2023-06-27 21:56:52.465004866 +0200 CEST m=+10075.956176186,0
2023-06-27 21:56:52.465019019 +0200 CEST m=+10075.956190349,0
2023-06-27 21:56:52.465181683 +0200 CEST m=+10075.956353007,0
2023-06-27 21:56:52.465338696 +0200 CEST m=+10075.956510022,0
2023-06-27 21:56:52.480723258 +0200 CEST m=+10075.971894584,0
2023-06-27 21:56:52.480743628 +0200 CEST m=+10075.971914953,0
2023-06-27 21:56:52.480755278 +0200 CEST m=+10075.971926602,0
2023-06-27 21:56:52.480769261 +0200 CEST m=+10075.971940592,0
2023-06-27 21:56:52.480783468 +0200 CEST m=+10075.971954795,0
2023-06-27 21:56:52.480797891 +0200 CEST m=+10075.971969216,0
2023-06-27 21:56:52.480813527 +0200 CEST m=+10075.971984852,0
2023-06-27 21:56:52.480826861 +0200 CEST m=+10075.971998185,0
2023-06-27 21:56:52.480840069 +0200 CEST m=+10075.972011395,0
2023-06-27 21:56:52.480853545 +0200 CEST m=+10075.972024869,0
2023-06-27 21:56:52.480878819 +0200 CEST m=+10075.972050159,0
2023-06-27 21:56:52.480911318 +0200 CEST m=+10075.972082645,0
2023-06-27 21:56:52.480926066 +0200 CEST m=+10075.972097393,0
2023-06-27 21:56:52.480939307 +0200 CEST m=+10075.972110632,0
2023-06-27 21:56:52.481241292 +0200 CEST m=+10075.972412620,0
2023-06-27 21:56:52.481468933 +0200 CEST m=+10075.972640268,0
2023-06-27 21:56:52.496760139 +0200 CEST m=+10075.987931463,0
2023-06-27 21:56:52.496781036 +0200 CEST m=+10075.987952357,0
2023-06-27 21:56:52.496793375 +0200 CEST m=+10075.987964698,0
2023-06-27 21:56:52.496806481 +0200 CEST m=+10075.987977804,0
2023-06-27 21:56:52.496820808 +0200 CEST m=+10075.987992130,0
2023-06-27 21:56:52.496835611 +0200 CEST m=+10075.988006942,0
2023-06-27 21:56:52.496848863 +0200 CEST m=+10075.988020187,0
2023-06-27 21:56:52.496861566 +0200 CEST m=+10075.988032890,0
2023-06-27 21:56:52.496873796 +0200 CEST m=+10075.988045118,0
2023-06-27 21:56:52.496886719 +0200 CEST m=+10075.988058041,0
2023-06-27 21:56:52.496899107 +0200 CEST m=+10075.988070429,0
2023-06-27 21:56:52.496911828 +0200 CEST m=+10075.988083151,0
2023-06-27 21:56:52.49692432 +0200 CEST m=+10075.988095642,0
2023-06-27 21:56:52.496984467 +0200 CEST m=+10075.988155789,0
2023-06-27 21:56:52.497228158 +0200 CEST m=+10075.988399489,0
2023-06-27 21:56:52.497478588 +0200 CEST m=+10075.988649930,0
2023-06-27 21:56:52.512724058 +0200 CEST m=+10076.003895382,0
2023-06-27 21:56:52.512769218 +0200 CEST m=+10076.003940546,0
2023-06-27 21:56:52.512792483 +0200 CEST m=+10076.003963810,0
2023-06-27 21:56:52.512881981 +0200 CEST m=+10076.004053309,0
2023-06-27 21:56:52.512900934 +0200 CEST m=+10076.004072262,0
2023-06-27 21:56:52.512918916 +0200 CEST m=+10076.004090252,0
2023-06-27 21:56:52.512937128 +0200 CEST m=+10076.004108456,0
2023-06-27 21:56:52.512952469 +0200 CEST m=+10076.004123796,0
2023-06-27 21:56:52.512967233 +0200 CEST m=+10076.004138561,0
2023-06-27 21:56:52.51298179 +0200 CEST m=+10076.004153117,0
2023-06-27 21:56:52.51299883 +0200 CEST m=+10076.004170160,0
2023-06-27 21:56:52.513067703 +0200 CEST m=+10076.004239037,0
2023-06-27 21:56:52.513083646 +0200 CEST m=+10076.004254974,0
2023-06-27 21:56:52.513098375 +0200 CEST m=+10076.004269704,0
2023-06-27 21:56:52.513229629 +0200 CEST m=+10076.004400956,0
2023-06-27 21:56:52.513387061 +0200 CEST m=+10076.004558389,0
2023-06-27 21:56:52.5287034 +0200 CEST m=+10076.019874721,0
2023-06-27 21:56:52.528785301 +0200 CEST m=+10076.019956623,0
2023-06-27 21:56:52.528802539 +0200 CEST m=+10076.019973863,0
2023-06-27 21:56:52.528815775 +0200 CEST m=+10076.019987099,0
2023-06-27 21:56:52.528827863 +0200 CEST m=+10076.019999185,0
2023-06-27 21:56:52.528841078 +0200 CEST m=+10076.020012400,0
2023-06-27 21:56:52.528848988 +0200 CEST m=+10076.020020311,0
2023-06-27 21:56:52.52885751 +0200 CEST m=+10076.020028832,0
2023-06-27 21:56:52.528865522 +0200 CEST m=+10076.020036843,0
2023-06-27 21:56:52.528871945 +0200 CEST m=+10076.020043267,0
2023-06-27 21:56:52.528880103 +0200 CEST m=+10076.020051426,0
2023-06-27 21:56:52.528887567 +0200 CEST m=+10076.020058890,0
2023-06-27 21:56:52.528894111 +0200 CEST m=+10076.020065433,0
2023-06-27 21:56:52.528900661 +0200 CEST m=+10076.020071983,0
2023-06-27 21:56:52.529054778 +0200 CEST m=+10076.020226100,0
2023-06-27 21:56:52.529207835 +0200 CEST m=+10076.020379157,0
2023-06-27 21:56:52.544744647 +0200 CEST m=+10076.035915974,0
2023-06-27 21:56:52.544765325 +0200 CEST m=+10076.035936656,0
2023-06-27 21:56:52.544779591 +0200 CEST m=+10076.035950912,0
2023-06-27 21:56:52.544786232 +0200 CEST m=+10076.035957554,0
2023-06-27 21:56:52.544793739 +0200 CEST m=+10076.035965061,0
2023-06-27 21:56:52.544808941 +0200 CEST m=+10076.035980265,0
2023-06-27 21:56:52.544815478 +0200 CEST m=+10076.035986799,0
2023-06-27 21:56:52.544822774 +0200 CEST m=+10076.035994095,0
2023-06-27 21:56:52.544830288 +0200 CEST m=+10076.036001610,0
2023-06-27 21:56:52.544837034 +0200 CEST m=+10076.036008355,0
2023-06-27 21:56:52.544844268 +0200 CEST m=+10076.036015590,0
2023-06-27 21:56:52.544850865 +0200 CEST m=+10076.036022187,0
2023-06-27 21:56:52.54485739 +0200 CEST m=+10076.036028712,0
2023-06-27 21:56:52.545071286 +0200 CEST m=+10076.036242617,0
2023-06-27 21:56:52.545264236 +0200 CEST m=+10076.036435558,0
2023-06-27 21:56:52.545464232 +0200 CEST m=+10076.036635559,0
2023-06-27 21:56:52.56074652 +0200 CEST m=+10076.051917850,0
2023-06-27 21:56:52.560763477 +0200 CEST m=+10076.051934807,0
2023-06-27 21:56:52.560775083 +0200 CEST m=+10076.051946414,0
2023-06-27 21:56:52.560787497 +0200 CEST m=+10076.051958827,0
2023-06-27 21:56:52.560798354 +0200 CEST m=+10076.051969685,0
2023-06-27 21:56:52.560808345 +0200 CEST m=+10076.051979674,0
2023-06-27 21:56:52.560818572 +0200 CEST m=+10076.051989904,0
2023-06-27 21:56:52.560829892 +0200 CEST m=+10076.052001221,0
2023-06-27 21:56:52.560839987 +0200 CEST m=+10076.052011317,0
2023-06-27 21:56:52.560852386 +0200 CEST m=+10076.052023717,0
2023-06-27 21:56:52.560863923 +0200 CEST m=+10076.052035254,0
2023-06-27 21:56:52.560876466 +0200 CEST m=+10076.052047797,0
2023-06-27 21:56:52.560886758 +0200 CEST m=+10076.052058090,0
2023-06-27 21:56:52.561100591 +0200 CEST m=+10076.052271928,0
2023-06-27 21:56:52.561449173 +0200 CEST m=+10076.052620497,0
2023-06-27 21:56:52.561612154 +0200 CEST m=+10076.052783485,0
2023-06-27 21:56:52.576715776 +0200 CEST m=+10076.067887096,0
2023-06-27 21:56:52.576755787 +0200 CEST m=+10076.067927107,0
2023-06-27 21:56:52.57677016 +0200 CEST m=+10076.067941488,0
2023-06-27 21:56:52.576787232 +0200 CEST m=+10076.067958551,0
2023-06-27 21:56:52.576801669 +0200 CEST m=+10076.067972990,0
2023-06-27 21:56:52.57680768 +0200 CEST m=+10076.067979001,0
2023-06-27 21:56:52.576814226 +0200 CEST m=+10076.067985547,0
2023-06-27 21:56:52.576821418 +0200 CEST m=+10076.067992738,0
2023-06-27 21:56:52.576828443 +0200 CEST m=+10076.067999763,0
2023-06-27 21:56:52.576834793 +0200 CEST m=+10076.068006113,0
2023-06-27 21:56:52.576840384 +0200 CEST m=+10076.068011705,0
2023-06-27 21:56:52.576851866 +0200 CEST m=+10076.068023186,0
2023-06-27 21:56:52.576864341 +0200 CEST m=+10076.068035660,0
2023-06-27 21:56:52.576947636 +0200 CEST m=+10076.068118960,0
2023-06-27 21:56:52.577101367 +0200 CEST m=+10076.068272687,0
2023-06-27 21:56:52.577272641 +0200 CEST m=+10076.068443961,0
2023-06-27 21:56:52.592729603 +0200 CEST m=+10076.083900925,0
2023-06-27 21:56:52.59278851 +0200 CEST m=+10076.083959832,0
2023-06-27 21:56:52.592798381 +0200 CEST m=+10076.083969704,0
2023-06-27 21:56:52.592832539 +0200 CEST m=+10076.084003862,0
2023-06-27 21:56:52.592842044 +0200 CEST m=+10076.084013368,0
2023-06-27 21:56:52.592848961 +0200 CEST m=+10076.084020283,0
2023-06-27 21:56:52.592855707 +0200 CEST m=+10076.084027030,0
2023-06-27 21:56:52.592863964 +0200 CEST m=+10076.084035286,0
2023-06-27 21:56:52.592872545 +0200 CEST m=+10076.084043868,0
2023-06-27 21:56:52.592881677 +0200 CEST m=+10076.084052998,0
2023-06-27 21:56:52.592889739 +0200 CEST m=+10076.084061062,0
2023-06-27 21:56:52.592896999 +0200 CEST m=+10076.084068322,0
2023-06-27 21:56:52.592905531 +0200 CEST m=+10076.084076853,0
2023-06-27 21:56:52.592914135 +0200 CEST m=+10076.084085458,0
2023-06-27 21:56:52.593079043 +0200 CEST m=+10076.084250370,0
2023-06-27 21:56:52.593250881 +0200 CEST m=+10076.084422204,0
2023-06-27 21:56:52.608707037 +0200 CEST m=+10076.099878357,0
2023-06-27 21:56:52.608717645 +0200 CEST m=+10076.099888972,0
2023-06-27 21:56:52.608755549 +0200 CEST m=+10076.099926870,0
2023-06-27 21:56:52.608764372 +0200 CEST m=+10076.099935692,0
2023-06-27 21:56:52.608770222 +0200 CEST m=+10076.099941542,0
2023-06-27 21:56:52.608776466 +0200 CEST m=+10076.099947786,0
2023-06-27 21:56:52.608785471 +0200 CEST m=+10076.099956792,0
2023-06-27 21:56:52.60879288 +0200 CEST m=+10076.099964200,0
2023-06-27 21:56:52.60879977 +0200 CEST m=+10076.099971091,0
2023-06-27 21:56:52.608812927 +0200 CEST m=+10076.099984248,0
2023-06-27 21:56:52.60882029 +0200 CEST m=+10076.099991611,0
2023-06-27 21:56:52.608827185 +0200 CEST m=+10076.099998505,0
2023-06-27 21:56:52.608832837 +0200 CEST m=+10076.100004158,0
2023-06-27 21:56:52.608853868 +0200 CEST m=+10076.100025189,0
2023-06-27 21:56:52.608972516 +0200 CEST m=+10076.100143840,0
2023-06-27 21:56:52.609174715 +0200 CEST m=+10076.100346036,0
2023-06-27 21:56:52.624742415 +0200 CEST m=+10076.115913744,0
2023-06-27 21:56:52.624768406 +0200 CEST m=+10076.115939727,0
2023-06-27 21:56:52.624779222 +0200 CEST m=+10076.115950545,0
2023-06-27 21:56:52.624797076 +0200 CEST m=+10076.115968399,0
2023-06-27 21:56:52.624808357 +0200 CEST m=+10076.115979690,0
2023-06-27 21:56:52.624823478 +0200 CEST m=+10076.115994810,0
2023-06-27 21:56:52.624832809 +0200 CEST m=+10076.116004133,0
2023-06-27 21:56:52.624841515 +0200 CEST m=+10076.116012838,0
2023-06-27 21:56:52.624848353 +0200 CEST m=+10076.116019675,0
2023-06-27 21:56:52.624855596 +0200 CEST m=+10076.116026918,0
2023-06-27 21:56:52.624863952 +0200 CEST m=+10076.116035275,0
2023-06-27 21:56:52.624881251 +0200 CEST m=+10076.116052587,0
2023-06-27 21:56:52.624893782 +0200 CEST m=+10076.116065110,0
2023-06-27 21:56:52.625033615 +0200 CEST m=+10076.116204938,0
2023-06-27 21:56:52.625185248 +0200 CEST m=+10076.116356577,0
2023-06-27 21:56:52.625420574 +0200 CEST m=+10076.116591905,0
2023-06-27 21:56:52.640763992 +0200 CEST m=+10076.131935315,0
2023-06-27 21:56:52.640773766 +0200 CEST m=+10076.131945089,0
2023-06-27 21:56:52.640784608 +0200 CEST m=+10076.131955930,0
2023-06-27 21:56:52.640792294 +0200 CEST m=+10076.131963617,0
2023-06-27 21:56:52.640800108 +0200 CEST m=+10076.131971430,0
2023-06-27 21:56:52.640807422 +0200 CEST m=+10076.131978744,0
2023-06-27 21:56:52.640814258 +0200 CEST m=+10076.131985580,0
2023-06-27 21:56:52.640821713 +0200 CEST m=+10076.131993035,0
2023-06-27 21:56:52.640828528 +0200 CEST m=+10076.131999850,0
2023-06-27 21:56:52.640836141 +0200 CEST m=+10076.132007465,0
2023-06-27 21:56:52.640844812 +0200 CEST m=+10076.132016133,0
2023-06-27 21:56:52.640851723 +0200 CEST m=+10076.132023046,0
2023-06-27 21:56:52.640858977 +0200 CEST m=+10076.132030300,0
2023-06-27 21:56:52.641028259 +0200 CEST m=+10076.132199582,0
2023-06-27 21:56:52.641276219 +0200 CEST m=+10076.132447546,0
2023-06-27 21:56:52.641518933 +0200 CEST m=+10076.132690261,0
2023-06-27 21:56:52.656685201 +0200 CEST m=+10076.147856534,0
2023-06-27 21:56:52.656721783 +0200 CEST m=+10076.147893128,0
2023-06-27 21:56:52.656758834 +0200 CEST m=+10076.147930162,0
2023-06-27 21:56:52.656773083 +0200 CEST m=+10076.147944410,0
2023-06-27 21:56:52.656782093 +0200 CEST m=+10076.147953421,0
2023-06-27 21:56:52.656793254 +0200 CEST m=+10076.147964582,0
2023-06-27 21:56:52.656803055 +0200 CEST m=+10076.147974383,0
2023-06-27 21:56:52.656813325 +0200 CEST m=+10076.147984653,0
2023-06-27 21:56:52.656822194 +0200 CEST m=+10076.147993521,0
2023-06-27 21:56:52.656831905 +0200 CEST m=+10076.148003233,0
2023-06-27 21:56:52.65684079 +0200 CEST m=+10076.148012118,0
2023-06-27 21:56:52.656850258 +0200 CEST m=+10076.148021585,0
2023-06-27 21:56:52.656860617 +0200 CEST m=+10076.148031945,0
2023-06-27 21:56:52.656936299 +0200 CEST m=+10076.148107632,0
2023-06-27 21:56:52.657215703 +0200 CEST m=+10076.148387037,0
2023-06-27 21:56:52.672761317 +0200 CEST m=+10076.163932647,0
2023-06-27 21:56:52.672781144 +0200 CEST m=+10076.163952473,0
2023-06-27 21:56:52.672795225 +0200 CEST m=+10076.163966555,0
2023-06-27 21:56:52.672812121 +0200 CEST m=+10076.163983453,0
2023-06-27 21:56:52.672831609 +0200 CEST m=+10076.164002939,0
2023-06-27 21:56:52.672847486 +0200 CEST m=+10076.164018815,0
2023-06-27 21:56:52.672862629 +0200 CEST m=+10076.164033958,0
2023-06-27 21:56:52.672878838 +0200 CEST m=+10076.164050168,0
2023-06-27 21:56:52.672897079 +0200 CEST m=+10076.164068406,0
2023-06-27 21:56:52.672911345 +0200 CEST m=+10076.164082674,0
2023-06-27 21:56:52.672926206 +0200 CEST m=+10076.164097535,0
2023-06-27 21:56:52.67294036 +0200 CEST m=+10076.164111689,0
2023-06-27 21:56:52.67295504 +0200 CEST m=+10076.164126369,0
2023-06-27 21:56:52.672981242 +0200 CEST m=+10076.164152571,0
2023-06-27 21:56:52.673176455 +0200 CEST m=+10076.164347787,0
2023-06-27 21:56:52.673352139 +0200 CEST m=+10076.164523462,0
2023-06-27 21:56:52.68872377 +0200 CEST m=+10076.179895091,0
2023-06-27 21:56:52.688731892 +0200 CEST m=+10076.179903214,0
2023-06-27 21:56:52.688738623 +0200 CEST m=+10076.179909945,0
2023-06-27 21:56:52.688747291 +0200 CEST m=+10076.179918612,0
2023-06-27 21:56:52.688755266 +0200 CEST m=+10076.179926587,0
2023-06-27 21:56:52.688762874 +0200 CEST m=+10076.179934196,0
2023-06-27 21:56:52.688769309 +0200 CEST m=+10076.179940631,0
2023-06-27 21:56:52.688833442 +0200 CEST m=+10076.180004765,0
2023-06-27 21:56:52.68884 +0200 CEST m=+10076.180011322,0
2023-06-27 21:56:52.688847308 +0200 CEST m=+10076.180018630,0
2023-06-27 21:56:52.688855584 +0200 CEST m=+10076.180026905,0
2023-06-27 21:56:52.688862215 +0200 CEST m=+10076.180033537,0
2023-06-27 21:56:52.688870228 +0200 CEST m=+10076.180041549,0
2023-06-27 21:56:52.688893611 +0200 CEST m=+10076.180064938,0
2023-06-27 21:56:52.688993219 +0200 CEST m=+10076.180164542,0
2023-06-27 21:56:52.689139088 +0200 CEST m=+10076.180310410,0
2023-06-27 21:56:52.704733336 +0200 CEST m=+10076.195904660,0
2023-06-27 21:56:52.704743909 +0200 CEST m=+10076.195915235,0
2023-06-27 21:56:52.704753322 +0200 CEST m=+10076.195924648,0
2023-06-27 21:56:52.704792411 +0200 CEST m=+10076.195963736,0
2023-06-27 21:56:52.704804362 +0200 CEST m=+10076.195975687,0
2023-06-27 21:56:52.704814041 +0200 CEST m=+10076.195985365,0
2023-06-27 21:56:52.704822113 +0200 CEST m=+10076.195993438,0
2023-06-27 21:56:52.704830648 +0200 CEST m=+10076.196001975,0
2023-06-27 21:56:52.704839663 +0200 CEST m=+10076.196010989,0
2023-06-27 21:56:52.704848893 +0200 CEST m=+10076.196020218,0
2023-06-27 21:56:52.704858533 +0200 CEST m=+10076.196029859,0
2023-06-27 21:56:52.704875324 +0200 CEST m=+10076.196046663,0
2023-06-27 21:56:52.704895324 +0200 CEST m=+10076.196066655,0
2023-06-27 21:56:52.705375824 +0200 CEST m=+10076.196547155,0
2023-06-27 21:56:52.70558775 +0200 CEST m=+10076.196759083,0
2023-06-27 21:56:52.705805195 +0200 CEST m=+10076.196976530,0
2023-06-27 21:56:52.720707658 +0200 CEST m=+10076.211878979,0
2023-06-27 21:56:52.720713558 +0200 CEST m=+10076.211884879,0
2023-06-27 21:56:52.720721128 +0200 CEST m=+10076.211892449,0
2023-06-27 21:56:52.720726786 +0200 CEST m=+10076.211898106,0
2023-06-27 21:56:52.720733236 +0200 CEST m=+10076.211904556,0
2023-06-27 21:56:52.72073927 +0200 CEST m=+10076.211910590,0
2023-06-27 21:56:52.72074571 +0200 CEST m=+10076.211917030,0
2023-06-27 21:56:52.720752025 +0200 CEST m=+10076.211923345,0
2023-06-27 21:56:52.720758853 +0200 CEST m=+10076.211930174,0
2023-06-27 21:56:52.720766439 +0200 CEST m=+10076.211937760,0
2023-06-27 21:56:52.720772181 +0200 CEST m=+10076.211943501,0
2023-06-27 21:56:52.720778394 +0200 CEST m=+10076.211949714,0
2023-06-27 21:56:52.720783896 +0200 CEST m=+10076.211955216,0
2023-06-27 21:56:52.720962249 +0200 CEST m=+10076.212133573,0
2023-06-27 21:56:52.721141128 +0200 CEST m=+10076.212312448,0
2023-06-27 21:56:52.721295239 +0200 CEST m=+10076.212466563,0
2023-06-27 21:56:52.736707067 +0200 CEST m=+10076.227878390,0
2023-06-27 21:56:52.73671878 +0200 CEST m=+10076.227890103,0
2023-06-27 21:56:52.736725233 +0200 CEST m=+10076.227896556,0
2023-06-27 21:56:52.736733658 +0200 CEST m=+10076.227904981,0
2023-06-27 21:56:52.736740059 +0200 CEST m=+10076.227911381,0
2023-06-27 21:56:52.736746521 +0200 CEST m=+10076.227917843,0
2023-06-27 21:56:52.736753466 +0200 CEST m=+10076.227924788,0
2023-06-27 21:56:52.736765254 +0200 CEST m=+10076.227936580,0
2023-06-27 21:56:52.736780551 +0200 CEST m=+10076.227951877,0
2023-06-27 21:56:52.73679508 +0200 CEST m=+10076.227966411,0
2023-06-27 21:56:52.736806229 +0200 CEST m=+10076.227977551,0
2023-06-27 21:56:52.736814154 +0200 CEST m=+10076.227985476,0
2023-06-27 21:56:52.736820618 +0200 CEST m=+10076.227991940,0
2023-06-27 21:56:52.736989506 +0200 CEST m=+10076.228160833,0
2023-06-27 21:56:52.737151461 +0200 CEST m=+10076.228322785,0
2023-06-27 21:56:52.737284836 +0200 CEST m=+10076.228456162,0
2023-06-27 21:56:52.75273338 +0200 CEST m=+10076.243904704,0
2023-06-27 21:56:52.75274979 +0200 CEST m=+10076.243921114,0
2023-06-27 21:56:52.752764745 +0200 CEST m=+10076.243936069,0
2023-06-27 21:56:52.752782646 +0200 CEST m=+10076.243953975,0
2023-06-27 21:56:52.752799012 +0200 CEST m=+10076.243970405,0
2023-06-27 21:56:52.752816797 +0200 CEST m=+10076.243988124,0
2023-06-27 21:56:52.752856871 +0200 CEST m=+10076.244028196,0
2023-06-27 21:56:52.752877417 +0200 CEST m=+10076.244048741,0
2023-06-27 21:56:52.752893457 +0200 CEST m=+10076.244065267,0
2023-06-27 21:56:52.752923602 +0200 CEST m=+10076.244094933,0
2023-06-27 21:56:52.752937867 +0200 CEST m=+10076.244109196,0
2023-06-27 21:56:52.752958712 +0200 CEST m=+10076.244130035,0
2023-06-27 21:56:52.752971899 +0200 CEST m=+10076.244143224,0
2023-06-27 21:56:52.752983462 +0200 CEST m=+10076.244154793,0
2023-06-27 21:56:52.753099406 +0200 CEST m=+10076.244270727,0
2023-06-27 21:56:52.75328021 +0200 CEST m=+10076.244451539,0
2023-06-27 21:56:52.768724188 +0200 CEST m=+10076.259895509,0
2023-06-27 21:56:52.768735766 +0200 CEST m=+10076.259907087,0
2023-06-27 21:56:52.768742728 +0200 CEST m=+10076.259914049,0
2023-06-27 21:56:52.768749112 +0200 CEST m=+10076.259920433,0
2023-06-27 21:56:52.768755209 +0200 CEST m=+10076.259926530,0
2023-06-27 21:56:52.768762409 +0200 CEST m=+10076.259933730,0
2023-06-27 21:56:52.768769653 +0200 CEST m=+10076.259940975,0
2023-06-27 21:56:52.768775916 +0200 CEST m=+10076.259947237,0
2023-06-27 21:56:52.768781835 +0200 CEST m=+10076.259953156,0
2023-06-27 21:56:52.768788777 +0200 CEST m=+10076.259960098,0
2023-06-27 21:56:52.768795017 +0200 CEST m=+10076.259966337,0
2023-06-27 21:56:52.768800906 +0200 CEST m=+10076.259972227,0
2023-06-27 21:56:52.768808464 +0200 CEST m=+10076.259979786,0
2023-06-27 21:56:52.768938917 +0200 CEST m=+10076.260110242,0
2023-06-27 21:56:52.769088495 +0200 CEST m=+10076.260259820,0
2023-06-27 21:56:52.769308426 +0200 CEST m=+10076.260479748,0
2023-06-27 21:56:52.784716037 +0200 CEST m=+10076.275887357,0
2023-06-27 21:56:52.784811103 +0200 CEST m=+10076.275982424,0
2023-06-27 21:56:52.784821442 +0200 CEST m=+10076.275992763,0
2023-06-27 21:56:52.784835005 +0200 CEST m=+10076.276006324,0
2023-06-27 21:56:52.784845816 +0200 CEST m=+10076.276017136,0
2023-06-27 21:56:52.784858892 +0200 CEST m=+10076.276030213,0
2023-06-27 21:56:52.784872133 +0200 CEST m=+10076.276043456,0
2023-06-27 21:56:52.784886014 +0200 CEST m=+10076.276057334,0
2023-06-27 21:56:52.784900273 +0200 CEST m=+10076.276071602,0
2023-06-27 21:56:52.784913392 +0200 CEST m=+10076.276084716,0
2023-06-27 21:56:52.78492595 +0200 CEST m=+10076.276097277,0
2023-06-27 21:56:52.784939051 +0200 CEST m=+10076.276110373,0
2023-06-27 21:56:52.784951775 +0200 CEST m=+10076.276123095,0
2023-06-27 21:56:52.784958143 +0200 CEST m=+10076.276129463,0
2023-06-27 21:56:52.785068986 +0200 CEST m=+10076.276240306,0
2023-06-27 21:56:52.785210862 +0200 CEST m=+10076.276382181,0
2023-06-27 21:56:52.800748969 +0200 CEST m=+10076.291920290,0
2023-06-27 21:56:52.800755064 +0200 CEST m=+10076.291926385,0
2023-06-27 21:56:52.800762579 +0200 CEST m=+10076.291933900,0
2023-06-27 21:56:52.800770003 +0200 CEST m=+10076.291941324,0
2023-06-27 21:56:52.800777157 +0200 CEST m=+10076.291948477,0
2023-06-27 21:56:52.800792923 +0200 CEST m=+10076.291964243,0
2023-06-27 21:56:52.800799379 +0200 CEST m=+10076.291970699,0
2023-06-27 21:56:52.800818252 +0200 CEST m=+10076.291989572,0
2023-06-27 21:56:52.800833545 +0200 CEST m=+10076.292004866,0
2023-06-27 21:56:52.800840365 +0200 CEST m=+10076.292011687,0
2023-06-27 21:56:52.800848417 +0200 CEST m=+10076.292019737,0
2023-06-27 21:56:52.800854987 +0200 CEST m=+10076.292026308,0
2023-06-27 21:56:52.800861288 +0200 CEST m=+10076.292032609,0
2023-06-27 21:56:52.801027382 +0200 CEST m=+10076.292198703,0
2023-06-27 21:56:52.801214007 +0200 CEST m=+10076.292385335,0
2023-06-27 21:56:52.80142431 +0200 CEST m=+10076.292595632,0
2023-06-27 21:56:52.816723971 +0200 CEST m=+10076.307895295,0
2023-06-27 21:56:52.816738862 +0200 CEST m=+10076.307910187,0
2023-06-27 21:56:52.816751649 +0200 CEST m=+10076.307922974,0
2023-06-27 21:56:52.816780912 +0200 CEST m=+10076.307952231,0
2023-06-27 21:56:52.816794807 +0200 CEST m=+10076.307966132,0
2023-06-27 21:56:52.816806295 +0200 CEST m=+10076.307977618,0
2023-06-27 21:56:52.816817664 +0200 CEST m=+10076.307988989,0
2023-06-27 21:56:52.816829371 +0200 CEST m=+10076.308000695,0
2023-06-27 21:56:52.816841443 +0200 CEST m=+10076.308012767,0
2023-06-27 21:56:52.816853123 +0200 CEST m=+10076.308024456,0
2023-06-27 21:56:52.816870919 +0200 CEST m=+10076.308042243,0
2023-06-27 21:56:52.816882622 +0200 CEST m=+10076.308053947,0
2023-06-27 21:56:52.816894887 +0200 CEST m=+10076.308066211,0
2023-06-27 21:56:52.817028617 +0200 CEST m=+10076.308199941,0
2023-06-27 21:56:52.817209339 +0200 CEST m=+10076.308380661,0
2023-06-27 21:56:52.817545595 +0200 CEST m=+10076.308716919,0
2023-06-27 21:56:52.832742882 +0200 CEST m=+10076.323914203,0
2023-06-27 21:56:52.832750011 +0200 CEST m=+10076.323921333,0
2023-06-27 21:56:52.832762661 +0200 CEST m=+10076.323933982,0
2023-06-27 21:56:52.832774692 +0200 CEST m=+10076.323946014,0
2023-06-27 21:56:52.832780967 +0200 CEST m=+10076.323952289,0
2023-06-27 21:56:52.832787329 +0200 CEST m=+10076.323958651,0
2023-06-27 21:56:52.83279409 +0200 CEST m=+10076.323965412,0
2023-06-27 21:56:52.832800405 +0200 CEST m=+10076.323971727,0
2023-06-27 21:56:52.832807263 +0200 CEST m=+10076.323978584,0
2023-06-27 21:56:52.832814233 +0200 CEST m=+10076.323985556,0
2023-06-27 21:56:52.832821155 +0200 CEST m=+10076.323992477,0
2023-06-27 21:56:52.832828991 +0200 CEST m=+10076.324000312,0
2023-06-27 21:56:52.832835321 +0200 CEST m=+10076.324006643,0
2023-06-27 21:56:52.83298815 +0200 CEST m=+10076.324159487,0
2023-06-27 21:56:52.833187985 +0200 CEST m=+10076.324359307,0
2023-06-27 21:56:52.833425473 +0200 CEST m=+10076.324596804,0
2023-06-27 21:56:52.848734247 +0200 CEST m=+10076.339905570,0
2023-06-27 21:56:52.848746056 +0200 CEST m=+10076.339917381,0
2023-06-27 21:56:52.848760377 +0200 CEST m=+10076.339931701,0
2023-06-27 21:56:52.848773812 +0200 CEST m=+10076.339945140,0
2023-06-27 21:56:52.848788435 +0200 CEST m=+10076.339959759,0
2023-06-27 21:56:52.848801167 +0200 CEST m=+10076.339972492,0
2023-06-27 21:56:52.84881335 +0200 CEST m=+10076.339984675,0
2023-06-27 21:56:52.848826177 +0200 CEST m=+10076.339997502,0
2023-06-27 21:56:52.848838381 +0200 CEST m=+10076.340009706,0
2023-06-27 21:56:52.848851947 +0200 CEST m=+10076.340023274,0
2023-06-27 21:56:52.848869003 +0200 CEST m=+10076.340040327,0
2023-06-27 21:56:52.848881661 +0200 CEST m=+10076.340052985,0
2023-06-27 21:56:52.84889314 +0200 CEST m=+10076.340064464,0
2023-06-27 21:56:52.849006023 +0200 CEST m=+10076.340177352,0
2023-06-27 21:56:52.849161867 +0200 CEST m=+10076.340333191,0
2023-06-27 21:56:52.84931322 +0200 CEST m=+10076.340484541,0
2023-06-27 21:56:52.864761464 +0200 CEST m=+10076.355932791,0
2023-06-27 21:56:52.864774277 +0200 CEST m=+10076.355945603,0
2023-06-27 21:56:52.86479584 +0200 CEST m=+10076.355967165,0
2023-06-27 21:56:52.864809672 +0200 CEST m=+10076.355981005,0
2023-06-27 21:56:52.864820696 +0200 CEST m=+10076.355992020,0
2023-06-27 21:56:52.864836015 +0200 CEST m=+10076.356007341,0
2023-06-27 21:56:52.864848375 +0200 CEST m=+10076.356019700,0
2023-06-27 21:56:52.864870769 +0200 CEST m=+10076.356042099,0
2023-06-27 21:56:52.864894023 +0200 CEST m=+10076.356065354,0
2023-06-27 21:56:52.864909335 +0200 CEST m=+10076.356080666,0
2023-06-27 21:56:52.864925532 +0200 CEST m=+10076.356096863,0
2023-06-27 21:56:52.864945594 +0200 CEST m=+10076.356116920,0
2023-06-27 21:56:52.864957641 +0200 CEST m=+10076.356128967,0
2023-06-27 21:56:52.865028926 +0200 CEST m=+10076.356200266,0
2023-06-27 21:56:52.865236306 +0200 CEST m=+10076.356407632,0
2023-06-27 21:56:52.880736348 +0200 CEST m=+10076.371907668,0
2023-06-27 21:56:52.880749244 +0200 CEST m=+10076.371920564,0
2023-06-27 21:56:52.880756189 +0200 CEST m=+10076.371927508,0
2023-06-27 21:56:52.880769198 +0200 CEST m=+10076.371940518,0
2023-06-27 21:56:52.880774885 +0200 CEST m=+10076.371946205,0
2023-06-27 21:56:52.880780333 +0200 CEST m=+10076.371951652,0
2023-06-27 21:56:52.880786282 +0200 CEST m=+10076.371957603,0
2023-06-27 21:56:52.88079336 +0200 CEST m=+10076.371964681,0
2023-06-27 21:56:52.880799348 +0200 CEST m=+10076.371970668,0
2023-06-27 21:56:52.880805465 +0200 CEST m=+10076.371976785,0
2023-06-27 21:56:52.880811523 +0200 CEST m=+10076.371982843,0
2023-06-27 21:56:52.880817266 +0200 CEST m=+10076.371988586,0
2023-06-27 21:56:52.880822884 +0200 CEST m=+10076.371994203,0
2023-06-27 21:56:52.880923274 +0200 CEST m=+10076.372094595,0
2023-06-27 21:56:52.881040229 +0200 CEST m=+10076.372211549,0
2023-06-27 21:56:52.881143069 +0200 CEST m=+10076.372314388,0
2023-06-27 21:56:52.881323495 +0200 CEST m=+10076.372494820,0
2023-06-27 21:56:52.896683916 +0200 CEST m=+10076.387855237,0
2023-06-27 21:56:52.89669246 +0200 CEST m=+10076.387863782,0
2023-06-27 21:56:52.896701415 +0200 CEST m=+10076.387872736,0
2023-06-27 21:56:52.896709937 +0200 CEST m=+10076.387881258,0
2023-06-27 21:56:52.896716782 +0200 CEST m=+10076.387888104,0
2023-06-27 21:56:52.896723679 +0200 CEST m=+10076.387895000,0
2023-06-27 21:56:52.896730572 +0200 CEST m=+10076.387901894,0
2023-06-27 21:56:52.896737691 +0200 CEST m=+10076.387909014,0
2023-06-27 21:56:52.896744576 +0200 CEST m=+10076.387915899,0
2023-06-27 21:56:52.89675147 +0200 CEST m=+10076.387922794,0
2023-06-27 21:56:52.896757892 +0200 CEST m=+10076.387929214,0
2023-06-27 21:56:52.896766537 +0200 CEST m=+10076.387937860,0
2023-06-27 21:56:52.896801345 +0200 CEST m=+10076.387972671,0
2023-06-27 21:56:52.897002734 +0200 CEST m=+10076.388174057,0
2023-06-27 21:56:52.897259343 +0200 CEST m=+10076.388430666,0
2023-06-27 21:56:52.912736912 +0200 CEST m=+10076.403908242,0
2023-06-27 21:56:52.912780109 +0200 CEST m=+10076.403951431,0
2023-06-27 21:56:52.912787564 +0200 CEST m=+10076.403958885,0
2023-06-27 21:56:52.912796052 +0200 CEST m=+10076.403967374,0
2023-06-27 21:56:52.912804 +0200 CEST m=+10076.403975321,0
2023-06-27 21:56:52.912810175 +0200 CEST m=+10076.403981495,0
2023-06-27 21:56:52.912816725 +0200 CEST m=+10076.403988046,0
2023-06-27 21:56:52.912822941 +0200 CEST m=+10076.403994262,0
2023-06-27 21:56:52.912830269 +0200 CEST m=+10076.404001591,0
2023-06-27 21:56:52.912838626 +0200 CEST m=+10076.404009947,0
2023-06-27 21:56:52.912844804 +0200 CEST m=+10076.404016126,0
2023-06-27 21:56:52.912850963 +0200 CEST m=+10076.404022284,0
2023-06-27 21:56:52.912858894 +0200 CEST m=+10076.404030216,0
2023-06-27 21:56:52.912969488 +0200 CEST m=+10076.404140811,0
2023-06-27 21:56:52.913150937 +0200 CEST m=+10076.404322259,0
2023-06-27 21:56:52.91333189 +0200 CEST m=+10076.404503215,0
2023-06-27 21:56:52.928842399 +0200 CEST m=+10076.420013721,0
2023-06-27 21:56:52.928875001 +0200 CEST m=+10076.420046325,0
2023-06-27 21:56:52.92889356 +0200 CEST m=+10076.420064884,0
2023-06-27 21:56:52.928911443 +0200 CEST m=+10076.420082767,0
2023-06-27 21:56:52.928928291 +0200 CEST m=+10076.420099616,0
2023-06-27 21:56:52.928952951 +0200 CEST m=+10076.420124280,0
2023-06-27 21:56:52.928972169 +0200 CEST m=+10076.420143489,0
2023-06-27 21:56:52.928984766 +0200 CEST m=+10076.420156086,0
2023-06-27 21:56:52.929019896 +0200 CEST m=+10076.420191217,0
2023-06-27 21:56:52.929028297 +0200 CEST m=+10076.420199617,0
2023-06-27 21:56:52.929037915 +0200 CEST m=+10076.420209235,0
2023-06-27 21:56:52.929046365 +0200 CEST m=+10076.420217685,0
2023-06-27 21:56:52.929053129 +0200 CEST m=+10076.420224449,0
2023-06-27 21:56:52.929100623 +0200 CEST m=+10076.420271947,0
2023-06-27 21:56:52.929273409 +0200 CEST m=+10076.420444733,0
2023-06-27 21:56:52.929482449 +0200 CEST m=+10076.420653779,0
2023-06-27 21:56:52.944734977 +0200 CEST m=+10076.435906299,0
2023-06-27 21:56:52.944752962 +0200 CEST m=+10076.435924287,0
2023-06-27 21:56:52.944769277 +0200 CEST m=+10076.435940603,0
2023-06-27 21:56:52.944792308 +0200 CEST m=+10076.435963633,0
2023-06-27 21:56:52.944814816 +0200 CEST m=+10076.435986138,0
2023-06-27 21:56:52.944826748 +0200 CEST m=+10076.435998067,0
2023-06-27 21:56:52.944834025 +0200 CEST m=+10076.436005345,0
2023-06-27 21:56:52.944839875 +0200 CEST m=+10076.436011195,0
2023-06-27 21:56:52.944847635 +0200 CEST m=+10076.436018955,0
2023-06-27 21:56:52.944854282 +0200 CEST m=+10076.436025603,0
2023-06-27 21:56:52.94486052 +0200 CEST m=+10076.436031839,0
2023-06-27 21:56:52.944866606 +0200 CEST m=+10076.436037926,0
2023-06-27 21:56:52.944872141 +0200 CEST m=+10076.436043462,0
2023-06-27 21:56:52.944877983 +0200 CEST m=+10076.436049303,0
2023-06-27 21:56:52.945040877 +0200 CEST m=+10076.436212198,0
2023-06-27 21:56:52.945222713 +0200 CEST m=+10076.436394043,0
2023-06-27 21:56:52.96071629 +0200 CEST m=+10076.451887620,0
2023-06-27 21:56:52.960741814 +0200 CEST m=+10076.451913142,0
2023-06-27 21:56:52.960757315 +0200 CEST m=+10076.451928645,0
2023-06-27 21:56:52.960777285 +0200 CEST m=+10076.451948615,0
2023-06-27 21:56:52.960792383 +0200 CEST m=+10076.451963709,0
2023-06-27 21:56:52.960812374 +0200 CEST m=+10076.451983701,0
2023-06-27 21:56:52.960827985 +0200 CEST m=+10076.451999309,0
2023-06-27 21:56:52.96084738 +0200 CEST m=+10076.452018710,0
2023-06-27 21:56:52.960862347 +0200 CEST m=+10076.452033673,0
2023-06-27 21:56:52.960878487 +0200 CEST m=+10076.452049819,0
2023-06-27 21:56:52.960911461 +0200 CEST m=+10076.452082791,0
2023-06-27 21:56:52.960931706 +0200 CEST m=+10076.452103032,0
2023-06-27 21:56:52.960944869 +0200 CEST m=+10076.452116194,0
2023-06-27 21:56:52.961013893 +0200 CEST m=+10076.452185223,0
2023-06-27 21:56:52.961176581 +0200 CEST m=+10076.452347912,0
2023-06-27 21:56:52.961365285 +0200 CEST m=+10076.452536606,0
2023-06-27 21:56:52.976668061 +0200 CEST m=+10076.467839382,0
2023-06-27 21:56:52.976681451 +0200 CEST m=+10076.467852770,0
2023-06-27 21:56:52.976716823 +0200 CEST m=+10076.467888143,0
2023-06-27 21:56:52.976726442 +0200 CEST m=+10076.467897763,0
2023-06-27 21:56:52.976740348 +0200 CEST m=+10076.467911672,0
2023-06-27 21:56:52.976752248 +0200 CEST m=+10076.467923572,0
2023-06-27 21:56:52.976763589 +0200 CEST m=+10076.467934913,0
2023-06-27 21:56:52.976776528 +0200 CEST m=+10076.467947852,0
2023-06-27 21:56:52.976789619 +0200 CEST m=+10076.467960938,0
2023-06-27 21:56:52.976801418 +0200 CEST m=+10076.467972739,0
2023-06-27 21:56:52.97681338 +0200 CEST m=+10076.467984700,0
2023-06-27 21:56:52.976823658 +0200 CEST m=+10076.467994981,0
2023-06-27 21:56:52.976839143 +0200 CEST m=+10076.468010467,0
2023-06-27 21:56:52.976882905 +0200 CEST m=+10076.468054229,0
2023-06-27 21:56:52.977093059 +0200 CEST m=+10076.468264383,0
2023-06-27 21:56:52.977212968 +0200 CEST m=+10076.468384288,0
2023-06-27 21:56:52.992727495 +0200 CEST m=+10076.483898816,0
2023-06-27 21:56:52.99273461 +0200 CEST m=+10076.483905930,0
2023-06-27 21:56:52.992740562 +0200 CEST m=+10076.483911882,0
2023-06-27 21:56:52.992747738 +0200 CEST m=+10076.483919059,0
2023-06-27 21:56:52.992777497 +0200 CEST m=+10076.483948821,0
2023-06-27 21:56:52.992791718 +0200 CEST m=+10076.483963042,0
2023-06-27 21:56:52.992803522 +0200 CEST m=+10076.483974846,0
2023-06-27 21:56:52.992816407 +0200 CEST m=+10076.483987730,0
2023-06-27 21:56:52.992828314 +0200 CEST m=+10076.483999639,0
2023-06-27 21:56:52.992841905 +0200 CEST m=+10076.484013234,0
2023-06-27 21:56:52.992856006 +0200 CEST m=+10076.484027331,0
2023-06-27 21:56:52.992868946 +0200 CEST m=+10076.484040270,0
2023-06-27 21:56:52.992880471 +0200 CEST m=+10076.484051795,0
2023-06-27 21:56:52.992971267 +0200 CEST m=+10076.484142590,0
2023-06-27 21:56:52.993135123 +0200 CEST m=+10076.484306448,0
2023-06-27 21:56:52.993250719 +0200 CEST m=+10076.484422039,0
2023-06-27 21:56:53.008725778 +0200 CEST m=+10076.499897111,0
2023-06-27 21:56:53.00874434 +0200 CEST m=+10076.499915664,0
2023-06-27 21:56:53.008765161 +0200 CEST m=+10076.499936483,0
2023-06-27 21:56:53.008775354 +0200 CEST m=+10076.499946676,0
2023-06-27 21:56:53.008788392 +0200 CEST m=+10076.499959714,0
2023-06-27 21:56:53.008797432 +0200 CEST m=+10076.499968756,0
2023-06-27 21:56:53.008816862 +0200 CEST m=+10076.499988185,0
2023-06-27 21:56:53.008825803 +0200 CEST m=+10076.499997126,0
2023-06-27 21:56:53.008838132 +0200 CEST m=+10076.500009456,0
2023-06-27 21:56:53.008853049 +0200 CEST m=+10076.500024373,0
2023-06-27 21:56:53.008860079 +0200 CEST m=+10076.500031401,0
2023-06-27 21:56:53.008867961 +0200 CEST m=+10076.500039283,0
2023-06-27 21:56:53.008875925 +0200 CEST m=+10076.500047249,0
2023-06-27 21:56:53.008988033 +0200 CEST m=+10076.500159356,0
2023-06-27 21:56:53.009154392 +0200 CEST m=+10076.500325714,0
2023-06-27 21:56:53.009285825 +0200 CEST m=+10076.500457155,0
2023-06-27 21:56:53.024744806 +0200 CEST m=+10076.515916126,0
2023-06-27 21:56:53.024751177 +0200 CEST m=+10076.515922497,0
2023-06-27 21:56:53.024759896 +0200 CEST m=+10076.515931216,0
2023-06-27 21:56:53.024768398 +0200 CEST m=+10076.515939718,0
2023-06-27 21:56:53.024778039 +0200 CEST m=+10076.515949360,0
2023-06-27 21:56:53.024794639 +0200 CEST m=+10076.515965960,0
2023-06-27 21:56:53.02480146 +0200 CEST m=+10076.515972780,0
2023-06-27 21:56:53.024807315 +0200 CEST m=+10076.515978635,0
2023-06-27 21:56:53.024815139 +0200 CEST m=+10076.515986460,0
2023-06-27 21:56:53.02482087 +0200 CEST m=+10076.515992191,0
2023-06-27 21:56:53.02482669 +0200 CEST m=+10076.515998010,0
2023-06-27 21:56:53.024832821 +0200 CEST m=+10076.516004141,0
2023-06-27 21:56:53.02483887 +0200 CEST m=+10076.516010191,0
2023-06-27 21:56:53.024966877 +0200 CEST m=+10076.516138197,0
2023-06-27 21:56:53.02508608 +0200 CEST m=+10076.516257400,0
2023-06-27 21:56:53.025236277 +0200 CEST m=+10076.516407598,0
2023-06-27 21:56:53.040721119 +0200 CEST m=+10076.531892439,0
2023-06-27 21:56:53.04072735 +0200 CEST m=+10076.531898670,0
2023-06-27 21:56:53.040733103 +0200 CEST m=+10076.531904424,0
2023-06-27 21:56:53.040746765 +0200 CEST m=+10076.531918085,0
2023-06-27 21:56:53.040756475 +0200 CEST m=+10076.531927795,0
2023-06-27 21:56:53.040776989 +0200 CEST m=+10076.531948310,0
2023-06-27 21:56:53.040783481 +0200 CEST m=+10076.531954802,0
2023-06-27 21:56:53.04079011 +0200 CEST m=+10076.531961431,0
2023-06-27 21:56:53.040795897 +0200 CEST m=+10076.531967217,0
2023-06-27 21:56:53.040801911 +0200 CEST m=+10076.531973230,0
2023-06-27 21:56:53.040807699 +0200 CEST m=+10076.531979019,0
2023-06-27 21:56:53.040813727 +0200 CEST m=+10076.531985047,0
2023-06-27 21:56:53.04081971 +0200 CEST m=+10076.531991030,0
2023-06-27 21:56:53.040999936 +0200 CEST m=+10076.532171256,19.955198287963867
2023-06-27 21:56:53.04111906 +0200 CEST m=+10076.532290380,19.332292556762695
2023-06-27 21:56:53.041220213 +0200 CEST m=+10076.532391533,24.17754554748535
2023-06-27 21:56:53.056738125 +0200 CEST m=+10076.547909459,28.592304229736328
2023-06-27 21:56:53.056753599 +0200 CEST m=+10076.547924934,29.86819076538086
2023-06-27 21:56:53.056768596 +0200 CEST m=+10076.547939928,30.172351837158203
2023-06-27 21:56:53.056784563 +0200 CEST m=+10076.547955896,31.385087966918945
2023-06-27 21:56:53.056802969 +0200 CEST m=+10076.547974302,31.328155517578125
2023-06-27 21:56:53.056817877 +0200 CEST m=+10076.547989211,31.346723556518555
2023-06-27 21:56:53.05683467 +0200 CEST m=+10076.548006005,33.041160583496094
2023-06-27 21:56:53.056849752 +0200 CEST m=+10076.548021087,33.19951248168945
2023-06-27 21:56:53.056865377 +0200 CEST m=+10076.548036712,33.567806243896484
2023-06-27 21:56:53.056881074 +0200 CEST m=+10076.548052406,34.75608825683594
2023-06-27 21:56:53.056897086 +0200 CEST m=+10076.548068422,36.49987030029297
2023-06-27 21:56:53.056912095 +0200 CEST m=+10076.548083427,37.65616989135742
2023-06-27 21:56:53.056929057 +0200 CEST m=+10076.548100393,39.00798034667969
2023-06-27 21:56:53.056989099 +0200 CEST m=+10076.548160434,40.78960418701172
2023-06-27 21:56:53.057207179 +0200 CEST m=+10076.548378507,42.731746673583984
2023-06-27 21:56:53.057456723 +0200 CEST m=+10076.548628054,44.23056411743164
2023-06-27 21:56:53.072786734 +0200 CEST m=+10076.563958054,45.612098693847656
2023-06-27 21:56:53.072795236 +0200 CEST m=+10076.563966558,47.029571533203125
2023-06-27 21:56:53.072801568 +0200 CEST m=+10076.563972888,48.613197326660156
2023-06-27 21:56:53.072808611 +0200 CEST m=+10076.563979931,49.954952239990234
2023-06-27 21:56:53.072814708 +0200 CEST m=+10076.563986029,51.040897369384766
2023-06-27 21:56:53.072821272 +0200 CEST m=+10076.563992592,52.135009765625
2023-06-27 21:56:53.072828043 +0200 CEST m=+10076.563999363,53.2344856262207
2023-06-27 21:56:53.072836401 +0200 CEST m=+10076.564007722,54.33647918701172
2023-06-27 21:56:53.07284315 +0200 CEST m=+10076.564014472,55.438114166259766
2023-06-27 21:56:53.07285075 +0200 CEST m=+10076.564022071,56.53648376464844
2023-06-27 21:56:53.072856868 +0200 CEST m=+10076.564028189,57.6286735534668
2023-06-27 21:56:53.072867076 +0200 CEST m=+10076.564038397,58.71174240112305
2023-06-27 21:56:53.072873547 +0200 CEST m=+10076.564044868,59.78276443481445
2023-06-27 21:56:53.072925164 +0200 CEST m=+10076.564096485,60.838802337646484
2023-06-27 21:56:53.073095652 +0200 CEST m=+10076.564266982,61.5202751159668
2023-06-27 21:56:53.07330119 +0200 CEST m=+10076.564472516,61.875240325927734
2023-06-27 21:56:53.088752853 +0200 CEST m=+10076.579924173,62.20289993286133
2023-06-27 21:56:53.088832189 +0200 CEST m=+10076.580003521,62.502140045166016
2023-06-27 21:56:53.088844834 +0200 CEST m=+10076.580016164,62.77191162109375
2023-06-27 21:56:53.088862846 +0200 CEST m=+10076.580034177,63.01123809814453
2023-06-27 21:56:53.088881768 +0200 CEST m=+10076.580053096,63.21921157836914
2023-06-27 21:56:53.088894527 +0200 CEST m=+10076.580065857,63.394996643066406
2023-06-27 21:56:53.088906525 +0200 CEST m=+10076.580077857,63.537845611572266
2023-06-27 21:56:53.088919819 +0200 CEST m=+10076.580091149,63.6470832824707
2023-06-27 21:56:53.088933316 +0200 CEST m=+10076.580104644,63.72212219238281
2023-06-27 21:56:53.088946377 +0200 CEST m=+10076.580117709,63.76245880126953
2023-06-27 21:56:53.088959666 +0200 CEST m=+10076.580130995,63.767677307128906
2023-06-27 21:56:53.088972122 +0200 CEST m=+10076.580143453,63.73745346069336
2023-06-27 21:56:53.088985339 +0200 CEST m=+10076.580156669,63.67155075073242
2023-06-27 21:56:53.088997437 +0200 CEST m=+10076.580168762,63.569828033447266
2023-06-27 21:56:53.089074017 +0200 CEST m=+10076.580245342,63.43223571777344
2023-06-27 21:56:53.104760855 +0200 CEST m=+10076.595932181,63.25882339477539
2023-06-27 21:56:53.10479072 +0200 CEST m=+10076.595962040,63.04972839355469
2023-06-27 21:56:53.104801465 +0200 CEST m=+10076.595972785,62.80519104003906
2023-06-27 21:56:53.104812905 +0200 CEST m=+10076.595984226,62.525543212890625
2023-06-27 21:56:53.104833382 +0200 CEST m=+10076.596004707,62.7240104675293
2023-06-27 21:56:53.104843188 +0200 CEST m=+10076.596014509,63.19371032714844
2023-06-27 21:56:53.104852087 +0200 CEST m=+10076.596023407,63.615360260009766
2023-06-27 21:56:53.104864416 +0200 CEST m=+10076.596035735,63.98672866821289
2023-06-27 21:56:53.104878753 +0200 CEST m=+10076.596050073,64.30577850341797
2023-06-27 21:56:53.104891377 +0200 CEST m=+10076.596062704,64.5706558227539
2023-06-27 21:56:53.104903568 +0200 CEST m=+10076.596074889,64.77970886230469
2023-06-27 21:56:53.104918783 +0200 CEST m=+10076.596090107,64.9315185546875
2023-06-27 21:56:53.104934648 +0200 CEST m=+10076.596105967,65.02487182617188
2023-06-27 21:56:53.105236308 +0200 CEST m=+10076.596407632,65.05878448486328
2023-06-27 21:56:53.105574696 +0200 CEST m=+10076.596746027,65.03250885009766
2023-06-27 21:56:53.105843636 +0200 CEST m=+10076.597014976,64.94554138183594
2023-06-27 21:56:53.12072166 +0200 CEST m=+10076.611892984,64.7976303100586
2023-06-27 21:56:53.120734825 +0200 CEST m=+10076.611906151,64.58875274658203
2023-06-27 21:56:53.120746977 +0200 CEST m=+10076.611918301,64.31916046142578
2023-06-27 21:56:53.120758939 +0200 CEST m=+10076.611930263,63.98932647705078
2023-06-27 21:56:53.120771593 +0200 CEST m=+10076.611942922,63.600006103515625
2023-06-27 21:56:53.12078574 +0200 CEST m=+10076.611957064,62.263431549072266
2023-06-27 21:56:53.12079774 +0200 CEST m=+10076.611969064,60.76506805419922
2023-06-27 21:56:53.120809189 +0200 CEST m=+10076.611980513,59.52434158325195
2023-06-27 21:56:53.120821587 +0200 CEST m=+10076.611992911,58.24941635131836
2023-06-27 21:56:53.120833427 +0200 CEST m=+10076.612004751,56.943336486816406
2023-06-27 21:56:53.120844942 +0200 CEST m=+10076.612016266,55.6092529296875
2023-06-27 21:56:53.120858912 +0200 CEST m=+10076.612030237,54.25041580200195
2023-06-27 21:56:53.120871504 +0200 CEST m=+10076.612042829,52.87015914916992
2023-06-27 21:56:53.120914158 +0200 CEST m=+10076.612085481,51.47189712524414
2023-06-27 21:56:53.121086047 +0200 CEST m=+10076.612257366,50.05912780761719
2023-06-27 21:56:53.121225528 +0200 CEST m=+10076.612396849,48.635398864746094
2023-06-27 21:56:53.136751241 +0200 CEST m=+10076.627922586,47.236812591552734
2023-06-27 21:56:53.136792572 +0200 CEST m=+10076.627963912,46.55107116699219
2023-06-27 21:56:53.136817883 +0200 CEST m=+10076.627989235,45.38405990600586
2023-06-27 21:56:53.136845216 +0200 CEST m=+10076.628016557,44.22141647338867
2023-06-27 21:56:53.136869701 +0200 CEST m=+10076.628041042,43.066165924072266
2023-06-27 21:56:53.136891743 +0200 CEST m=+10076.628063083,41.92132568359375
2023-06-27 21:56:53.136920204 +0200 CEST m=+10076.628091545,40.7899055480957
2023-06-27 21:56:53.136945801 +0200 CEST m=+10076.628117144,39.67490005493164
2023-06-27 21:56:53.13696882 +0200 CEST m=+10076.628140161,38.57928466796875
2023-06-27 21:56:53.13699734 +0200 CEST m=+10076.628168681,37.881195068359375
2023-06-27 21:56:53.137021337 +0200 CEST m=+10076.628192676,37.528175354003906
2023-06-27 21:56:53.137044057 +0200 CEST m=+10076.628215398,37.204811096191406
2023-06-27 21:56:53.137071763 +0200 CEST m=+10076.628243103,36.912113189697266
2023-06-27 21:56:53.137094549 +0200 CEST m=+10076.628265891,36.65102005004883
2023-06-27 21:56:53.137332669 +0200 CEST m=+10076.628504004,36.422401428222656
2023-06-27 21:56:53.137544517 +0200 CEST m=+10076.628715851,36.22703552246094
2023-06-27 21:56:53.152725951 +0200 CEST m=+10076.643897290,36.06563186645508
2023-06-27 21:56:53.152811786 +0200 CEST m=+10076.643983116,35.93880844116211
2023-06-27 21:56:53.152826001 +0200 CEST m=+10076.643997329,35.847103118896484
2023-06-27 21:56:53.152840421 +0200 CEST m=+10076.644011746,35.790958404541016
2023-06-27 21:56:53.152854574 +0200 CEST m=+10076.644025897,35.77073669433594
2023-06-27 21:56:53.152868391 +0200 CEST m=+10076.644039716,35.78669738769531
2023-06-27 21:56:53.152882873 +0200 CEST m=+10076.644054200,35.8577995300293
2023-06-27 21:56:53.152896547 +0200 CEST m=+10076.644067872,35.985843658447266
2023-06-27 21:56:53.152910644 +0200 CEST m=+10076.644081969,36.170738220214844
2023-06-27 21:56:53.152926085 +0200 CEST m=+10076.644097414,36.412166595458984
2023-06-27 21:56:53.152943184 +0200 CEST m=+10076.644114516,36.709571838378906
2023-06-27 21:56:53.152960339 +0200 CEST m=+10076.644131664,37.062164306640625
2023-06-27 21:56:53.152974061 +0200 CEST m=+10076.644145387,37.13102722167969
2023-06-27 21:56:53.152988966 +0200 CEST m=+10076.644160291,36.66602325439453
2023-06-27 21:56:53.153106879 +0200 CEST m=+10076.644278201,36.25080108642578
2023-06-27 21:56:53.153315574 +0200 CEST m=+10076.644486903,35.88738250732422
2023-06-27 21:56:53.168735694 +0200 CEST m=+10076.659907014,35.57760238647461
2023-06-27 21:56:53.168741824 +0200 CEST m=+10076.659913143,35.32308578491211
2023-06-27 21:56:53.168748133 +0200 CEST m=+10076.659919454,35.12525177001953
2023-06-27 21:56:53.168755161 +0200 CEST m=+10076.659926480,34.98529052734375
2023-06-27 21:56:53.168761873 +0200 CEST m=+10076.659933193,34.904178619384766
2023-06-27 21:56:53.168769007 +0200 CEST m=+10076.659940326,34.882659912109375
2023-06-27 21:56:53.168777215 +0200 CEST m=+10076.659948536,34.92123794555664
2023-06-27 21:56:53.168783925 +0200 CEST m=+10076.659955246,35.020179748535156
2023-06-27 21:56:53.168789534 +0200 CEST m=+10076.659960854,35.179508209228516
2023-06-27 21:56:53.168795668 +0200 CEST m=+10076.659966989,35.350311279296875
2023-06-27 21:56:53.168803346 +0200 CEST m=+10076.659974666,35.559410095214844
2023-06-27 21:56:53.168809059 +0200 CEST m=+10076.659980379,35.80646896362305
2023-06-27 21:56:53.168816237 +0200 CEST m=+10076.659987557,36.0910758972168
2023-06-27 21:56:53.168983804 +0200 CEST m=+10076.660155131,36.41270065307617
2023-06-27 21:56:53.169221619 +0200 CEST m=+10076.660392939,37.25965881347656
2023-06-27 21:56:53.169326064 +0200 CEST m=+10076.660497385,38.43793869018555
2023-06-27 21:56:53.184713743 +0200 CEST m=+10076.675885069,39.65214538574219
2023-06-27 21:56:53.18473169 +0200 CEST m=+10076.675903016,40.89936828613281
2023-06-27 21:56:53.184745002 +0200 CEST m=+10076.675916329,42.17658615112305
2023-06-27 21:56:53.184757995 +0200 CEST m=+10076.675929322,43.480690002441406
2023-06-27 21:56:53.184775028 +0200 CEST m=+10076.675946355,44.8084831237793
2023-06-27 21:56:53.184788216 +0200 CEST m=+10076.675959543,46.15669631958008
2023-06-27 21:56:53.184802795 +0200 CEST m=+10076.675974122,47.521976470947266
2023-06-27 21:56:53.184820688 +0200 CEST m=+10076.675992015,48.90092468261719
2023-06-27 21:56:53.184833753 +0200 CEST m=+10076.676005080,50.290077209472656
2023-06-27 21:56:53.184850573 +0200 CEST m=+10076.676021900,51.68593215942383
2023-06-27 21:56:53.18486418 +0200 CEST m=+10076.676035508,52.99586486816406
2023-06-27 21:56:53.18487723 +0200 CEST m=+10076.676048557,54.353614807128906
2023-06-27 21:56:53.184890556 +0200 CEST m=+10076.676061888,55.70719528198242
2023-06-27 21:56:53.184975929 +0200 CEST m=+10076.676147252,57.053131103515625
2023-06-27 21:56:53.185174404 +0200 CEST m=+10076.676345728,58.387935638427734
2023-06-27 21:56:53.185367709 +0200 CEST m=+10076.676539031,59.70813751220703
2023-06-27 21:56:53.200866423 +0200 CEST m=+10076.692037743,61.01028823852539
2023-06-27 21:56:53.200895521 +0200 CEST m=+10076.692066841,62.29096603393555
2023-06-27 21:56:53.200910729 +0200 CEST m=+10076.692082050,63.546791076660156
2023-06-27 21:56:53.200932873 +0200 CEST m=+10076.692104194,64.13900756835938
2023-06-27 21:56:53.200945713 +0200 CEST m=+10076.692117034,64.53052520751953
2023-06-27 21:56:53.200953485 +0200 CEST m=+10076.692124805,63.39492416381836
2023-06-27 21:56:53.200960684 +0200 CEST m=+10076.692132005,63.67728805541992
2023-06-27 21:56:53.200967409 +0200 CEST m=+10076.692138729,63.92606735229492
2023-06-27 21:56:53.200976488 +0200 CEST m=+10076.692147808,64.14049530029297
2023-06-27 21:56:53.200982606 +0200 CEST m=+10076.692153926,64.35919189453125
2023-06-27 21:56:53.20098967 +0200 CEST m=+10076.692160989,64.52200317382812
2023-06-27 21:56:53.20099733 +0200 CEST m=+10076.692168650,64.62799072265625
2023-06-27 21:56:53.201003378 +0200 CEST m=+10076.692174698,64.67645263671875
2023-06-27 21:56:53.201233497 +0200 CEST m=+10076.692404822,64.66690826416016
2023-06-27 21:56:53.201407046 +0200 CEST m=+10076.692578369,64.59910583496094
2023-06-27 21:56:53.201659284 +0200 CEST m=+10076.692830613,64.47301483154297
2023-06-27 21:56:53.2167444 +0200 CEST m=+10076.707915724,64.28885650634766
2023-06-27 21:56:53.216762498 +0200 CEST m=+10076.707933823,64.04706573486328
2023-06-27 21:56:53.216773934 +0200 CEST m=+10076.707945259,63.748321533203125
2023-06-27 21:56:53.216786528 +0200 CEST m=+10076.707957851,63.393531799316406
2023-06-27 21:56:53.216801078 +0200 CEST m=+10076.707972402,62.98383331298828
2023-06-27 21:56:53.216812792 +0200 CEST m=+10076.707984116,63.431766510009766
2023-06-27 21:56:53.216824542 +0200 CEST m=+10076.707995866,63.86012649536133
2023-06-27 21:56:53.216837468 +0200 CEST m=+10076.708008793,64.235595703125
2023-06-27 21:56:53.216850186 +0200 CEST m=+10076.708021510,64.55641174316406
2023-06-27 21:56:53.216862738 +0200 CEST m=+10076.708034062,64.82103729248047
2023-06-27 21:56:53.216878921 +0200 CEST m=+10076.708050245,65.02814483642578
2023-06-27 21:56:53.216890458 +0200 CEST m=+10076.708061783,65.17662811279297
2023-06-27 21:56:53.216902234 +0200 CEST m=+10076.708073558,65.25260925292969
2023-06-27 21:56:53.217014522 +0200 CEST m=+10076.708185850,65.29016876220703
2023-06-27 21:56:53.217202271 +0200 CEST m=+10076.708373595,65.2890625
2023-06-27 21:56:53.217419688 +0200 CEST m=+10076.708591010,65.24913787841797
2023-06-27 21:56:53.232882722 +0200 CEST m=+10076.724054088,65.17035675048828
2023-06-27 21:56:53.232966646 +0200 CEST m=+10076.724138020,65.0527572631836
2023-06-27 21:56:53.233040817 +0200 CEST m=+10076.724212228,64.8965072631836
2023-06-27 21:56:53.233106488 +0200 CEST m=+10076.724277881,64.70184326171875
2023-06-27 21:56:53.233168396 +0200 CEST m=+10076.724339793,64.4691162109375
2023-06-27 21:56:53.233230288 +0200 CEST m=+10076.724401678,64.19877624511719
2023-06-27 21:56:53.233300101 +0200 CEST m=+10076.724471496,63.89137268066406
2023-06-27 21:56:53.233370226 +0200 CEST m=+10076.724541646,63.54753875732422
2023-06-27 21:56:53.233429471 +0200 CEST m=+10076.724600803,62.481380462646484
2023-06-27 21:56:53.23345005 +0200 CEST m=+10076.724621384,61.28119659423828
2023-06-27 21:56:53.233477252 +0200 CEST m=+10076.724648587,60.0478401184082
2023-06-27 21:56:53.233499582 +0200 CEST m=+10076.724670916,58.784332275390625
2023-06-27 21:56:53.233522707 +0200 CEST m=+10076.724694041,57.49376678466797
2023-06-27 21:56:53.233543542 +0200 CEST m=+10076.724714873,56.17932891845703
2023-06-27 21:56:53.233807811 +0200 CEST m=+10076.724979147,54.844276428222656
2023-06-27 21:56:53.234182485 +0200 CEST m=+10076.725353819,53.4919319152832
2023-06-27 21:56:53.248926367 +0200 CEST m=+10076.740097687,52.12566375732422
2023-06-27 21:56:53.248943565 +0200 CEST m=+10076.740114887,50.7489013671875
2023-06-27 21:56:53.248956344 +0200 CEST m=+10076.740127666,49.3651123046875
2023-06-27 21:56:53.248975651 +0200 CEST m=+10076.740146973,47.977787017822266
2023-06-27 21:56:53.24899618 +0200 CEST m=+10076.740167502,46.59044647216797
2023-06-27 21:56:53.24901271 +0200 CEST m=+10076.740184033,45.20661544799805
2023-06-27 21:56:53.249030596 +0200 CEST m=+10076.740201917,43.829830169677734
2023-06-27 21:56:53.249042722 +0200 CEST m=+10076.740214047,42.463623046875
2023-06-27 21:56:53.249067524 +0200 CEST m=+10076.740238846,41.13389587402344
2023-06-27 21:56:53.249087195 +0200 CEST m=+10076.740258517,40.030731201171875
2023-06-27 21:56:53.249100876 +0200 CEST m=+10076.740272198,38.751136779785156
2023-06-27 21:56:53.249132041 +0200 CEST m=+10076.740303364,37.18596649169922
2023-06-27 21:56:53.249157514 +0200 CEST m=+10076.740328837,36.7469596862793
2023-06-27 21:56:53.249274049 +0200 CEST m=+10076.740445370,36.297142028808594
2023-06-27 21:56:53.24956176 +0200 CEST m=+10076.740733098,35.899932861328125
2023-06-27 21:56:53.249921345 +0200 CEST m=+10076.741092690,35.55710220336914
2023-06-27 21:56:53.264712333 +0200 CEST m=+10076.755883682,35.27021408081055
2023-06-27 21:56:53.264744831 +0200 CEST m=+10076.755916180,35.04060745239258
2023-06-27 21:56:53.264817226 +0200 CEST m=+10076.755988586,34.869407653808594
2023-06-27 21:56:53.264849302 +0200 CEST m=+10076.756020664,34.75749969482422
2023-06-27 21:56:53.264874536 +0200 CEST m=+10076.756045887,34.7055549621582
2023-06-27 21:56:53.264905011 +0200 CEST m=+10076.756076360,34.7139892578125
2023-06-27 21:56:53.264938616 +0200 CEST m=+10076.756109976,34.78299331665039
2023-06-27 21:56:53.264966466 +0200 CEST m=+10076.756137814,34.91250991821289
2023-06-27 21:56:53.264994306 +0200 CEST m=+10076.756165668,35.10224914550781
2023-06-27 21:56:53.265025057 +0200 CEST m=+10076.756196418,35.3516731262207
2023-06-27 21:56:53.265061355 +0200 CEST m=+10076.756232716,35.66000747680664
2023-06-27 21:56:53.265091762 +0200 CEST m=+10076.756263123,36.0262451171875
2023-06-27 21:56:53.265123598 +0200 CEST m=+10076.756294965,36.449134826660156
2023-06-27 21:56:53.265177069 +0200 CEST m=+10076.756348433,36.17866516113281
2023-06-27 21:56:53.265714434 +0200 CEST m=+10076.756885783,35.818321228027344
2023-06-27 21:56:53.266031884 +0200 CEST m=+10076.757203215,35.49287796020508
2023-06-27 21:56:53.280715579 +0200 CEST m=+10076.771886919,35.2032585144043
2023-06-27 21:56:53.28073859 +0200 CEST m=+10076.771909931,34.9503059387207
2023-06-27 21:56:53.280758407 +0200 CEST m=+10076.771929752,34.73476028442383
2023-06-27 21:56:53.280780774 +0200 CEST m=+10076.771952116,34.557281494140625
2023-06-27 21:56:53.280800823 +0200 CEST m=+10076.771972167,34.41842269897461
2023-06-27 21:56:53.280822008 +0200 CEST m=+10076.771993351,34.31865310668945
2023-06-27 21:56:53.280842266 +0200 CEST m=+10076.772013609,34.25832748413086
2023-06-27 21:56:53.280863231 +0200 CEST m=+10076.772034576,34.23771667480469
2023-06-27 21:56:53.280884971 +0200 CEST m=+10076.772056315,34.25698471069336
2023-06-27 21:56:53.280906433 +0200 CEST m=+10076.772077780,34.316192626953125
2023-06-27 21:56:53.280926423 +0200 CEST m=+10076.772097766,34.41530227661133
2023-06-27 21:56:53.280948655 +0200 CEST m=+10076.772120000,34.55418014526367
2023-06-27 21:56:53.280968064 +0200 CEST m=+10076.772139408,34.732582092285156
2023-06-27 21:56:53.281058607 +0200 CEST m=+10076.772229951,34.950164794921875
2023-06-27 21:56:53.281420582 +0200 CEST m=+10076.772591922,35.20648956298828
2023-06-27 21:56:53.281773193 +0200 CEST m=+10076.772944528,35.50101089477539
2023-06-27 21:56:53.296852031 +0200 CEST m=+10076.788023353,35.83308792114258
2023-06-27 21:56:53.296873011 +0200 CEST m=+10076.788044334,36.30246353149414
2023-06-27 21:56:53.296902161 +0200 CEST m=+10076.788073486,37.51191711425781
2023-06-27 21:56:53.296925515 +0200 CEST m=+10076.788096837,38.756378173828125
2023-06-27 21:56:53.296951473 +0200 CEST m=+10076.788122799,40.03278732299805
2023-06-27 21:56:53.296969469 +0200 CEST m=+10076.788140793,41.33799362182617
2023-06-27 21:56:53.296988525 +0200 CEST m=+10076.788159849,42.668766021728516
2023-06-27 21:56:53.297009559 +0200 CEST m=+10076.788180882,44.02179718017578
2023-06-27 21:56:53.297028905 +0200 CEST m=+10076.788200229,45.39372253417969
2023-06-27 21:56:53.297080548 +0200 CEST m=+10076.788251871,46.78110122680664
2023-06-27 21:56:53.297102861 +0200 CEST m=+10076.788274183,48.18046951293945
2023-06-27 21:56:53.297121641 +0200 CEST m=+10076.788292963,49.58829879760742
2023-06-27 21:56:53.297140316 +0200 CEST m=+10076.788311646,51.00104522705078
2023-06-27 21:56:53.297288618 +0200 CEST m=+10076.788459946,52.76845169067383
2023-06-27 21:56:53.297648255 +0200 CEST m=+10076.788819583,54.53096008300781
2023-06-27 21:56:53.297856471 +0200 CEST m=+10076.789027793,56.28156661987305
2023-06-27 21:56:53.312728729 +0200 CEST m=+10076.803900063,58.01328659057617
2023-06-27 21:56:53.312743827 +0200 CEST m=+10076.803915161,59.71919250488281
2023-06-27 21:56:53.312758936 +0200 CEST m=+10076.803930269,61.39242935180664
2023-06-27 21:56:53.312771396 +0200 CEST m=+10076.803942725,63.0262565612793
2023-06-27 21:56:53.312782603 +0200 CEST m=+10076.803953932,64.37277221679688
2023-06-27 21:56:53.312795488 +0200 CEST m=+10076.803966817,64.87307739257812
2023-06-27 21:56:53.312809669 +0200 CEST m=+10076.803981001,65.31620025634766
2023-06-27 21:56:53.312825827 +0200 CEST m=+10076.803997163,65.70018005371094
2023-06-27 21:56:53.312849045 +0200 CEST m=+10076.804020380,66.02330017089844
2023-06-27 21:56:53.312870725 +0200 CEST m=+10076.804042061,66.2840805053711
2023-06-27 21:56:53.312886801 +0200 CEST m=+10076.804058136,66.48126220703125
2023-06-27 21:56:53.312910363 +0200 CEST m=+10076.804081692,66.6138687133789
2023-06-27 21:56:53.312922193 +0200 CEST m=+10076.804093520,66.68114471435547
2023-06-27 21:56:53.312992817 +0200 CEST m=+10076.804164142,66.68260955810547
2023-06-27 21:56:53.313206927 +0200 CEST m=+10076.804378254,66.6180419921875
2023-06-27 21:56:53.328745962 +0200 CEST m=+10076.819917283,67.04796600341797
2023-06-27 21:56:53.328752322 +0200 CEST m=+10076.819923642,66.89380645751953
2023-06-27 21:56:53.328758021 +0200 CEST m=+10076.819929342,66.69637298583984
2023-06-27 21:56:53.328767527 +0200 CEST m=+10076.819938847,66.45603942871094
2023-06-27 21:56:53.328773481 +0200 CEST m=+10076.819944801,66.17328643798828
2023-06-27 21:56:53.328779685 +0200 CEST m=+10076.819951006,65.84870147705078
2023-06-27 21:56:53.328786689 +0200 CEST m=+10076.819958009,65.48298645019531
2023-06-27 21:56:53.328792741 +0200 CEST m=+10076.819964061,65.26038360595703
2023-06-27 21:56:53.328811789 +0200 CEST m=+10076.819983109,65.69631958007812
2023-06-27 21:56:53.328824673 +0200 CEST m=+10076.819995992,66.0937728881836
2023-06-27 21:56:53.328833551 +0200 CEST m=+10076.820004871,66.45160675048828
2023-06-27 21:56:53.328839676 +0200 CEST m=+10076.820010996,66.76881408691406
2023-06-27 21:56:53.328845359 +0200 CEST m=+10076.820016679,67.0444564819336
2023-06-27 21:56:53.328943637 +0200 CEST m=+10076.820114966,67.27771759033203
2023-06-27 21:56:53.329144911 +0200 CEST m=+10076.820316235,67.46788024902344
2023-06-27 21:56:53.329339621 +0200 CEST m=+10076.820510948,67.61433410644531
2023-06-27 21:56:53.344730128 +0200 CEST m=+10076.835901450,67.71658325195312
2023-06-27 21:56:53.344786067 +0200 CEST m=+10076.835957396,67.77423858642578
2023-06-27 21:56:53.344807131 +0200 CEST m=+10076.835978464,67.78701782226562
2023-06-27 21:56:53.344829447 +0200 CEST m=+10076.836000778,67.7547607421875
2023-06-27 21:56:53.344854788 +0200 CEST m=+10076.836026123,67.67742156982422
2023-06-27 21:56:53.344875963 +0200 CEST m=+10076.836047292,67.55506896972656
2023-06-27 21:56:53.344895751 +0200 CEST m=+10076.836067090,67.38787078857422
2023-06-27 21:56:53.344914057 +0200 CEST m=+10076.836085394,67.17613220214844
2023-06-27 21:56:53.344946922 +0200 CEST m=+10076.836118257,66.92025756835938
2023-06-27 21:56:53.34496642 +0200 CEST m=+10076.836137756,66.62076568603516
2023-06-27 21:56:53.345016569 +0200 CEST m=+10076.836187906,66.2782974243164
2023-06-27 21:56:53.345035876 +0200 CEST m=+10076.836207212,65.89360046386719
2023-06-27 21:56:53.345053717 +0200 CEST m=+10076.836225046,65.12711334228516
2023-06-27 21:56:53.345068022 +0200 CEST m=+10076.836239352,63.75200271606445
2023-06-27 21:56:53.345081679 +0200 CEST m=+10076.836253009,62.338104248046875
2023-06-27 21:56:53.345165255 +0200 CEST m=+10076.836336583,60.88889694213867
2023-06-27 21:56:53.360717483 +0200 CEST m=+10076.851888805,59.03318405151367
2023-06-27 21:56:53.360724925 +0200 CEST m=+10076.851896246,57.13507843017578
2023-06-27 21:56:53.360797868 +0200 CEST m=+10076.851969190,55.20195388793945
2023-06-27 21:56:53.360806169 +0200 CEST m=+10076.851977492,53.241355895996094
2023-06-27 21:56:53.360818427 +0200 CEST m=+10076.851989748,51.26095962524414
2023-06-27 21:56:53.360825873 +0200 CEST m=+10076.851997195,49.268550872802734
2023-06-27 21:56:53.360832524 +0200 CEST m=+10076.852003846,47.27199172973633
2023-06-27 21:56:53.360840118 +0200 CEST m=+10076.852011440,45.47432327270508
2023-06-27 21:56:53.360848069 +0200 CEST m=+10076.852019391,43.5767822265625
2023-06-27 21:56:53.360854841 +0200 CEST m=+10076.852026163,42.980613708496094
2023-06-27 21:56:53.360862594 +0200 CEST m=+10076.852033916,41.42588424682617
2023-06-27 21:56:53.36087395 +0200 CEST m=+10076.852045273,39.9040412902832
2023-06-27 21:56:53.360880412 +0200 CEST m=+10076.852051734,38.42110824584961
2023-06-27 21:56:53.360888697 +0200 CEST m=+10076.852060019,37.014339447021484
2023-06-27 21:56:53.361037977 +0200 CEST m=+10076.852209299,36.56732177734375
2023-06-27 21:56:53.361159788 +0200 CEST m=+10076.852331109,36.17305374145508
2023-06-27 21:56:53.376738027 +0200 CEST m=+10076.867909350,35.833133697509766
2023-06-27 21:56:53.376745479 +0200 CEST m=+10076.867916801,35.54893112182617
2023-06-27 21:56:53.376793898 +0200 CEST m=+10076.867965221,35.32160568237305
2023-06-27 21:56:53.3768029 +0200 CEST m=+10076.867974222,35.181331634521484
2023-06-27 21:56:53.376809994 +0200 CEST m=+10076.867981316,35.07843017578125
2023-06-27 21:56:53.37681671 +0200 CEST m=+10076.867988034,35.01318359375
2023-06-27 21:56:53.376826244 +0200 CEST m=+10076.867997566,34.985774993896484
2023-06-27 21:56:53.376834019 +0200 CEST m=+10076.868005342,34.99628829956055
2023-06-27 21:56:53.376847401 +0200 CEST m=+10076.868018724,35.04471969604492
2023-06-27 21:56:53.376854922 +0200 CEST m=+10076.868026245,35.13096618652344
2023-06-27 21:56:53.376862178 +0200 CEST m=+10076.868033500,35.254825592041016
2023-06-27 21:56:53.376869986 +0200 CEST m=+10076.868041308,35.4160041809082
2023-06-27 21:56:53.37687688 +0200 CEST m=+10076.868048202,35.61411666870117
2023-06-27 21:56:53.377034673 +0200 CEST m=+10076.868206000,35.84867477416992
2023-06-27 21:56:53.377199324 +0200 CEST m=+10076.868370645,36.11910629272461
2023-06-27 21:56:53.37740352 +0200 CEST m=+10076.868574847,36.424747467041016
2023-06-27 21:56:53.392728982 +0200 CEST m=+10076.883900303,36.76484298706055
2023-06-27 21:56:53.392736259 +0200 CEST m=+10076.883907581,36.79172897338867
2023-06-27 21:56:53.392745146 +0200 CEST m=+10076.883916468,36.44203567504883
2023-06-27 21:56:53.392773532 +0200 CEST m=+10076.883944859,36.126434326171875
2023-06-27 21:56:53.392786323 +0200 CEST m=+10076.883957644,35.84572982788086
2023-06-27 21:56:53.3927972 +0200 CEST m=+10076.883968523,35.600650787353516
2023-06-27 21:56:53.392822308 +0200 CEST m=+10076.883993630,35.39183807373047
2023-06-27 21:56:53.39284769 +0200 CEST m=+10076.884019013,35.21983337402344
2023-06-27 21:56:53.39285893 +0200 CEST m=+10076.884030252,35.08509063720703
2023-06-27 21:56:53.392870698 +0200 CEST m=+10076.884042020,34.987972259521484
2023-06-27 21:56:53.392886557 +0200 CEST m=+10076.884057888,34.92873764038086
2023-06-27 21:56:53.392895515 +0200 CEST m=+10076.884066837,34.907554626464844
2023-06-27 21:56:53.392913243 +0200 CEST m=+10076.884084565,34.92449951171875
2023-06-27 21:56:53.392971594 +0200 CEST m=+10076.884142921,34.97954177856445
2023-06-27 21:56:53.393246506 +0200 CEST m=+10076.884417833,35.07257080078125
2023-06-27 21:56:53.393455794 +0200 CEST m=+10076.884627127,35.20336151123047
2023-06-27 21:56:53.408688166 +0200 CEST m=+10076.899859487,35.371604919433594
2023-06-27 21:56:53.408721165 +0200 CEST m=+10076.899892495,35.5768928527832
2023-06-27 21:56:53.408747924 +0200 CEST m=+10076.899919257,35.884830474853516
2023-06-27 21:56:53.408768893 +0200 CEST m=+10076.899940221,36.24868392944336
2023-06-27 21:56:53.40879423 +0200 CEST m=+10076.899965560,36.667049407958984
2023-06-27 21:56:53.408812117 +0200 CEST m=+10076.899983447,37.6136589050293
2023-06-27 21:56:53.408828134 +0200 CEST m=+10076.899999465,39.08523941040039
2023-06-27 21:56:53.408844404 +0200 CEST m=+10076.900015810,40.6008186340332
2023-06-27 21:56:53.408863033 +0200 CEST m=+10076.900034365,42.1544303894043
2023-06-27 21:56:53.408880517 +0200 CEST m=+10076.900051850,43.73997116088867
2023-06-27 21:56:53.408898067 +0200 CEST m=+10076.900069403,45.3511962890625
2023-06-27 21:56:53.408915996 +0200 CEST m=+10076.900087327,46.98176193237305
2023-06-27 21:56:53.408930776 +0200 CEST m=+10076.900102111,48.625244140625
2023-06-27 21:56:53.408942683 +0200 CEST m=+10076.900114010,50.2751579284668
2023-06-27 21:56:53.409091125 +0200 CEST m=+10076.900262449,51.924991607666016
2023-06-27 21:56:53.409318404 +0200 CEST m=+10076.900489726,53.5682373046875
2023-06-27 21:56:53.424698656 +0200 CEST m=+10076.915869981,55.198402404785156
2023-06-27 21:56:53.424711022 +0200 CEST m=+10076.915882346,56.80904006958008
2023-06-27 21:56:53.424727327 +0200 CEST m=+10076.915898652,58.39377975463867
2023-06-27 21:56:53.424739207 +0200 CEST m=+10076.915910532,59.94635009765625
2023-06-27 21:56:53.424764635 +0200 CEST m=+10076.915935956,61.460601806640625
2023-06-27 21:56:53.424787551 +0200 CEST m=+10076.915958872,62.93053436279297
2023-06-27 21:56:53.424799193 +0200 CEST m=+10076.915970513,63.465492248535156
2023-06-27 21:56:53.424807712 +0200 CEST m=+10076.915979035,63.80735778808594
2023-06-27 21:56:53.424817789 +0200 CEST m=+10076.915989109,64.114501953125
2023-06-27 21:56:53.424826589 +0200 CEST m=+10076.915997908,64.3861312866211
2023-06-27 21:56:53.424836902 +0200 CEST m=+10076.916008223,64.62154388427734
2023-06-27 21:56:53.424851002 +0200 CEST m=+10076.916022344,64.82012176513672
2023-06-27 21:56:53.424866013 +0200 CEST m=+10076.916037345,64.98135375976562
2023-06-27 21:56:53.424933329 +0200 CEST m=+10076.916104650,69.37931823730469
2023-06-27 21:56:53.425114125 +0200 CEST m=+10076.916285450,69.51512145996094
2023-06-27 21:56:53.42531706 +0200 CEST m=+10076.916488385,69.34664916992188
2023-06-27 21:56:53.440787055 +0200 CEST m=+10076.931958376,69.38229370117188
2023-06-27 21:56:53.440800669 +0200 CEST m=+10076.931971991,68.67304992675781
2023-06-27 21:56:53.440820287 +0200 CEST m=+10076.931991610,68.60942840576172
2023-06-27 21:56:53.440835266 +0200 CEST m=+10076.932006586,68.49850463867188
2023-06-27 21:56:53.440845325 +0200 CEST m=+10076.932016646,68.34041595458984
2023-06-27 21:56:53.44085835 +0200 CEST m=+10076.932029680,68.13545227050781
2023-06-27 21:56:53.440875346 +0200 CEST m=+10076.932046679,67.88400268554688
2023-06-27 21:56:53.440894128 +0200 CEST m=+10076.932065454,67.58658599853516
2023-06-27 21:56:53.440914565 +0200 CEST m=+10076.932085887,67.24382781982422
2023-06-27 21:56:53.440931049 +0200 CEST m=+10076.932102377,66.85647583007812
2023-06-27 21:56:53.440950772 +0200 CEST m=+10076.932122095,66.42540740966797
2023-06-27 21:56:53.440968368 +0200 CEST m=+10076.932139698,66.8649673461914
2023-06-27 21:56:53.440984311 +0200 CEST m=+10076.932155632,67.30276489257812
2023-06-27 21:56:53.441146776 +0200 CEST m=+10076.932318104,67.69788360595703
2023-06-27 21:56:53.441416805 +0200 CEST m=+10076.932588132,68.04922485351562
2023-06-27 21:56:53.44156579 +0200 CEST m=+10076.932737125,68.35578155517578
2023-06-27 21:56:53.456696728 +0200 CEST m=+10076.947868051,68.61664581298828
2023-06-27 21:56:53.456704998 +0200 CEST m=+10076.947876321,68.83103942871094
2023-06-27 21:56:53.456714913 +0200 CEST m=+10076.947886236,68.9983139038086
2023-06-27 21:56:53.456730145 +0200 CEST m=+10076.947901466,69.1178970336914
2023-06-27 21:56:53.456754073 +0200 CEST m=+10076.947925397,69.18937683105469
2023-06-27 21:56:53.456763708 +0200 CEST m=+10076.947935031,69.21060943603516
2023-06-27 21:56:53.456771121 +0200 CEST m=+10076.947942444,69.15587615966797
2023-06-27 21:56:53.45677927 +0200 CEST m=+10076.947950592,69.02513885498047
2023-06-27 21:56:53.456786215 +0200 CEST m=+10076.947957539,68.81866455078125
2023-06-27 21:56:53.456794068 +0200 CEST m=+10076.947965391,68.53703308105469
2023-06-27 21:56:53.456801358 +0200 CEST m=+10076.947972681,68.18111419677734
2023-06-27 21:56:53.456808858 +0200 CEST m=+10076.947980180,67.75208282470703
2023-06-27 21:56:53.45681634 +0200 CEST m=+10076.947987663,67.25138854980469
2023-06-27 21:56:53.456949459 +0200 CEST m=+10076.948120786,66.31369018554688
2023-06-27 21:56:53.457144021 +0200 CEST m=+10076.948315354,64.45066833496094
2023-06-27 21:56:53.457335065 +0200 CEST m=+10076.948506387,62.524444580078125
2023-06-27 21:56:53.472729783 +0200 CEST m=+10076.963901115,60.54245376586914
2023-06-27 21:56:53.472745226 +0200 CEST m=+10076.963916559,58.51237487792969
2023-06-27 21:56:53.472761338 +0200 CEST m=+10076.963932677,56.44209671020508
2023-06-27 21:56:53.472783676 +0200 CEST m=+10076.963955020,54.33969497680664
2023-06-27 21:56:53.472805476 +0200 CEST m=+10076.963976819,52.213401794433594
2023-06-27 21:56:53.472823832 +0200 CEST m=+10076.963995172,50.068565368652344
2023-06-27 21:56:53.472843366 +0200 CEST m=+10076.964014703,48.165321350097656
2023-06-27 21:56:53.472862905 +0200 CEST m=+10076.964034244,46.27178955078125
2023-06-27 21:56:53.472883008 +0200 CEST m=+10076.964054347,44.765167236328125
2023-06-27 21:56:53.47290144 +0200 CEST m=+10076.964072781,43.26997375488281
2023-06-27 21:56:53.472919416 +0200 CEST m=+10076.964090754,41.79000473022461
2023-06-27 21:56:53.472938529 +0200 CEST m=+10076.964109868,40.354591369628906
2023-06-27 21:56:53.472957199 +0200 CEST m=+10076.964128537,38.920284271240234
2023-06-27 21:56:53.472987751 +0200 CEST m=+10076.964159090,37.5123176574707
2023-06-27 21:56:53.47317178 +0200 CEST m=+10076.964343106,38.161895751953125
2023-06-27 21:56:53.47337895 +0200 CEST m=+10076.964550275,37.05805206298828
2023-06-27 21:56:53.488730533 +0200 CEST m=+10076.979901854,36.70622634887695
2023-06-27 21:56:53.488737732 +0200 CEST m=+10076.979909054,36.38826370239258
2023-06-27 21:56:53.488748291 +0200 CEST m=+10076.979919613,36.10493087768555
2023-06-27 21:56:53.488756115 +0200 CEST m=+10076.979927438,35.85692596435547
2023-06-27 21:56:53.488764231 +0200 CEST m=+10076.979935558,35.64483642578125
2023-06-27 21:56:53.488782597 +0200 CEST m=+10076.979953918,35.469173431396484
2023-06-27 21:56:53.488790491 +0200 CEST m=+10076.979961813,35.330352783203125
2023-06-27 21:56:53.488796778 +0200 CEST m=+10076.979968099,35.22869110107422
2023-06-27 21:56:53.488805714 +0200 CEST m=+10076.979977036,35.1644172668457
2023-06-27 21:56:53.488813391 +0200 CEST m=+10076.979984713,35.13766098022461
2023-06-27 21:56:53.488827396 +0200 CEST m=+10076.979998718,35.148460388183594
2023-06-27 21:56:53.488835971 +0200 CEST m=+10076.980007292,35.196754455566406
2023-06-27 21:56:53.488842377 +0200 CEST m=+10076.980013700,35.28239440917969
2023-06-27 21:56:53.489023254 +0200 CEST m=+10076.980194584,35.40513229370117
2023-06-27 21:56:53.489256981 +0200 CEST m=+10076.980428307,35.56462860107422
2023-06-27 21:56:53.489452838 +0200 CEST m=+10076.980624160,35.76044464111328
2023-06-27 21:56:53.504950514 +0200 CEST m=+10076.996121834,35.992061614990234
2023-06-27 21:56:53.505029058 +0200 CEST m=+10076.996200378,36.25886154174805
2023-06-27 21:56:53.505051181 +0200 CEST m=+10076.996222501,36.56014633178711
2023-06-27 21:56:53.505070048 +0200 CEST m=+10076.996241368,36.89512252807617
2023-06-27 21:56:53.505092517 +0200 CEST m=+10076.996263837,37.10795593261719
2023-06-27 21:56:53.505110128 +0200 CEST m=+10076.996281448,36.76471710205078
2023-06-27 21:56:53.505126879 +0200 CEST m=+10076.996298198,36.45518112182617
2023-06-27 21:56:53.50514743 +0200 CEST m=+10076.996318750,36.11680603027344
2023-06-27 21:56:53.505158899 +0200 CEST m=+10076.996330219,35.83354949951172
2023-06-27 21:56:53.505166832 +0200 CEST m=+10076.996338151,35.60647201538086
2023-06-27 21:56:53.505178881 +0200 CEST m=+10076.996350201,35.4364128112793
2023-06-27 21:56:53.505192853 +0200 CEST m=+10076.996364173,35.3239860534668
2023-06-27 21:56:53.505206704 +0200 CEST m=+10076.996378025,35.269569396972656
2023-06-27 21:56:53.505962606 +0200 CEST m=+10076.997134013,35.27332305908203
2023-06-27 21:56:53.506214492 +0200 CEST m=+10076.997385819,35.33517074584961
2023-06-27 21:56:53.520718888 +0200 CEST m=+10077.011890221,35.45480728149414
2023-06-27 21:56:53.520738877 +0200 CEST m=+10077.011910205,35.63169860839844
2023-06-27 21:56:53.520755535 +0200 CEST m=+10077.011926864,35.865089416503906
2023-06-27 21:56:53.520767505 +0200 CEST m=+10077.011938835,36.15400314331055
2023-06-27 21:56:53.52078139 +0200 CEST m=+10077.011952716,36.49724197387695
2023-06-27 21:56:53.520922845 +0200 CEST m=+10077.012094169,36.89338684082031
2023-06-27 21:56:53.52094138 +0200 CEST m=+10077.012112704,37.43301010131836
2023-06-27 21:56:53.520956104 +0200 CEST m=+10077.012127429,38.850406646728516
2023-06-27 21:56:53.520967651 +0200 CEST m=+10077.012138975,40.31031036376953
2023-06-27 21:56:53.520980274 +0200 CEST m=+10077.012151599,41.80691909790039
2023-06-27 21:56:53.5209935 +0200 CEST m=+10077.012164824,43.334293365478516
2023-06-27 21:56:53.521004782 +0200 CEST m=+10077.012176105,44.57427215576172
2023-06-27 21:56:53.521017569 +0200 CEST m=+10077.012188895,45.8269157409668
2023-06-27 21:56:53.521031439 +0200 CEST m=+10077.012202764,47.08905792236328
2023-06-27 21:56:53.521090517 +0200 CEST m=+10077.012261843,48.35749435424805
2023-06-27 21:56:53.521282867 +0200 CEST m=+10077.012454191,49.62902069091797
2023-06-27 21:56:53.521500589 +0200 CEST m=+10077.012671921,50.90041732788086
2023-06-27 21:56:53.536762914 +0200 CEST m=+10077.027934279,52.168479919433594
2023-06-27 21:56:53.536957456 +0200 CEST m=+10077.028128819,53.43000793457031
2023-06-27 21:56:53.536990051 +0200 CEST m=+10077.028161416,54.68181610107422
2023-06-27 21:56:53.537025938 +0200 CEST m=+10077.028197293,55.920753479003906
2023-06-27 21:56:53.537061228 +0200 CEST m=+10077.028232592,57.143699645996094
2023-06-27 21:56:53.53709199 +0200 CEST m=+10077.028263361,58.34757995605469
2023-06-27 21:56:53.537127038 +0200 CEST m=+10077.028298407,59.52937316894531
2023-06-27 21:56:53.537158554 +0200 CEST m=+10077.028329921,60.68610763549805
2023-06-27 21:56:53.537190114 +0200 CEST m=+10077.028361475,61.81488800048828
2023-06-27 21:56:53.537223479 +0200 CEST m=+10077.028394844,62.69968032836914
2023-06-27 21:56:53.537255054 +0200 CEST m=+10077.028426422,63.0341911315918
2023-06-27 21:56:53.537287907 +0200 CEST m=+10077.028459267,63.33551025390625
2023-06-27 21:56:53.537323631 +0200 CEST m=+10077.028494991,63.6028938293457
2023-06-27 21:56:53.537356701 +0200 CEST m=+10077.028528090,63.8357048034668
2023-06-27 21:56:53.53739022 +0200 CEST m=+10077.028561584,64.03337860107422
2023-06-27 21:56:53.552703926 +0200 CEST m=+10077.043875262,64.19544219970703
2023-06-27 21:56:53.552731207 +0200 CEST m=+10077.043902535,64.32152557373047
2023-06-27 21:56:53.552746842 +0200 CEST m=+10077.043918169,64.41133117675781
2023-06-27 21:56:53.552762576 +0200 CEST m=+10077.043933908,64.46466827392578
2023-06-27 21:56:53.552778082 +0200 CEST m=+10077.043949410,64.48143768310547
2023-06-27 21:56:53.552794209 +0200 CEST m=+10077.043965535,64.46161651611328
2023-06-27 21:56:53.552808683 +0200 CEST m=+10077.043980011,71.79145812988281
2023-06-27 21:56:53.552822453 +0200 CEST m=+10077.043993782,71.70111846923828
2023-06-27 21:56:53.552836185 +0200 CEST m=+10077.044007512,71.55535888671875
2023-06-27 21:56:53.552856698 +0200 CEST m=+10077.044028033,71.31165313720703
2023-06-27 21:56:53.552874764 +0200 CEST m=+10077.044046092,69.89421844482422
2023-06-27 21:56:53.552907484 +0200 CEST m=+10077.044078810,69.58267974853516
2023-06-27 21:56:53.552922603 +0200 CEST m=+10077.044093929,69.12210845947266
2023-06-27 21:56:53.552931683 +0200 CEST m=+10077.044103009,68.58392333984375
2023-06-27 21:56:53.55317362 +0200 CEST m=+10077.044344945,68.45451354980469
2023-06-27 21:56:53.55335535 +0200 CEST m=+10077.044526676,69.08998107910156
2023-06-27 21:56:53.568741053 +0200 CEST m=+10077.059912379,69.65234375
2023-06-27 21:56:53.568763032 +0200 CEST m=+10077.059934364,70.13907623291016
2023-06-27 21:56:53.568780904 +0200 CEST m=+10077.059952229,70.5479507446289
2023-06-27 21:56:53.568801856 +0200 CEST m=+10077.059973187,70.87702178955078
2023-06-27 21:56:53.568821663 +0200 CEST m=+10077.059992989,71.12468719482422
2023-06-27 21:56:53.568838447 +0200 CEST m=+10077.060009776,71.28962707519531
2023-06-27 21:56:53.568854121 +0200 CEST m=+10077.060025448,71.37086486816406
2023-06-27 21:56:53.568877827 +0200 CEST m=+10077.060049157,71.36775207519531
2023-06-27 21:56:53.568895165 +0200 CEST m=+10077.060066498,71.27996826171875
2023-06-27 21:56:53.568912698 +0200 CEST m=+10077.060084024,71.10753631591797
2023-06-27 21:56:53.568943082 +0200 CEST m=+10077.060114417,70.85079956054688
2023-06-27 21:56:53.568958682 +0200 CEST m=+10077.060130008,70.51045227050781
2023-06-27 21:56:53.568972861 +0200 CEST m=+10077.060144187,70.0875244140625
2023-06-27 21:56:53.569015681 +0200 CEST m=+10077.060187010,69.69062042236328
2023-06-27 21:56:53.569222514 +0200 CEST m=+10077.060393835,69.2425765991211
2023-06-27 21:56:53.569462753 +0200 CEST m=+10077.060634087,68.60787200927734
2023-06-27 21:56:53.584727888 +0200 CEST m=+10077.075899209,66.96742248535156
2023-06-27 21:56:53.584737742 +0200 CEST m=+10077.075909063,65.27890014648438
2023-06-27 21:56:53.584744687 +0200 CEST m=+10077.075916008,62.670936584472656
2023-06-27 21:56:53.584750476 +0200 CEST m=+10077.075921797,60.82748794555664
2023-06-27 21:56:53.584757959 +0200 CEST m=+10077.075929279,59.100914001464844
2023-06-27 21:56:53.584763914 +0200 CEST m=+10077.075935233,57.41902542114258
2023-06-27 21:56:53.584770692 +0200 CEST m=+10077.075942011,55.21424865722656
2023-06-27 21:56:53.584777569 +0200 CEST m=+10077.075948888,53.640804290771484
2023-06-27 21:56:53.584783701 +0200 CEST m=+10077.075955020,52.05636215209961
2023-06-27 21:56:53.584789445 +0200 CEST m=+10077.075960766,50.46491241455078
2023-06-27 21:56:53.58479547 +0200 CEST m=+10077.075966790,48.87047576904297
2023-06-27 21:56:53.584801206 +0200 CEST m=+10077.075972527,47.27708053588867
2023-06-27 21:56:53.584806871 +0200 CEST m=+10077.075978191,45.68875503540039
2023-06-27 21:56:53.585011385 +0200 CEST m=+10077.076182715,44.10952377319336
2023-06-27 21:56:53.585177623 +0200 CEST m=+10077.076348948,42.705528259277344
2023-06-27 21:56:53.585356553 +0200 CEST m=+10077.076527874,41.99945831298828
2023-06-27 21:56:53.600703039 +0200 CEST m=+10077.091874358,40.64875411987305
2023-06-27 21:56:53.600709432 +0200 CEST m=+10077.091880753,39.32210159301758
2023-06-27 21:56:53.600756622 +0200 CEST m=+10077.091927947,38.02284240722656
2023-06-27 21:56:53.60077151 +0200 CEST m=+10077.091942833,36.754249572753906
2023-06-27 21:56:53.600782612 +0200 CEST m=+10077.091953936,35.758602142333984
2023-06-27 21:56:53.600798007 +0200 CEST m=+10077.091969333,35.37968063354492
2023-06-27 21:56:53.600811069 +0200 CEST m=+10077.091982393,35.037803649902344
2023-06-27 21:56:53.600824027 +0200 CEST m=+10077.091995354,34.733829498291016
2023-06-27 21:56:53.600837133 +0200 CEST m=+10077.092008464,34.468509674072266
2023-06-27 21:56:53.600849208 +0200 CEST m=+10077.092020536,34.24250030517578
2023-06-27 21:56:53.600862333 +0200 CEST m=+10077.092033661,34.056365966796875
2023-06-27 21:56:53.600876251 +0200 CEST m=+10077.092047580,33.910560607910156
2023-06-27 21:56:53.600888797 +0200 CEST m=+10077.092060125,33.78554916381836
2023-06-27 21:56:53.600953883 +0200 CEST m=+10077.092125204,33.731624603271484
2023-06-27 21:56:53.601143924 +0200 CEST m=+10077.092315248,33.7220344543457
2023-06-27 21:56:53.601300043 +0200 CEST m=+10077.092471367,33.77667236328125
2023-06-27 21:56:53.616716128 +0200 CEST m=+10077.107887452,33.89530944824219
2023-06-27 21:56:53.616724418 +0200 CEST m=+10077.107895741,34.07744216918945
2023-06-27 21:56:53.616738584 +0200 CEST m=+10077.107909908,34.32232666015625
2023-06-27 21:56:53.616747752 +0200 CEST m=+10077.107919074,34.62897872924805
2023-06-27 21:56:53.616754683 +0200 CEST m=+10077.107926005,34.996158599853516
2023-06-27 21:56:53.616761501 +0200 CEST m=+10077.107932823,35.42238998413086
2023-06-27 21:56:53.616779052 +0200 CEST m=+10077.107950375,35.905975341796875
2023-06-27 21:56:53.616787126 +0200 CEST m=+10077.107958448,35.45851135253906
2023-06-27 21:56:53.616801961 +0200 CEST m=+10077.107973285,35.03457260131836
2023-06-27 21:56:53.616811468 +0200 CEST m=+10077.107982791,34.669857025146484
2023-06-27 21:56:53.616819739 +0200 CEST m=+10077.107991063,34.365779876708984
2023-06-27 21:56:53.616827583 +0200 CEST m=+10077.107998906,34.123512268066406
2023-06-27 21:56:53.616834761 +0200 CEST m=+10077.108006084,33.94398880004883
2023-06-27 21:56:53.617032173 +0200 CEST m=+10077.108203509,33.82788848876953
2023-06-27 21:56:53.617245852 +0200 CEST m=+10077.108417180,33.77565383911133
2023-06-27 21:56:53.617389022 +0200 CEST m=+10077.108560345,33.787452697753906
2023-06-27 21:56:53.632671852 +0200 CEST m=+10077.123843172,33.842960357666016
2023-06-27 21:56:53.632678336 +0200 CEST m=+10077.123849657,33.93926239013672
2023-06-27 21:56:53.632687407 +0200 CEST m=+10077.123858727,34.07609558105469
2023-06-27 21:56:53.632695498 +0200 CEST m=+10077.123866817,34.25310516357422
2023-06-27 21:56:53.632730666 +0200 CEST m=+10077.123901987,34.46982955932617
2023-06-27 21:56:53.632738055 +0200 CEST m=+10077.123909375,34.725711822509766
2023-06-27 21:56:53.632745073 +0200 CEST m=+10077.123916393,35.02008819580078
2023-06-27 21:56:53.632757862 +0200 CEST m=+10077.123929182,35.352203369140625
2023-06-27 21:56:53.63276828 +0200 CEST m=+10077.123939600,35.72121047973633
2023-06-27 21:56:53.632779594 +0200 CEST m=+10077.123950923,36.43149185180664
2023-06-27 21:56:53.632789525 +0200 CEST m=+10077.123960845,37.684566497802734
2023-06-27 21:56:53.632795804 +0200 CEST m=+10077.123967124,38.968345642089844
2023-06-27 21:56:53.632802142 +0200 CEST m=+10077.123973462,40.27956771850586
2023-06-27 21:56:53.632868389 +0200 CEST m=+10077.124039708,41.614925384521484
2023-06-27 21:56:53.632973754 +0200 CEST m=+10077.124145075,42.97102737426758
2023-06-27 21:56:53.63314228 +0200 CEST m=+10077.124313606,44.344444274902344
2023-06-27 21:56:53.648735004 +0200 CEST m=+10077.139906324,45.73170471191406
2023-06-27 21:56:53.648744797 +0200 CEST m=+10077.139916117,47.129295349121094
2023-06-27 21:56:53.648751563 +0200 CEST m=+10077.139922884,48.533687591552734
2023-06-27 21:56:53.648757334 +0200 CEST m=+10077.139928654,49.94132995605469
2023-06-27 21:56:53.648765366 +0200 CEST m=+10077.139936686,51.34866714477539
2023-06-27 21:56:53.648771053 +0200 CEST m=+10077.139942373,52.75214385986328
2023-06-27 21:56:53.648776679 +0200 CEST m=+10077.139947999,54.14821243286133
2023-06-27 21:56:53.648782866 +0200 CEST m=+10077.139954185,55.53335952758789
2023-06-27 21:56:53.648788363 +0200 CEST m=+10077.139959684,56.90407943725586
2023-06-27 21:56:53.64879531 +0200 CEST m=+10077.139966630,58.25691604614258
2023-06-27 21:56:53.648802873 +0200 CEST m=+10077.139974193,59.58846664428711
2023-06-27 21:56:53.648808487 +0200 CEST m=+10077.139979808,60.89536666870117
2023-06-27 21:56:53.648815716 +0200 CEST m=+10077.139987036,62.17432403564453
2023-06-27 21:56:53.648931169 +0200 CEST m=+10077.140102488,63.422122955322266
2023-06-27 21:56:53.649082644 +0200 CEST m=+10077.140253968,64.19609832763672
2023-06-27 21:56:53.649245295 +0200 CEST m=+10077.140416614,64.56212615966797
2023-06-27 21:56:53.664750079 +0200 CEST m=+10077.155921404,64.96766662597656
2023-06-27 21:56:53.664764591 +0200 CEST m=+10077.155935914,65.3139877319336
2023-06-27 21:56:53.664772342 +0200 CEST m=+10077.155943666,65.59973907470703
2023-06-27 21:56:53.664779945 +0200 CEST m=+10077.155951271,65.8238296508789
2023-06-27 21:56:53.664787761 +0200 CEST m=+10077.155959084,65.98538208007812
2023-06-27 21:56:53.664796104 +0200 CEST m=+10077.155967428,69.94882202148438
2023-06-27 21:56:53.664805522 +0200 CEST m=+10077.155976846,70.023681640625
2023-06-27 21:56:53.664814572 +0200 CEST m=+10077.155985897,70.01953125
2023-06-27 21:56:53.664823003 +0200 CEST m=+10077.155994327,68.98857879638672
2023-06-27 21:56:53.664831309 +0200 CEST m=+10077.156002633,68.82769012451172
2023-06-27 21:56:53.664839496 +0200 CEST m=+10077.156010821,68.59204864501953
2023-06-27 21:56:53.664847543 +0200 CEST m=+10077.156018868,68.28241729736328
2023-06-27 21:56:53.6648554 +0200 CEST m=+10077.156026725,67.8998794555664
2023-06-27 21:56:53.665038978 +0200 CEST m=+10077.156210308,67.44579315185547
2023-06-27 21:56:53.665249332 +0200 CEST m=+10077.156420656,66.92180633544922
2023-06-27 21:56:53.665463739 +0200 CEST m=+10077.156635067,67.01559448242188
2023-06-27 21:56:53.680766577 +0200 CEST m=+10077.171937901,67.56730651855469
2023-06-27 21:56:53.680777907 +0200 CEST m=+10077.171949228,67.95960235595703
2023-06-27 21:56:53.680794249 +0200 CEST m=+10077.171965572,68.30711364746094
2023-06-27 21:56:53.68080519 +0200 CEST m=+10077.171976510,68.60889434814453
2023-06-27 21:56:53.680815552 +0200 CEST m=+10077.171986873,68.86410522460938
2023-06-27 21:56:53.68082816 +0200 CEST m=+10077.171999481,69.07201385498047
2023-06-27 21:56:53.680839309 +0200 CEST m=+10077.172010632,69.23202514648438
2023-06-27 21:56:53.68085214 +0200 CEST m=+10077.172023461,69.3436508178711
2023-06-27 21:56:53.680863823 +0200 CEST m=+10077.172035145,69.40653228759766
2023-06-27 21:56:53.680878325 +0200 CEST m=+10077.172049647,69.42042541503906
2023-06-27 21:56:53.680889671 +0200 CEST m=+10077.172060994,69.38521575927734
2023-06-27 21:56:53.680907118 +0200 CEST m=+10077.172078441,69.30091857910156
2023-06-27 21:56:53.68091922 +0200 CEST m=+10077.172090541,69.16765594482422
2023-06-27 21:56:53.6810315 +0200 CEST m=+10077.172202821,68.9856948852539
2023-06-27 21:56:53.68125436 +0200 CEST m=+10077.172425691,68.75540924072266
2023-06-27 21:56:53.681465142 +0200 CEST m=+10077.172636466,68.47731018066406
2023-06-27 21:56:53.696700726 +0200 CEST m=+10077.187872052,68.15200805664062
2023-06-27 21:56:53.696708865 +0200 CEST m=+10077.187880190,67.78026580810547
2023-06-27 21:56:53.696721034 +0200 CEST m=+10077.187892359,67.36294555664062
2023-06-27 21:56:53.69673039 +0200 CEST m=+10077.187901715,66.7779541015625
2023-06-27 21:56:53.696740715 +0200 CEST m=+10077.187912040,65.28765869140625
2023-06-27 21:56:53.696749869 +0200 CEST m=+10077.187921194,63.75627517700195
2023-06-27 21:56:53.696759058 +0200 CEST m=+10077.187930383,62.187599182128906
2023-06-27 21:56:53.696767086 +0200 CEST m=+10077.187938412,60.585548400878906
2023-06-27 21:56:53.69677598 +0200 CEST m=+10077.187947304,58.95412063598633
2023-06-27 21:56:53.696783818 +0200 CEST m=+10077.187955142,57.297393798828125
2023-06-27 21:56:53.696792202 +0200 CEST m=+10077.187963527,55.61952590942383
2023-06-27 21:56:53.69680224 +0200 CEST m=+10077.187973565,53.92472457885742
2023-06-27 21:56:53.696823393 +0200 CEST m=+10077.187994719,52.21725082397461
2023-06-27 21:56:53.697007708 +0200 CEST m=+10077.188179033,50.501407623291016
2023-06-27 21:56:53.697186831 +0200 CEST m=+10077.188358156,48.781524658203125
2023-06-27 21:56:53.6973915 +0200 CEST m=+10077.188562830,47.086219787597656
2023-06-27 21:56:53.712708254 +0200 CEST m=+10077.203879575,45.50090026855469
2023-06-27 21:56:53.712714641 +0200 CEST m=+10077.203885962,44.05610275268555
2023-06-27 21:56:53.712725498 +0200 CEST m=+10077.203896818,43.124839782714844
2023-06-27 21:56:53.712753987 +0200 CEST m=+10077.203925313,41.96533203125
2023-06-27 21:56:53.712764283 +0200 CEST m=+10077.203935604,40.428382873535156
2023-06-27 21:56:53.712771072 +0200 CEST m=+10077.203942393,38.9327278137207
2023-06-27 21:56:53.712779002 +0200 CEST m=+10077.203950322,37.48417282104492
2023-06-27 21:56:53.712786774 +0200 CEST m=+10077.203958096,36.6866455078125
2023-06-27 21:56:53.712793805 +0200 CEST m=+10077.203965126,36.28953170776367
2023-06-27 21:56:53.712800439 +0200 CEST m=+10077.203971761,35.94741439819336
2023-06-27 21:56:53.712806756 +0200 CEST m=+10077.203978078,35.66152572631836
2023-06-27 21:56:53.712812943 +0200 CEST m=+10077.203984264,35.432857513427734
2023-06-27 21:56:53.712819751 +0200 CEST m=+10077.203991072,35.26218032836914
2023-06-27 21:56:53.71288986 +0200 CEST m=+10077.204061181,35.15003967285156
2023-06-27 21:56:53.713081873 +0200 CEST m=+10077.204253205,35.09673309326172
2023-06-27 21:56:53.713257192 +0200 CEST m=+10077.204428515,35.10234069824219
2023-06-27 21:56:53.728701354 +0200 CEST m=+10077.219872674,35.16670227050781
2023-06-27 21:56:53.728875435 +0200 CEST m=+10077.220046756,35.2894287109375
2023-06-27 21:56:53.728892573 +0200 CEST m=+10077.220063894,35.46989059448242
2023-06-27 21:56:53.728903464 +0200 CEST m=+10077.220074785,35.707252502441406
2023-06-27 21:56:53.728923085 +0200 CEST m=+10077.220094408,35.9373893737793
2023-06-27 21:56:53.728933983 +0200 CEST m=+10077.220105305,36.202613830566406
2023-06-27 21:56:53.728945162 +0200 CEST m=+10077.220116483,36.50218200683594
2023-06-27 21:56:53.728959141 +0200 CEST m=+10077.220130463,36.83527755737305
2023-06-27 21:56:53.728969968 +0200 CEST m=+10077.220141289,37.200992584228516
2023-06-27 21:56:53.728983137 +0200 CEST m=+10077.220154458,36.88822555541992
2023-06-27 21:56:53.728994943 +0200 CEST m=+10077.220166264,36.57830047607422
2023-06-27 21:56:53.729005681 +0200 CEST m=+10077.220177003,36.302860260009766
2023-06-27 21:56:53.729017135 +0200 CEST m=+10077.220188456,36.062530517578125
2023-06-27 21:56:53.72902833 +0200 CEST m=+10077.220199653,35.857852935791016
2023-06-27 21:56:53.729100115 +0200 CEST m=+10077.220271439,35.68928146362305
2023-06-27 21:56:53.729252301 +0200 CEST m=+10077.220423625,35.55717086791992
2023-06-27 21:56:53.744787939 +0200 CEST m=+10077.235959259,35.4617805480957
2023-06-27 21:56:53.744800455 +0200 CEST m=+10077.235971776,35.40329360961914
2023-06-27 21:56:53.744807562 +0200 CEST m=+10077.235978883,35.381778717041016
2023-06-27 21:56:53.744814561 +0200 CEST m=+10077.235985880,35.397220611572266
2023-06-27 21:56:53.744820853 +0200 CEST m=+10077.235992174,35.44951629638672
2023-06-27 21:56:53.744828565 +0200 CEST m=+10077.235999885,35.538455963134766
2023-06-27 21:56:53.744834947 +0200 CEST m=+10077.236006267,35.66374969482422
2023-06-27 21:56:53.744842099 +0200 CEST m=+10077.236013418,35.82501220703125
2023-06-27 21:56:53.744848167 +0200 CEST m=+10077.236019487,36.02176284790039
2023-06-27 21:56:53.744856805 +0200 CEST m=+10077.236028125,36.25344467163086
2023-06-27 21:56:53.744862896 +0200 CEST m=+10077.236034216,36.51939392089844
2023-06-27 21:56:53.744868831 +0200 CEST m=+10077.236040151,36.81888198852539
2023-06-27 21:56:53.744875238 +0200 CEST m=+10077.236046559,37.151084899902344
2023-06-27 21:56:53.744933653 +0200 CEST m=+10077.236104979,37.606014251708984
2023-06-27 21:56:53.745068878 +0200 CEST m=+10077.236240198,38.726932525634766
2023-06-27 21:56:53.760725029 +0200 CEST m=+10077.251896358,39.874168395996094
2023-06-27 21:56:53.760750357 +0200 CEST m=+10077.251921678,41.044769287109375
2023-06-27 21:56:53.760764015 +0200 CEST m=+10077.251935337,42.23573303222656
2023-06-27 21:56:53.760784556 +0200 CEST m=+10077.251955887,43.444007873535156
2023-06-27 21:56:53.760802555 +0200 CEST m=+10077.251973888,44.9739875793457
2023-06-27 21:56:53.760814883 +0200 CEST m=+10077.251986205,46.520103454589844
2023-06-27 21:56:53.760822648 +0200 CEST m=+10077.251993970,48.07620620727539
2023-06-27 21:56:53.760829269 +0200 CEST m=+10077.252000592,49.63612747192383
2023-06-27 21:56:53.760862682 +0200 CEST m=+10077.252034004,51.19370651245117
2023-06-27 21:56:53.760869286 +0200 CEST m=+10077.252040608,52.7427978515625
2023-06-27 21:56:53.760876403 +0200 CEST m=+10077.252047725,54.27730178833008
2023-06-27 21:56:53.760884603 +0200 CEST m=+10077.252055925,55.791202545166016
2023-06-27 21:56:53.76089351 +0200 CEST m=+10077.252064831,57.27857208251953
2023-06-27 21:56:53.760946631 +0200 CEST m=+10077.252117957,58.733604431152344
2023-06-27 21:56:53.76117164 +0200 CEST m=+10077.252342963,60.15062713623047
2023-06-27 21:56:53.76133517 +0200 CEST m=+10077.252506503,61.52415084838867
2023-06-27 21:56:53.776730383 +0200 CEST m=+10077.267901706,62.46299362182617
2023-06-27 21:56:53.776737707 +0200 CEST m=+10077.267909028,62.84645462036133
2023-06-27 21:56:53.776744533 +0200 CEST m=+10077.267915854,63.17829895019531
2023-06-27 21:56:53.776757455 +0200 CEST m=+10077.267928776,63.45734405517578
2023-06-27 21:56:53.776763758 +0200 CEST m=+10077.267935079,63.682621002197266
2023-06-27 21:56:53.776773545 +0200 CEST m=+10077.267944866,63.85336685180664
2023-06-27 21:56:53.776785076 +0200 CEST m=+10077.267956398,63.96904373168945
2023-06-27 21:56:53.776791787 +0200 CEST m=+10077.267963108,71.95024871826172
2023-06-27 21:56:53.776800311 +0200 CEST m=+10077.267971632,72.03553771972656
2023-06-27 21:56:53.776806727 +0200 CEST m=+10077.267978047,71.42974853515625
2023-06-27 21:56:53.776879377 +0200 CEST m=+10077.268050703,69.3157730102539
2023-06-27 21:56:53.776908699 +0200 CEST m=+10077.268080021,69.23106384277344
2023-06-27 21:56:53.776921107 +0200 CEST m=+10077.268092427,69.09751892089844
2023-06-27 21:56:53.776984331 +0200 CEST m=+10077.268155661,68.9153823852539
2023-06-27 21:56:53.777221443 +0200 CEST m=+10077.268392764,68.68502044677734
2023-06-27 21:56:53.777325714 +0200 CEST m=+10077.268497036,68.40691375732422
2023-06-27 21:56:53.79271159 +0200 CEST m=+10077.283882919,68.08168029785156
2023-06-27 21:56:53.792736674 +0200 CEST m=+10077.283908001,67.71003723144531
2023-06-27 21:56:53.792756638 +0200 CEST m=+10077.283927969,67.2928466796875
2023-06-27 21:56:53.792770221 +0200 CEST m=+10077.283941545,67.03584289550781
2023-06-27 21:56:53.792781012 +0200 CEST m=+10077.283952343,67.51390075683594
2023-06-27 21:56:53.792795706 +0200 CEST m=+10077.283967032,67.94859313964844
2023-06-27 21:56:53.792819466 +0200 CEST m=+10077.283990795,68.33871459960938
2023-06-27 21:56:53.792834543 +0200 CEST m=+10077.284005868,68.6832046508789
2023-06-27 21:56:53.792847541 +0200 CEST m=+10077.284018871,68.98109436035156
2023-06-27 21:56:53.79285998 +0200 CEST m=+10077.284031308,69.23153686523438
2023-06-27 21:56:53.792872924 +0200 CEST m=+10077.284044250,69.43380737304688
2023-06-27 21:56:53.792886686 +0200 CEST m=+10077.284058010,69.58729553222656
2023-06-27 21:56:53.792896685 +0200 CEST m=+10077.284068014,69.69152069091797
2023-06-27 21:56:53.792908371 +0200 CEST m=+10077.284079698,69.74612426757812
2023-06-27 21:56:53.793169392 +0200 CEST m=+10077.284340715,69.75086975097656
2023-06-27 21:56:53.793423759 +0200 CEST m=+10077.284595090,69.70564270019531
2023-06-27 21:56:53.808706551 +0200 CEST m=+10077.299877872,69.61045837402344
2023-06-27 21:56:53.808720212 +0200 CEST m=+10077.299891533,69.46546936035156
2023-06-27 21:56:53.808731972 +0200 CEST m=+10077.299903297,69.27093505859375
2023-06-27 21:56:53.808801966 +0200 CEST m=+10077.299973288,69.02726745605469
2023-06-27 21:56:53.808815352 +0200 CEST m=+10077.299986673,68.73497009277344
2023-06-27 21:56:53.80882645 +0200 CEST m=+10077.299997772,68.39469909667969
2023-06-27 21:56:53.808837488 +0200 CEST m=+10077.300008810,67.90308380126953
2023-06-27 21:56:53.808850251 +0200 CEST m=+10077.300021572,67.3394775390625
2023-06-27 21:56:53.808862455 +0200 CEST m=+10077.300033777,65.57703399658203
2023-06-27 21:56:53.808873067 +0200 CEST m=+10077.300044388,63.623085021972656
2023-06-27 21:56:53.808886805 +0200 CEST m=+10077.300058127,61.61054611206055
2023-06-27 21:56:53.808897613 +0200 CEST m=+10077.300068935,59.54723358154297
2023-06-27 21:56:53.808908111 +0200 CEST m=+10077.300079430,57.441200256347656
2023-06-27 21:56:53.808921736 +0200 CEST m=+10077.300093058,55.3006706237793
2023-06-27 21:56:53.808987222 +0200 CEST m=+10077.300158547,53.134033203125
2023-06-27 21:56:53.809140281 +0200 CEST m=+10077.300311602,50.89786148071289
2023-06-27 21:56:53.824820135 +0200 CEST m=+10077.315991463,48.82502746582031
2023-06-27 21:56:53.824831832 +0200 CEST m=+10077.316003160,46.753482818603516
2023-06-27 21:56:53.824858436 +0200 CEST m=+10077.316029765,44.69142150878906
2023-06-27 21:56:53.824868352 +0200 CEST m=+10077.316039680,43.14318084716797
2023-06-27 21:56:53.824877567 +0200 CEST m=+10077.316048896,41.26525115966797
2023-06-27 21:56:53.824890104 +0200 CEST m=+10077.316061433,39.420719146728516
2023-06-27 21:56:53.824902234 +0200 CEST m=+10077.316073562,38.13154220581055
2023-06-27 21:56:53.824914276 +0200 CEST m=+10077.316085603,36.73841094970703
2023-06-27 21:56:53.824932576 +0200 CEST m=+10077.316104013,35.395469665527344
2023-06-27 21:56:53.824954676 +0200 CEST m=+10077.316126011,34.91586685180664
2023-06-27 21:56:53.824973619 +0200 CEST m=+10077.316144954,34.575103759765625
2023-06-27 21:56:53.824993444 +0200 CEST m=+10077.316164779,34.27341842651367
2023-06-27 21:56:53.825014621 +0200 CEST m=+10077.316185953,34.011558532714844
2023-06-27 21:56:53.825094597 +0200 CEST m=+10077.316265927,33.79016876220703
2023-06-27 21:56:53.825448371 +0200 CEST m=+10077.316619700,33.609798431396484
2023-06-27 21:56:53.825638046 +0200 CEST m=+10077.316809375,33.47088623046875
2023-06-27 21:56:53.840709186 +0200 CEST m=+10077.331880513,33.37377166748047
2023-06-27 21:56:53.840749136 +0200 CEST m=+10077.331920465,33.31867980957031
2023-06-27 21:56:53.840768237 +0200 CEST m=+10077.331939564,33.30574417114258
2023-06-27 21:56:53.840788417 +0200 CEST m=+10077.331959752,33.3349723815918
2023-06-27 21:56:53.84080145 +0200 CEST m=+10077.331972774,33.40628433227539
2023-06-27 21:56:53.840808341 +0200 CEST m=+10077.331979664,33.51948547363281
2023-06-27 21:56:53.840817443 +0200 CEST m=+10077.331988776,33.67426681518555
2023-06-27 21:56:53.840832762 +0200 CEST m=+10077.332004086,33.87023162841797
2023-06-27 21:56:53.840847337 +0200 CEST m=+10077.332018660,34.106868743896484
2023-06-27 21:56:53.840859327 +0200 CEST m=+10077.332030650,34.38356399536133
2023-06-27 21:56:53.84087041 +0200 CEST m=+10077.332041735,34.699607849121094
2023-06-27 21:56:53.84088461 +0200 CEST m=+10077.332055934,35.05418395996094
2023-06-27 21:56:53.840900616 +0200 CEST m=+10077.332071938,35.44639205932617
2023-06-27 21:56:53.840983548 +0200 CEST m=+10077.332154880,35.282066345214844
2023-06-27 21:56:53.841140636 +0200 CEST m=+10077.332311973,34.910728454589844
2023-06-27 21:56:53.841373555 +0200 CEST m=+10077.332544882,34.577632904052734
2023-06-27 21:56:53.856738366 +0200 CEST m=+10077.347909694,34.28360366821289
2023-06-27 21:56:53.856755699 +0200 CEST m=+10077.347927025,34.02936935424805
2023-06-27 21:56:53.856769843 +0200 CEST m=+10077.347941162,33.8155632019043
2023-06-27 21:56:53.856775553 +0200 CEST m=+10077.347946873,33.64270782470703
2023-06-27 21:56:53.856784599 +0200 CEST m=+10077.347955921,33.511226654052734
2023-06-27 21:56:53.856794228 +0200 CEST m=+10077.347965548,33.42143630981445
2023-06-27 21:56:53.856803922 +0200 CEST m=+10077.347975242,33.3735466003418
2023-06-27 21:56:53.856816802 +0200 CEST m=+10077.347988123,33.367671966552734
2023-06-27 21:56:53.856826126 +0200 CEST m=+10077.347997446,33.403804779052734
2023-06-27 21:56:53.856838281 +0200 CEST m=+10077.348009605,33.481842041015625
2023-06-27 21:56:53.856848257 +0200 CEST m=+10077.348019577,33.63798522949219
2023-06-27 21:56:53.856859226 +0200 CEST m=+10077.348030551,33.85862350463867
2023-06-27 21:56:53.856873699 +0200 CEST m=+10077.348045026,34.142852783203125
2023-06-27 21:56:53.85694787 +0200 CEST m=+10077.348119194,34.489532470703125
2023-06-27 21:56:53.85707848 +0200 CEST m=+10077.348249806,34.89725875854492
2023-06-27 21:56:53.857241805 +0200 CEST m=+10077.348413130,35.364402770996094
2023-06-27 21:56:53.872759438 +0200 CEST m=+10077.363930761,36.41061019897461
2023-06-27 21:56:53.872769205 +0200 CEST m=+10077.363940527,38.03139114379883
2023-06-27 21:56:53.872794143 +0200 CEST m=+10077.363965464,39.69869613647461
2023-06-27 21:56:53.872806965 +0200 CEST m=+10077.363978287,41.405921936035156
2023-06-27 21:56:53.872817738 +0200 CEST m=+10077.363989060,43.14631652832031
2023-06-27 21:56:53.872828662 +0200 CEST m=+10077.363999984,44.913002014160156
2023-06-27 21:56:53.872838273 +0200 CEST m=+10077.364009595,46.69899368286133
2023-06-27 21:56:53.872851199 +0200 CEST m=+10077.364022521,48.497230529785156
2023-06-27 21:56:53.872865029 +0200 CEST m=+10077.364036351,50.300621032714844
2023-06-27 21:56:53.872872331 +0200 CEST m=+10077.364043652,52.1020393371582
2023-06-27 21:56:53.872879797 +0200 CEST m=+10077.364051119,53.89438247680664
2023-06-27 21:56:53.872886662 +0200 CEST m=+10077.364057984,55.67058181762695
2023-06-27 21:56:53.872894511 +0200 CEST m=+10077.364065833,57.0752067565918
2023-06-27 21:56:53.872950981 +0200 CEST m=+10077.364122307,58.46147537231445
2023-06-27 21:56:53.873147122 +0200 CEST m=+10077.364318448,59.825889587402344
2023-06-27 21:56:53.873314858 +0200 CEST m=+10077.364486180,61.165008544921875
2023-06-27 21:56:53.888848173 +0200 CEST m=+10077.380019522,62.475467681884766
2023-06-27 21:56:53.88886762 +0200 CEST m=+10077.380038970,63.75395965576172
2023-06-27 21:56:53.888893423 +0200 CEST m=+10077.380064774,64.54689025878906
2023-06-27 21:56:53.88891451 +0200 CEST m=+10077.380085859,64.9217758178711
2023-06-27 21:56:53.888933565 +0200 CEST m=+10077.380104913,65.25884246826172
2023-06-27 21:56:53.88895731 +0200 CEST m=+10077.380128659,65.5572509765625
2023-06-27 21:56:53.888978239 +0200 CEST m=+10077.380149589,65.8162612915039
2023-06-27 21:56:53.888997203 +0200 CEST m=+10077.380168554,66.03524017333984
2023-06-27 21:56:53.889017265 +0200 CEST m=+10077.380188616,66.21363067626953
2023-06-27 21:56:53.889040368 +0200 CEST m=+10077.380211717,66.35102081298828
2023-06-27 21:56:53.889070479 +0200 CEST m=+10077.380241844,66.44705963134766
2023-06-27 21:56:53.889119067 +0200 CEST m=+10077.380290431,66.50152587890625
2023-06-27 21:56:53.889162349 +0200 CEST m=+10077.380333699,66.51428985595703
2023-06-27 21:56:53.889287679 +0200 CEST m=+10077.380459045,70.83268737792969
2023-06-27 21:56:53.889655429 +0200 CEST m=+10077.380826778,70.77181243896484
2023-06-27 21:56:53.890083291 +0200 CEST m=+10077.381254641,70.658203125
2023-06-27 21:56:53.904724858 +0200 CEST m=+10077.395896192,70.49201202392578
2023-06-27 21:56:53.904745949 +0200 CEST m=+10077.395917284,70.27354431152344
2023-06-27 21:56:53.904770882 +0200 CEST m=+10077.395942216,70.00323486328125
2023-06-27 21:56:53.904790626 +0200 CEST m=+10077.395961960,69.68163299560547
2023-06-27 21:56:53.904809546 +0200 CEST m=+10077.395980882,69.30944061279297
2023-06-27 21:56:53.904829913 +0200 CEST m=+10077.396001253,68.88748168945312
2023-06-27 21:56:53.904852001 +0200 CEST m=+10077.396023334,68.41670227050781
2023-06-27 21:56:53.904872482 +0200 CEST m=+10077.396043809,68.64979553222656
2023-06-27 21:56:53.904890158 +0200 CEST m=+10077.396061487,69.14613342285156
2023-06-27 21:56:53.904911397 +0200 CEST m=+10077.396082736,69.59516143798828
2023-06-27 21:56:53.904926244 +0200 CEST m=+10077.396097571,70.21345520019531
2023-06-27 21:56:53.904938285 +0200 CEST m=+10077.396109614,70.5692138671875
2023-06-27 21:56:53.904952712 +0200 CEST m=+10077.396124041,70.94178009033203
2023-06-27 21:56:53.905416456 +0200 CEST m=+10077.396587792,71.23262023925781
2023-06-27 21:56:53.905743419 +0200 CEST m=+10077.396914746,71.4403305053711
2023-06-27 21:56:53.906033136 +0200 CEST m=+10077.397204463,71.56382751464844
2023-06-27 21:56:53.92072482 +0200 CEST m=+10077.411896148,71.60237121582031
2023-06-27 21:56:53.920741488 +0200 CEST m=+10077.411912819,71.55554962158203
2023-06-27 21:56:53.920760757 +0200 CEST m=+10077.411932088,71.42328643798828
2023-06-27 21:56:53.920776576 +0200 CEST m=+10077.411947907,71.20584106445312
2023-06-27 21:56:53.920815568 +0200 CEST m=+10077.411986896,70.90382385253906
2023-06-27 21:56:53.920830048 +0200 CEST m=+10077.412001370,70.51818084716797
2023-06-27 21:56:53.920846855 +0200 CEST m=+10077.412018190,70.0501708984375
2023-06-27 21:56:53.920862919 +0200 CEST m=+10077.412034241,69.50141143798828
2023-06-27 21:56:53.92088113 +0200 CEST m=+10077.412052453,68.73639678955078
2023-06-27 21:56:53.920889432 +0200 CEST m=+10077.412060755,66.65682983398438
2023-06-27 21:56:53.920896744 +0200 CEST m=+10077.412068067,64.50509643554688
2023-06-27 21:56:53.920904245 +0200 CEST m=+10077.412075569,62.28950881958008
2023-06-27 21:56:53.920913578 +0200 CEST m=+10077.412084901,59.8930549621582
2023-06-27 21:56:53.921042004 +0200 CEST m=+10077.412213331,57.32305908203125
2023-06-27 21:56:53.921222771 +0200 CEST m=+10077.412394103,55.344879150390625
2023-06-27 21:56:53.921467311 +0200 CEST m=+10077.412638638,53.446861267089844
2023-06-27 21:56:53.936728984 +0200 CEST m=+10077.427900304,51.679935455322266
2023-06-27 21:56:53.9367356 +0200 CEST m=+10077.427906920,50.06724166870117
2023-06-27 21:56:53.936745755 +0200 CEST m=+10077.427917075,48.45372772216797
2023-06-27 21:56:53.936752248 +0200 CEST m=+10077.427923567,46.843467712402344
2023-06-27 21:56:53.93675902 +0200 CEST m=+10077.427930340,45.240535736083984
2023-06-27 21:56:53.936769718 +0200 CEST m=+10077.427941037,43.648983001708984
2023-06-27 21:56:53.936775557 +0200 CEST m=+10077.427946877,42.99566650390625
2023-06-27 21:56:53.936781414 +0200 CEST m=+10077.427952734,41.6269416809082
2023-06-27 21:56:53.936787719 +0200 CEST m=+10077.427959038,40.281036376953125
2023-06-27 21:56:53.936794837 +0200 CEST m=+10077.427966157,38.9613151550293
2023-06-27 21:56:53.936800846 +0200 CEST m=+10077.427972166,37.671085357666016
2023-06-27 21:56:53.936807506 +0200 CEST m=+10077.427978826,36.41356658935547
2023-06-27 21:56:53.936813135 +0200 CEST m=+10077.427984454,35.63658905029297
2023-06-27 21:56:53.936875116 +0200 CEST m=+10077.428046436,35.27289962768555
2023-06-27 21:56:53.937023147 +0200 CEST m=+10077.428194469,34.946842193603516
2023-06-27 21:56:53.937158926 +0200 CEST m=+10077.428330246,34.659202575683594
2023-06-27 21:56:53.952750335 +0200 CEST m=+10077.443921664,34.41065216064453
2023-06-27 21:56:53.952770938 +0200 CEST m=+10077.443942265,34.20177459716797
2023-06-27 21:56:53.952785656 +0200 CEST m=+10077.443956984,34.033050537109375
2023-06-27 21:56:53.952800801 +0200 CEST m=+10077.443972128,33.90485382080078
2023-06-27 21:56:53.952819445 +0200 CEST m=+10077.443990772,33.81746292114258
2023-06-27 21:56:53.952836305 +0200 CEST m=+10077.444007631,33.77104187011719
2023-06-27 21:56:53.95287143 +0200 CEST m=+10077.444042756,33.76565933227539
2023-06-27 21:56:53.952889598 +0200 CEST m=+10077.444060924,33.80128479003906
2023-06-27 21:56:53.952904777 +0200 CEST m=+10077.444076102,33.877769470214844
2023-06-27 21:56:53.952919857 +0200 CEST m=+10077.444091185,33.994873046875
2023-06-27 21:56:53.952936842 +0200 CEST m=+10077.444108169,34.15224838256836
2023-06-27 21:56:53.952954281 +0200 CEST m=+10077.444125607,34.34945297241211
2023-06-27 21:56:53.952970353 +0200 CEST m=+10077.444141680,34.585933685302734
2023-06-27 21:56:53.953053454 +0200 CEST m=+10077.444224780,34.86104965209961
2023-06-27 21:56:53.953345139 +0200 CEST m=+10077.444516465,35.25812530517578
2023-06-27 21:56:53.968695292 +0200 CEST m=+10077.459866618,35.71274185180664
2023-06-27 21:56:53.968707652 +0200 CEST m=+10077.459878973,35.851505279541016
2023-06-27 21:56:53.968714531 +0200 CEST m=+10077.459885853,35.40477752685547
2023-06-27 21:56:53.968725998 +0200 CEST m=+10077.459897319,35.016319274902344
2023-06-27 21:56:53.968769684 +0200 CEST m=+10077.459941007,34.68756866455078
2023-06-27 21:56:53.968782932 +0200 CEST m=+10077.459954253,34.41973114013672
2023-06-27 21:56:53.968796449 +0200 CEST m=+10077.459967771,34.213768005371094
2023-06-27 21:56:53.968808011 +0200 CEST m=+10077.459979332,34.07040023803711
2023-06-27 21:56:53.968820836 +0200 CEST m=+10077.459992159,33.990089416503906
2023-06-27 21:56:53.968840283 +0200 CEST m=+10077.460011604,33.973060607910156
2023-06-27 21:56:53.968852089 +0200 CEST m=+10077.460023410,34.01927947998047
2023-06-27 21:56:53.968864969 +0200 CEST m=+10077.460036291,34.12846374511719
2023-06-27 21:56:53.968877925 +0200 CEST m=+10077.460049247,34.300086975097656
2023-06-27 21:56:53.968889962 +0200 CEST m=+10077.460061284,34.53337097167969
2023-06-27 21:56:53.96894348 +0200 CEST m=+10077.460114800,34.827301025390625
2023-06-27 21:56:53.969111978 +0200 CEST m=+10077.460283300,35.18062210083008
2023-06-27 21:56:53.984839745 +0200 CEST m=+10077.476011071,35.59184646606445
2023-06-27 21:56:53.984855647 +0200 CEST m=+10077.476026974,35.96137619018555
2023-06-27 21:56:53.984868761 +0200 CEST m=+10077.476040085,36.66594696044922
2023-06-27 21:56:53.984883863 +0200 CEST m=+10077.476055188,37.90302658081055
2023-06-27 21:56:53.984895712 +0200 CEST m=+10077.476067036,39.169105529785156
2023-06-27 21:56:53.984907307 +0200 CEST m=+10077.476078631,40.4609375
2023-06-27 21:56:53.984920114 +0200 CEST m=+10077.476091439,41.77523422241211
2023-06-27 21:56:53.984934173 +0200 CEST m=+10077.476105497,43.108642578125
2023-06-27 21:56:53.984946795 +0200 CEST m=+10077.476118120,44.4577751159668
2023-06-27 21:56:53.984959254 +0200 CEST m=+10077.476130579,45.8192024230957
2023-06-27 21:56:53.984970708 +0200 CEST m=+10077.476142033,47.1894645690918
2023-06-27 21:56:53.984983824 +0200 CEST m=+10077.476155148,48.56509780883789
2023-06-27 21:56:53.984995359 +0200 CEST m=+10077.476166683,49.9426155090332
2023-06-27 21:56:53.985010047 +0200 CEST m=+10077.476181372,51.31853485107422
2023-06-27 21:56:53.985211754 +0200 CEST m=+10077.476383073,52.68938446044922
2023-06-27 21:56:53.985340064 +0200 CEST m=+10077.476511390,54.05170440673828
2023-06-27 21:56:54.000713424 +0200 CEST m=+10077.491884789,55.402069091796875
2023-06-27 21:56:54.000786143 +0200 CEST m=+10077.491957489,56.73707962036133
2023-06-27 21:56:54.000817599 +0200 CEST m=+10077.491988931,58.053382873535156
2023-06-27 21:56:54.000843762 +0200 CEST m=+10077.492015108,59.347679138183594
2023-06-27 21:56:54.0008691 +0200 CEST m=+10077.492040441,60.616722106933594
2023-06-27 21:56:54.000891003 +0200 CEST m=+10077.492062353,61.85734558105469
2023-06-27 21:56:54.000921044 +0200 CEST m=+10077.492092379,63.06644821166992
2023-06-27 21:56:54.000949034 +0200 CEST m=+10077.492120373,63.813350677490234
2023-06-27 21:56:54.000971781 +0200 CEST m=+10077.492143123,64.16276550292969
2023-06-27 21:56:54.00100018 +0200 CEST m=+10077.492171513,64.4759750366211
2023-06-27 21:56:54.001024516 +0200 CEST m=+10077.492195851,64.75222778320312
2023-06-27 21:56:54.001043377 +0200 CEST m=+10077.492214710,64.99087524414062
2023-06-27 21:56:54.001065941 +0200 CEST m=+10077.492237274,65.19135284423828
2023-06-27 21:56:54.001089888 +0200 CEST m=+10077.492261229,65.35322570800781
2023-06-27 21:56:54.001232562 +0200 CEST m=+10077.492403908,69.42938232421875
2023-06-27 21:56:54.001516823 +0200 CEST m=+10077.492688160,69.562255859375
2023-06-27 21:56:54.016711866 +0200 CEST m=+10077.507883189,69.64585876464844
2023-06-27 21:56:54.016734714 +0200 CEST m=+10077.507906044,69.68064880371094
2023-06-27 21:56:54.01675402 +0200 CEST m=+10077.507925353,69.63772583007812
2023-06-27 21:56:54.016771168 +0200 CEST m=+10077.507942491,69.51709747314453
2023-06-27 21:56:54.016791033 +0200 CEST m=+10077.507962355,69.31909942626953
2023-06-27 21:56:54.016798609 +0200 CEST m=+10077.507969932,69.04436492919922
2023-06-27 21:56:54.016805522 +0200 CEST m=+10077.507976844,68.69381713867188
2023-06-27 21:56:54.016813896 +0200 CEST m=+10077.507985218,68.26870727539062
2023-06-27 21:56:54.016820571 +0200 CEST m=+10077.507991894,67.77056121826172
2023-06-27 21:56:54.016828163 +0200 CEST m=+10077.507999485,67.95235443115234
2023-06-27 21:56:54.016843297 +0200 CEST m=+10077.508014619,68.54943084716797
2023-06-27 21:56:54.016849954 +0200 CEST m=+10077.508021277,69.11813354492188
2023-06-27 21:56:54.016857952 +0200 CEST m=+10077.508029275,69.6126708984375
2023-06-27 21:56:54.01701495 +0200 CEST m=+10077.508186276,70.0308837890625
2023-06-27 21:56:54.017180183 +0200 CEST m=+10077.508351515,70.37093353271484
2023-06-27 21:56:54.01730659 +0200 CEST m=+10077.508477912,70.63128662109375
2023-06-27 21:56:54.032749796 +0200 CEST m=+10077.523921137,70.81069946289062
2023-06-27 21:56:54.032788629 +0200 CEST m=+10077.523959970,70.90825653076172
2023-06-27 21:56:54.032818005 +0200 CEST m=+10077.523989630,70.92338562011719
2023-06-27 21:56:54.032842445 +0200 CEST m=+10077.524013783,70.85579681396484
2023-06-27 21:56:54.032864418 +0200 CEST m=+10077.524035751,70.74221801757812
2023-06-27 21:56:54.032884431 +0200 CEST m=+10077.524055767,70.57591247558594
2023-06-27 21:56:54.032902419 +0200 CEST m=+10077.524073751,70.35721588134766
2023-06-27 21:56:54.032924754 +0200 CEST m=+10077.524096092,70.08656311035156
2023-06-27 21:56:54.032948911 +0200 CEST m=+10077.524120253,69.76454162597656
2023-06-27 21:56:54.032963944 +0200 CEST m=+10077.524135279,69.39186096191406
2023-06-27 21:56:54.032976197 +0200 CEST m=+10077.524147530,68.96937561035156
2023-06-27 21:56:54.032987269 +0200 CEST m=+10077.524158600,68.49803924560547
2023-06-27 21:56:54.03300207 +0200 CEST m=+10077.524173404,67.31449127197266
2023-06-27 21:56:54.033100278 +0200 CEST m=+10077.524271612,65.68566131591797
2023-06-27 21:56:54.033495497 +0200 CEST m=+10077.524666822,64.013916015625
2023-06-27 21:56:54.033694065 +0200 CEST m=+10077.524865390,62.30340576171875
2023-06-27 21:56:54.048691539 +0200 CEST m=+10077.539862871,60.55838394165039
2023-06-27 21:56:54.048714973 +0200 CEST m=+10077.539886299,58.783199310302734
2023-06-27 21:56:54.048732578 +0200 CEST m=+10077.539903905,56.91273498535156
2023-06-27 21:56:54.048752619 +0200 CEST m=+10077.539923945,54.65787887573242
2023-06-27 21:56:54.048770956 +0200 CEST m=+10077.539942281,52.996368408203125
2023-06-27 21:56:54.048786776 +0200 CEST m=+10077.539958104,51.30556106567383
2023-06-27 21:56:54.048813688 +0200 CEST m=+10077.539985015,49.67375946044922
2023-06-27 21:56:54.04882923 +0200 CEST m=+10077.540000556,48.108970642089844
2023-06-27 21:56:54.048844367 +0200 CEST m=+10077.540015694,46.549007415771484
2023-06-27 21:56:54.04885892 +0200 CEST m=+10077.540030245,44.9978141784668
2023-06-27 21:56:54.048875303 +0200 CEST m=+10077.540046631,43.45930862426758
2023-06-27 21:56:54.048890897 +0200 CEST m=+10077.540062221,41.9373779296875
2023-06-27 21:56:54.048906586 +0200 CEST m=+10077.540077911,40.43585968017578
2023-06-27 21:56:54.049000273 +0200 CEST m=+10077.540171602,38.958553314208984
2023-06-27 21:56:54.049294343 +0200 CEST m=+10077.540465677,38.74513244628906
2023-06-27 21:56:54.049507511 +0200 CEST m=+10077.540678848,37.47643280029297
2023-06-27 21:56:54.064737635 +0200 CEST m=+10077.555908955,36.241180419921875
2023-06-27 21:56:54.064747881 +0200 CEST m=+10077.555919202,35.68574142456055
2023-06-27 21:56:54.064754859 +0200 CEST m=+10077.555926178,35.33645248413086
2023-06-27 21:56:54.06476066 +0200 CEST m=+10077.555931981,34.95271301269531
2023-06-27 21:56:54.064767593 +0200 CEST m=+10077.555938914,34.6290168762207
2023-06-27 21:56:54.064774667 +0200 CEST m=+10077.555945987,34.36653518676758
2023-06-27 21:56:54.064781896 +0200 CEST m=+10077.555953216,34.16619873046875
2023-06-27 21:56:54.064788232 +0200 CEST m=+10077.555959552,34.02867889404297
2023-06-27 21:56:54.064794755 +0200 CEST m=+10077.555966074,33.95440673828125
2023-06-27 21:56:54.064802164 +0200 CEST m=+10077.555973485,33.943565368652344
2023-06-27 21:56:54.064808487 +0200 CEST m=+10077.555979808,33.99607467651367
2023-06-27 21:56:54.064814137 +0200 CEST m=+10077.555985457,34.11162185668945
2023-06-27 21:56:54.064821817 +0200 CEST m=+10077.555993138,34.289634704589844
2023-06-27 21:56:54.064936289 +0200 CEST m=+10077.556107608,34.529293060302734
2023-06-27 21:56:54.065148488 +0200 CEST m=+10077.556319812,34.82954406738281
2023-06-27 21:56:54.065280951 +0200 CEST m=+10077.556452272,35.189090728759766
2023-06-27 21:56:54.080841264 +0200 CEST m=+10077.572012585,35.606407165527344
2023-06-27 21:56:54.080850318 +0200 CEST m=+10077.572021638,36.079742431640625
2023-06-27 21:56:54.08085715 +0200 CEST m=+10077.572028471,35.840248107910156
2023-06-27 21:56:54.080866966 +0200 CEST m=+10077.572038286,35.42377853393555
2023-06-27 21:56:54.08087547 +0200 CEST m=+10077.572046791,35.06556701660156
2023-06-27 21:56:54.080882488 +0200 CEST m=+10077.572053808,34.76692199707031
2023-06-27 21:56:54.080890748 +0200 CEST m=+10077.572062068,34.571617126464844
2023-06-27 21:56:54.080903354 +0200 CEST m=+10077.572074675,34.41556167602539
2023-06-27 21:56:54.08091105 +0200 CEST m=+10077.572082369,34.29908752441406
2023-06-27 21:56:54.080922451 +0200 CEST m=+10077.572093772,34.222434997558594
2023-06-27 21:56:54.080939438 +0200 CEST m=+10077.572110757,34.18574142456055
2023-06-27 21:56:54.080974014 +0200 CEST m=+10077.572145334,34.18903350830078
2023-06-27 21:56:54.080982229 +0200 CEST m=+10077.572153549,34.23225021362305
2023-06-27 21:56:54.081064139 +0200 CEST m=+10077.572235466,34.31521987915039
2023-06-27 21:56:54.081247315 +0200 CEST m=+10077.572418645,34.437679290771484
2023-06-27 21:56:54.081490299 +0200 CEST m=+10077.572661633,34.59925842285156
2023-06-27 21:56:54.096726591 +0200 CEST m=+10077.587897924,34.79948806762695
2023-06-27 21:56:54.096749461 +0200 CEST m=+10077.587920795,35.037811279296875
2023-06-27 21:56:54.09676709 +0200 CEST m=+10077.587938424,35.31356430053711
2023-06-27 21:56:54.096792745 +0200 CEST m=+10077.587964079,35.625999450683594
2023-06-27 21:56:54.096811847 +0200 CEST m=+10077.587983182,35.97426986694336
2023-06-27 21:56:54.096829252 +0200 CEST m=+10077.588000587,36.35744857788086
2023-06-27 21:56:54.096848984 +0200 CEST m=+10077.588020319,37.464141845703125
2023-06-27 21:56:54.096877942 +0200 CEST m=+10077.588049275,38.69932556152344
2023-06-27 21:56:54.096895482 +0200 CEST m=+10077.588066815,39.96122360229492
2023-06-27 21:56:54.096916098 +0200 CEST m=+10077.588087437,41.24659729003906
2023-06-27 21:56:54.096938807 +0200 CEST m=+10077.588110141,42.55216598510742
2023-06-27 21:56:54.096956564 +0200 CEST m=+10077.588127899,43.87460708618164
2023-06-27 21:56:54.096977651 +0200 CEST m=+10077.588148988,45.210548400878906
2023-06-27 21:56:54.097035998 +0200 CEST m=+10077.588207339,46.55659866333008
2023-06-27 21:56:54.097306261 +0200 CEST m=+10077.588477592,47.909339904785156
2023-06-27 21:56:54.097555915 +0200 CEST m=+10077.588727244,49.26534652709961
2023-06-27 21:56:54.112715253 +0200 CEST m=+10077.603886575,50.62118911743164
2023-06-27 21:56:54.112726977 +0200 CEST m=+10077.603898299,51.97343444824219
2023-06-27 21:56:54.112816232 +0200 CEST m=+10077.603987565,53.31867980957031
2023-06-27 21:56:54.112834683 +0200 CEST m=+10077.604006017,54.653533935546875
2023-06-27 21:56:54.112849831 +0200 CEST m=+10077.604021165,55.97464370727539
2023-06-27 21:56:54.112866275 +0200 CEST m=+10077.604037608,57.60164260864258
2023-06-27 21:56:54.112882061 +0200 CEST m=+10077.604053394,59.195613861083984
2023-06-27 21:56:54.112896697 +0200 CEST m=+10077.604068029,60.75032424926758
2023-06-27 21:56:54.112912543 +0200 CEST m=+10077.604083876,62.25971221923828
2023-06-27 21:56:54.11292698 +0200 CEST m=+10077.604098315,63.491416931152344
2023-06-27 21:56:54.112941584 +0200 CEST m=+10077.604112919,63.92435836791992
2023-06-27 21:56:54.112959192 +0200 CEST m=+10077.604130528,64.30155944824219
2023-06-27 21:56:54.112973683 +0200 CEST m=+10077.604145018,64.62163543701172
2023-06-27 21:56:54.112989065 +0200 CEST m=+10077.604160401,64.88343048095703
2023-06-27 21:56:54.113151602 +0200 CEST m=+10077.604322936,65.08602905273438
2023-06-27 21:56:54.113387321 +0200 CEST m=+10077.604558656,65.22872924804688
2023-06-27 21:56:54.128707387 +0200 CEST m=+10077.619878709,65.31109619140625
2023-06-27 21:56:54.12871807 +0200 CEST m=+10077.619889391,65.3329086303711
2023-06-27 21:56:54.128792016 +0200 CEST m=+10077.619963341,70.59954833984375
2023-06-27 21:56:54.128805807 +0200 CEST m=+10077.619977132,70.5131607055664
2023-06-27 21:56:54.128817807 +0200 CEST m=+10077.619989131,70.34539794921875
2023-06-27 21:56:54.128834531 +0200 CEST m=+10077.620005856,70.09671783447266
2023-06-27 21:56:54.128846577 +0200 CEST m=+10077.620017902,69.76787567138672
2023-06-27 21:56:54.128865284 +0200 CEST m=+10077.620036613,69.35997009277344
2023-06-27 21:56:54.128879452 +0200 CEST m=+10077.620050773,68.97764587402344
2023-06-27 21:56:54.128885435 +0200 CEST m=+10077.620056757,68.54647827148438
2023-06-27 21:56:54.128892646 +0200 CEST m=+10077.620063967,68.06745147705078
2023-06-27 21:56:54.128910297 +0200 CEST m=+10077.620081617,68.54610443115234
2023-06-27 21:56:54.128922208 +0200 CEST m=+10077.620093529,69.02257537841797
2023-06-27 21:56:54.128935073 +0200 CEST m=+10077.620106394,69.451904296875
2023-06-27 21:56:54.129036925 +0200 CEST m=+10077.620208250,71.51405334472656
2023-06-27 21:56:54.129149043 +0200 CEST m=+10077.620320364,71.88284301757812
2023-06-27 21:56:54.144746271 +0200 CEST m=+10077.635917596,72.197265625
2023-06-27 21:56:54.144762225 +0200 CEST m=+10077.635933551,72.45635986328125
2023-06-27 21:56:54.144774042 +0200 CEST m=+10077.635945367,72.65931701660156
2023-06-27 21:56:54.144786591 +0200 CEST m=+10077.635957915,72.8054428100586
2023-06-27 21:56:54.144800173 +0200 CEST m=+10077.635971494,72.89420318603516
2023-06-27 21:56:54.14480989 +0200 CEST m=+10077.635981209,72.92520904541016
2023-06-27 21:56:54.144819247 +0200 CEST m=+10077.635990570,72.8982162475586
2023-06-27 21:56:54.144830927 +0200 CEST m=+10077.636002246,72.81311798095703
2023-06-27 21:56:54.144839635 +0200 CEST m=+10077.636010956,72.66996765136719
2023-06-27 21:56:54.144851823 +0200 CEST m=+10077.636023143,72.46895599365234
2023-06-27 21:56:54.144863662 +0200 CEST m=+10077.636034982,72.21041870117188
2023-06-27 21:56:54.144873034 +0200 CEST m=+10077.636044357,71.89485931396484
2023-06-27 21:56:54.144885598 +0200 CEST m=+10077.636056920,71.52290344238281
2023-06-27 21:56:54.145040431 +0200 CEST m=+10077.636211755,71.0953369140625
2023-06-27 21:56:54.145268179 +0200 CEST m=+10077.636439507,70.61308288574219
2023-06-27 21:56:54.145365937 +0200 CEST m=+10077.636537262,69.9310073852539
2023-06-27 21:56:54.160745808 +0200 CEST m=+10077.651917138,67.59452056884766
2023-06-27 21:56:54.160764273 +0200 CEST m=+10077.651935605,64.43135833740234
2023-06-27 21:56:54.160787306 +0200 CEST m=+10077.651958636,62.785213470458984
2023-06-27 21:56:54.160804272 +0200 CEST m=+10077.651975603,59.94623947143555
2023-06-27 21:56:54.160889672 +0200 CEST m=+10077.652060999,58.40754699707031
2023-06-27 21:56:54.160906608 +0200 CEST m=+10077.652077936,56.84724044799805
2023-06-27 21:56:54.160920164 +0200 CEST m=+10077.652091502,55.269248962402344
2023-06-27 21:56:54.160932715 +0200 CEST m=+10077.652104042,53.67756271362305
2023-06-27 21:56:54.16095084 +0200 CEST m=+10077.652122167,52.076194763183594
2023-06-27 21:56:54.160971581 +0200 CEST m=+10077.652142913,50.06703186035156
2023-06-27 21:56:54.160992215 +0200 CEST m=+10077.652163546,48.05699157714844
2023-06-27 21:56:54.161014577 +0200 CEST m=+10077.652185906,46.05400466918945
2023-06-27 21:56:54.161033999 +0200 CEST m=+10077.652205331,44.065982818603516
2023-06-27 21:56:54.161053373 +0200 CEST m=+10077.652224706,42.10077667236328
2023-06-27 21:56:54.161072364 +0200 CEST m=+10077.652243693,40.1661491394043
2023-06-27 21:56:54.161275741 +0200 CEST m=+10077.652447070,38.581119537353516
2023-06-27 21:56:54.176700295 +0200 CEST m=+10077.667871617,36.782371520996094
2023-06-27 21:56:54.176711493 +0200 CEST m=+10077.667882814,35.634376525878906
2023-06-27 21:56:54.176728262 +0200 CEST m=+10077.667899584,34.70732498168945
2023-06-27 21:56:54.176740834 +0200 CEST m=+10077.667912157,34.239139556884766
2023-06-27 21:56:54.176757921 +0200 CEST m=+10077.667929243,33.83350372314453
2023-06-27 21:56:54.17677356 +0200 CEST m=+10077.667944880,34.079341888427734
2023-06-27 21:56:54.176784224 +0200 CEST m=+10077.667955544,33.81801223754883
2023-06-27 21:56:54.176789858 +0200 CEST m=+10077.667961178,33.620880126953125
2023-06-27 21:56:54.176796903 +0200 CEST m=+10077.667968223,33.48863983154297
2023-06-27 21:56:54.17681322 +0200 CEST m=+10077.667984540,33.421714782714844
2023-06-27 21:56:54.176824662 +0200 CEST m=+10077.667995982,33.41533279418945
2023-06-27 21:56:54.176844656 +0200 CEST m=+10077.668015975,33.450836181640625
2023-06-27 21:56:54.176850303 +0200 CEST m=+10077.668021624,33.52809143066406
2023-06-27 21:56:54.176995649 +0200 CEST m=+10077.668166969,33.64685821533203
2023-06-27 21:56:54.177157461 +0200 CEST m=+10077.668328785,33.806785583496094
2023-06-27 21:56:54.19272317 +0200 CEST m=+10077.683894499,34.00742721557617
2023-06-27 21:56:54.192782578 +0200 CEST m=+10077.683953907,34.248226165771484
2023-06-27 21:56:54.192800898 +0200 CEST m=+10077.683972227,34.52853012084961
2023-06-27 21:56:54.192815271 +0200 CEST m=+10077.683986599,34.847591400146484
2023-06-27 21:56:54.192831522 +0200 CEST m=+10077.684002846,35.20455551147461
2023-06-27 21:56:54.192845488 +0200 CEST m=+10077.684016811,35.59847640991211
2023-06-27 21:56:54.192859952 +0200 CEST m=+10077.684031287,35.44159698486328
2023-06-27 21:56:54.192870195 +0200 CEST m=+10077.684041518,35.08016586303711
2023-06-27 21:56:54.192877937 +0200 CEST m=+10077.684049261,34.75681686401367
2023-06-27 21:56:54.19288518 +0200 CEST m=+10077.684056504,34.472328186035156
2023-06-27 21:56:54.193078667 +0200 CEST m=+10077.684249991,34.22737503051758
2023-06-27 21:56:54.193254951 +0200 CEST m=+10077.684426278,34.02252960205078
2023-06-27 21:56:54.193277447 +0200 CEST m=+10077.684448772,33.8582649230957
2023-06-27 21:56:54.19330181 +0200 CEST m=+10077.684473136,33.73495101928711
2023-06-27 21:56:54.193747998 +0200 CEST m=+10077.684919323,33.65285110473633
2023-06-27 21:56:54.194499929 +0200 CEST m=+10077.685671254,33.612125396728516
2023-06-27 21:56:54.20871616 +0200 CEST m=+10077.699887484,33.61282730102539
2023-06-27 21:56:54.208730299 +0200 CEST m=+10077.699901620,33.65491485595703
2023-06-27 21:56:54.208736346 +0200 CEST m=+10077.699907666,33.73823165893555
2023-06-27 21:56:54.208744506 +0200 CEST m=+10077.699915826,33.86251449584961
2023-06-27 21:56:54.208750343 +0200 CEST m=+10077.699921662,34.02741241455078
2023-06-27 21:56:54.208756698 +0200 CEST m=+10077.699928018,34.23245620727539
2023-06-27 21:56:54.208771251 +0200 CEST m=+10077.699942572,34.477081298828125
2023-06-27 21:56:54.208789308 +0200 CEST m=+10077.699960628,34.76062774658203
2023-06-27 21:56:54.208797768 +0200 CEST m=+10077.699969088,35.08233642578125
2023-06-27 21:56:54.208804502 +0200 CEST m=+10077.699975822,35.44134521484375
2023-06-27 21:56:54.208811563 +0200 CEST m=+10077.699982884,35.836708068847656
2023-06-27 21:56:54.208818255 +0200 CEST m=+10077.699989575,37.300785064697266
2023-06-27 21:56:54.208824647 +0200 CEST m=+10077.699995967,38.91510009765625
2023-06-27 21:56:54.208959678 +0200 CEST m=+10077.700131009,40.570831298828125
2023-06-27 21:56:54.209128358 +0200 CEST m=+10077.700299676,42.26137924194336
2023-06-27 21:56:54.209251679 +0200 CEST m=+10077.700422998,43.98003005981445
2023-06-27 21:56:54.224986456 +0200 CEST m=+10077.716157825,45.7199592590332
2023-06-27 21:56:54.225044367 +0200 CEST m=+10077.716215747,47.47426986694336
2023-06-27 21:56:54.2251027 +0200 CEST m=+10077.716274075,49.236019134521484
2023-06-27 21:56:54.225159346 +0200 CEST m=+10077.716330727,50.99824523925781
2023-06-27 21:56:54.225226404 +0200 CEST m=+10077.716397794,52.753997802734375
2023-06-27 21:56:54.225310447 +0200 CEST m=+10077.716481842,54.49635314941406
2023-06-27 21:56:54.225451982 +0200 CEST m=+10077.716623303,56.21846008300781
2023-06-27 21:56:54.225504768 +0200 CEST m=+10077.716676128,57.91354751586914
2023-06-27 21:56:54.225542703 +0200 CEST m=+10077.716714067,59.574974060058594
2023-06-27 21:56:54.225583005 +0200 CEST m=+10077.716754367,61.196224212646484
2023-06-27 21:56:54.225628287 +0200 CEST m=+10077.716799651,62.77096176147461
2023-06-27 21:56:54.225709773 +0200 CEST m=+10077.716881137,64.05705261230469
2023-06-27 21:56:54.225750505 +0200 CEST m=+10077.716921869,64.51127624511719
2023-06-27 21:56:54.225793301 +0200 CEST m=+10077.716964667,64.9075927734375
2023-06-27 21:56:54.226202562 +0200 CEST m=+10077.717373919,65.18196105957031
2023-06-27 21:56:54.226856606 +0200 CEST m=+10077.718027985,65.41766357421875
2023-06-27 21:56:54.24073033 +0200 CEST m=+10077.731901667,65.61416625976562
2023-06-27 21:56:54.240761559 +0200 CEST m=+10077.731932902,65.77100372314453
2023-06-27 21:56:54.24079367 +0200 CEST m=+10077.731965000,65.88783264160156
2023-06-27 21:56:54.240811726 +0200 CEST m=+10077.731983064,65.96440887451172
2023-06-27 21:56:54.240834336 +0200 CEST m=+10077.732005671,66.00057220458984
2023-06-27 21:56:54.240857121 +0200 CEST m=+10077.732028459,65.99629974365234
2023-06-27 21:56:54.240881402 +0200 CEST m=+10077.732052746,65.95162963867188
2023-06-27 21:56:54.240912184 +0200 CEST m=+10077.732083519,65.86672973632812
2023-06-27 21:56:54.240923732 +0200 CEST m=+10077.732095065,65.74185943603516
2023-06-27 21:56:54.240935753 +0200 CEST m=+10077.732107087,65.57738494873047
2023-06-27 21:56:54.240947217 +0200 CEST m=+10077.732118549,65.3737564086914
2023-06-27 21:56:54.240960021 +0200 CEST m=+10077.732131352,65.13155364990234
2023-06-27 21:56:54.240974274 +0200 CEST m=+10077.732145607,71.09512329101562
2023-06-27 21:56:54.241052548 +0200 CEST m=+10077.732223890,70.68690490722656
2023-06-27 21:56:54.24138227 +0200 CEST m=+10077.732553612,70.22506713867188
2023-06-27 21:56:54.241673048 +0200 CEST m=+10077.732844390,69.71061706542969
2023-06-27 21:56:54.256736722 +0200 CEST m=+10077.747908060,70.24092864990234
2023-06-27 21:56:54.256762958 +0200 CEST m=+10077.747934290,70.7692642211914
2023-06-27 21:56:54.256784767 +0200 CEST m=+10077.747956109,71.24650573730469
2023-06-27 21:56:54.25680929 +0200 CEST m=+10077.747980627,71.67130279541016
2023-06-27 21:56:54.256834474 +0200 CEST m=+10077.748005804,72.04241943359375
2023-06-27 21:56:54.256855866 +0200 CEST m=+10077.748027197,72.35877227783203
2023-06-27 21:56:54.256875706 +0200 CEST m=+10077.748047037,72.61937713623047
2023-06-27 21:56:54.256899011 +0200 CEST m=+10077.748070346,72.82343292236328
2023-06-27 21:56:54.256923353 +0200 CEST m=+10077.748094694,72.9702377319336
2023-06-27 21:56:54.256947069 +0200 CEST m=+10077.748118410,73.05926513671875
2023-06-27 21:56:54.25696516 +0200 CEST m=+10077.748136496,73.09012603759766
2023-06-27 21:56:54.256982149 +0200 CEST m=+10077.748153486,73.06256103515625
2023-06-27 21:56:54.256998557 +0200 CEST m=+10077.748169900,72.97647857666016
2023-06-27 21:56:54.257019952 +0200 CEST m=+10077.748191282,72.83193969726562
2023-06-27 21:56:54.257215206 +0200 CEST m=+10077.748386536,72.56935119628906
2023-06-27 21:56:54.257391007 +0200 CEST m=+10077.748562332,72.2164535522461
2023-06-27 21:56:54.272754214 +0200 CEST m=+10077.763925535,71.77430725097656
2023-06-27 21:56:54.272787067 +0200 CEST m=+10077.763958397,71.24435424804688
2023-06-27 21:56:54.272810341 +0200 CEST m=+10077.763981672,70.62838745117188
2023-06-27 21:56:54.272826932 +0200 CEST m=+10077.763998265,69.19200897216797
2023-06-27 21:56:54.272844501 +0200 CEST m=+10077.764015822,65.71965789794922
2023-06-27 21:56:54.272855283 +0200 CEST m=+10077.764026608,63.16917419433594
2023-06-27 21:56:54.272866817 +0200 CEST m=+10077.764038138,60.361846923828125
2023-06-27 21:56:54.272882469 +0200 CEST m=+10077.764053802,58.060916900634766
2023-06-27 21:56:54.272895626 +0200 CEST m=+10077.764066947,55.98725128173828
2023-06-27 21:56:54.272911394 +0200 CEST m=+10077.764082715,53.8879280090332
2023-06-27 21:56:54.27292326 +0200 CEST m=+10077.764094586,51.70461654663086
2023-06-27 21:56:54.272933414 +0200 CEST m=+10077.764104736,49.65885925292969
2023-06-27 21:56:54.272945458 +0200 CEST m=+10077.764116781,47.61365509033203
2023-06-27 21:56:54.27295618 +0200 CEST m=+10077.764127504,45.57706832885742
2023-06-27 21:56:54.273098132 +0200 CEST m=+10077.764269458,43.557151794433594
2023-06-27 21:56:54.27325907 +0200 CEST m=+10077.764430391,41.56188201904297
2023-06-27 21:56:54.288742688 +0200 CEST m=+10077.779914024,39.988712310791016
2023-06-27 21:56:54.288758526 +0200 CEST m=+10077.779929847,40.02600860595703
2023-06-27 21:56:54.28877013 +0200 CEST m=+10077.779941454,38.725955963134766
2023-06-27 21:56:54.288784466 +0200 CEST m=+10077.779955789,37.45653533935547
2023-06-27 21:56:54.288797266 +0200 CEST m=+10077.779968589,36.22090530395508
2023-06-27 21:56:54.288814082 +0200 CEST m=+10077.779985414,35.66630172729492
2023-06-27 21:56:54.288833226 +0200 CEST m=+10077.780004555,35.318233489990234
2023-06-27 21:56:54.288852677 +0200 CEST m=+10077.780023999,35.00782775878906
2023-06-27 21:56:54.288863111 +0200 CEST m=+10077.780034434,34.73579788208008
2023-06-27 21:56:54.288875827 +0200 CEST m=+10077.780047149,34.502769470214844
2023-06-27 21:56:54.28889374 +0200 CEST m=+10077.780065062,34.309268951416016
2023-06-27 21:56:54.288906223 +0200 CEST m=+10077.780077549,34.15571594238281
2023-06-27 21:56:54.288920661 +0200 CEST m=+10077.780091984,34.04243469238281
2023-06-27 21:56:54.288978521 +0200 CEST m=+10077.780149844,33.96963882446289
2023-06-27 21:56:54.289181025 +0200 CEST m=+10077.780352352,33.93745422363281
2023-06-27 21:56:54.289410255 +0200 CEST m=+10077.780581582,33.94588088989258
2023-06-27 21:56:54.304844749 +0200 CEST m=+10077.796016077,33.99483871459961
2023-06-27 21:56:54.304881328 +0200 CEST m=+10077.796052650,34.08413314819336
2023-06-27 21:56:54.304914289 +0200 CEST m=+10077.796085613,34.21347427368164
2023-06-27 21:56:54.304929878 +0200 CEST m=+10077.796101203,34.3824577331543
2023-06-27 21:56:54.304944491 +0200 CEST m=+10077.796115817,34.59060287475586
2023-06-27 21:56:54.304961441 +0200 CEST m=+10077.796132762,34.83730697631836
2023-06-27 21:56:54.305001886 +0200 CEST m=+10077.796173211,35.12188720703125
2023-06-27 21:56:54.305018075 +0200 CEST m=+10077.796189397,35.44355773925781
2023-06-27 21:56:54.305047188 +0200 CEST m=+10077.796218517,35.80144500732422
2023-06-27 21:56:54.305072919 +0200 CEST m=+10077.796244244,36.194583892822266
2023-06-27 21:56:54.305088248 +0200 CEST m=+10077.796259573,35.855892181396484
2023-06-27 21:56:54.305100624 +0200 CEST m=+10077.796271949,35.52020263671875
2023-06-27 21:56:54.305112215 +0200 CEST m=+10077.796283539,35.22165298461914
2023-06-27 21:56:54.305630006 +0200 CEST m=+10077.796801332,34.96092987060547
2023-06-27 21:56:54.305840119 +0200 CEST m=+10077.797011445,34.73862838745117
2023-06-27 21:56:54.305984103 +0200 CEST m=+10077.797155429,34.55524826049805
2023-06-27 21:56:54.320736581 +0200 CEST m=+10077.811907916,34.38134765625
2023-06-27 21:56:54.320752494 +0200 CEST m=+10077.811923826,34.26942825317383
2023-06-27 21:56:54.320765571 +0200 CEST m=+10077.811936902,34.21979522705078
2023-06-27 21:56:54.320777417 +0200 CEST m=+10077.811948748,34.232521057128906
2023-06-27 21:56:54.320799279 +0200 CEST m=+10077.811970612,34.307411193847656
2023-06-27 21:56:54.320811094 +0200 CEST m=+10077.811982426,34.44404220581055
2023-06-27 21:56:54.320821892 +0200 CEST m=+10077.811993225,34.64174270629883
2023-06-27 21:56:54.320833414 +0200 CEST m=+10077.812004746,34.89960479736328
2023-06-27 21:56:54.320845114 +0200 CEST m=+10077.812016449,35.21647644042969
2023-06-27 21:56:54.320873134 +0200 CEST m=+10077.812044475,35.590980529785156
2023-06-27 21:56:54.320886339 +0200 CEST m=+10077.812057673,36.02151870727539
2023-06-27 21:56:54.320900781 +0200 CEST m=+10077.812072114,36.604522705078125
2023-06-27 21:56:54.320913674 +0200 CEST m=+10077.812085007,38.12200927734375
2023-06-27 21:56:54.321213844 +0200 CEST m=+10077.812385185,39.683074951171875
2023-06-27 21:56:54.321520717 +0200 CEST m=+10077.812692045,41.28145980834961
2023-06-27 21:56:54.321783707 +0200 CEST m=+10077.812955041,42.9107780456543
2023-06-27 21:56:54.336719389 +0200 CEST m=+10077.827890723,44.56452941894531
2023-06-27 21:56:54.336732073 +0200 CEST m=+10077.827903405,46.23613739013672
2023-06-27 21:56:54.336783238 +0200 CEST m=+10077.827954560,47.58182144165039
2023-06-27 21:56:54.336791356 +0200 CEST m=+10077.827962678,48.931270599365234
2023-06-27 21:56:54.336798484 +0200 CEST m=+10077.827969805,50.281070709228516
2023-06-27 21:56:54.336805548 +0200 CEST m=+10077.827976870,51.6278076171875
2023-06-27 21:56:54.336813594 +0200 CEST m=+10077.827984925,52.96809005737305
2023-06-27 21:56:54.336828454 +0200 CEST m=+10077.827999785,54.29853820800781
2023-06-27 21:56:54.336838704 +0200 CEST m=+10077.828010026,55.61580276489258
2023-06-27 21:56:54.33684673 +0200 CEST m=+10077.828018051,56.916587829589844
2023-06-27 21:56:54.336853105 +0200 CEST m=+10077.828024425,58.197628021240234
2023-06-27 21:56:54.336859461 +0200 CEST m=+10077.828030782,59.45572280883789
2023-06-27 21:56:54.336866107 +0200 CEST m=+10077.828037429,60.68773651123047
2023-06-27 21:56:54.336947361 +0200 CEST m=+10077.828118687,61.890594482421875
2023-06-27 21:56:54.337080911 +0200 CEST m=+10077.828252232,63.06131362915039
2023-06-27 21:56:54.337239918 +0200 CEST m=+10077.828411249,63.58640670776367
2023-06-27 21:56:54.352732594 +0200 CEST m=+10077.843903913,63.915687561035156
2023-06-27 21:56:54.352742962 +0200 CEST m=+10077.843914282,64.20924377441406
2023-06-27 21:56:54.352749719 +0200 CEST m=+10077.843921038,64.46640014648438
2023-06-27 21:56:54.352755939 +0200 CEST m=+10077.843927259,64.68656921386719
2023-06-27 21:56:54.352761983 +0200 CEST m=+10077.843933304,64.8692626953125
2023-06-27 21:56:54.352768487 +0200 CEST m=+10077.843939807,65.01408386230469
2023-06-27 21:56:54.352774084 +0200 CEST m=+10077.843945404,65.1207275390625
2023-06-27 21:56:54.352780002 +0200 CEST m=+10077.843951322,65.18899536132812
2023-06-27 21:56:54.352785745 +0200 CEST m=+10077.843957065,69.52865600585938
2023-06-27 21:56:54.352792686 +0200 CEST m=+10077.843964007,69.54875946044922
2023-06-27 21:56:54.352799275 +0200 CEST m=+10077.843970595,69.51945495605469
2023-06-27 21:56:54.352805589 +0200 CEST m=+10077.843976909,69.44074249267578
2023-06-27 21:56:54.352811093 +0200 CEST m=+10077.843982414,69.31275939941406
2023-06-27 21:56:54.352982208 +0200 CEST m=+10077.844153532,69.13574981689453
2023-06-27 21:56:54.353134801 +0200 CEST m=+10077.844306125,68.91010284423828
2023-06-27 21:56:54.353230207 +0200 CEST m=+10077.844401527,68.63630676269531
2023-06-27 21:56:54.368705687 +0200 CEST m=+10077.859877009,68.31499481201172
2023-06-27 21:56:54.368724368 +0200 CEST m=+10077.859895689,67.94691467285156
2023-06-27 21:56:54.36874343 +0200 CEST m=+10077.859914751,67.42236328125
2023-06-27 21:56:54.368756116 +0200 CEST m=+10077.859927438,67.28182220458984
2023-06-27 21:56:54.368768356 +0200 CEST m=+10077.859939676,67.85709381103516
2023-06-27 21:56:54.368779627 +0200 CEST m=+10077.859950951,70.94198608398438
2023-06-27 21:56:54.368788918 +0200 CEST m=+10077.859960242,71.45564270019531
2023-06-27 21:56:54.36880048 +0200 CEST m=+10077.859971801,71.88613891601562
2023-06-27 21:56:54.368813614 +0200 CEST m=+10077.859984936,72.23148345947266
2023-06-27 21:56:54.368824781 +0200 CEST m=+10077.859996105,72.49000549316406
2023-06-27 21:56:54.368837969 +0200 CEST m=+10077.860009291,72.66038513183594
2023-06-27 21:56:54.368854733 +0200 CEST m=+10077.860026056,72.74163055419922
2023-06-27 21:56:54.368866593 +0200 CEST m=+10077.860037917,72.73311614990234
2023-06-27 21:56:54.368879831 +0200 CEST m=+10077.860051158,72.63455963134766
2023-06-27 21:56:54.369107225 +0200 CEST m=+10077.860278557,72.44605255126953
2023-06-27 21:56:54.369304417 +0200 CEST m=+10077.860475749,72.16801452636719
2023-06-27 21:56:54.38478666 +0200 CEST m=+10077.875957994,71.80125427246094
2023-06-27 21:56:54.38482096 +0200 CEST m=+10077.875992301,71.34690856933594
2023-06-27 21:56:54.384846618 +0200 CEST m=+10077.876017958,70.80648803710938
2023-06-27 21:56:54.384873366 +0200 CEST m=+10077.876044699,70.18183898925781
2023-06-27 21:56:54.384893944 +0200 CEST m=+10077.876065278,68.89768981933594
2023-06-27 21:56:54.384918972 +0200 CEST m=+10077.876090313,67.12638092041016
2023-06-27 21:56:54.384948407 +0200 CEST m=+10077.876119747,63.577728271484375
2023-06-27 21:56:54.384973019 +0200 CEST m=+10077.876144364,61.91734313964844
2023-06-27 21:56:54.38500034 +0200 CEST m=+10077.876171675,60.22441101074219
2023-06-27 21:56:54.385025284 +0200 CEST m=+10077.876196626,58.194915771484375
2023-06-27 21:56:54.385044943 +0200 CEST m=+10077.876216280,56.511558532714844
2023-06-27 21:56:54.385062047 +0200 CEST m=+10077.876233382,54.7296257019043
2023-06-27 21:56:54.385084487 +0200 CEST m=+10077.876255821,53.04255294799805
2023-06-27 21:56:54.385168465 +0200 CEST m=+10077.876339806,51.34640121459961
2023-06-27 21:56:54.385355864 +0200 CEST m=+10077.876527192,49.645450592041016
2023-06-27 21:56:54.385524307 +0200 CEST m=+10077.876695634,47.98910903930664
2023-06-27 21:56:54.400729678 +0200 CEST m=+10077.891901000,46.32918930053711
2023-06-27 21:56:54.400736348 +0200 CEST m=+10077.891907670,44.6776237487793
2023-06-27 21:56:54.400747436 +0200 CEST m=+10077.891918758,43.360595703125
2023-06-27 21:56:54.400756288 +0200 CEST m=+10077.891927611,41.81570053100586
2023-06-27 21:56:54.400763625 +0200 CEST m=+10077.891934948,41.022125244140625
2023-06-27 21:56:54.400770823 +0200 CEST m=+10077.891942144,39.64077377319336
2023-06-27 21:56:54.400777412 +0200 CEST m=+10077.891948735,38.28705978393555
2023-06-27 21:56:54.400784203 +0200 CEST m=+10077.891955526,36.96438217163086
2023-06-27 21:56:54.400792912 +0200 CEST m=+10077.891964235,35.676048278808594
2023-06-27 21:56:54.400801205 +0200 CEST m=+10077.891972527,35.09510803222656
2023-06-27 21:56:54.400834807 +0200 CEST m=+10077.892006130,34.72865295410156
2023-06-27 21:56:54.400847028 +0200 CEST m=+10077.892018351,34.401161193847656
2023-06-27 21:56:54.400858036 +0200 CEST m=+10077.892029358,34.11341094970703
2023-06-27 21:56:54.401087313 +0200 CEST m=+10077.892258635,33.8660888671875
2023-06-27 21:56:54.401248191 +0200 CEST m=+10077.892419517,33.6597785949707
2023-06-27 21:56:54.416708512 +0200 CEST m=+10077.907879844,33.49495315551758
2023-06-27 21:56:54.416724009 +0200 CEST m=+10077.907895336,33.37199020385742
2023-06-27 21:56:54.416736639 +0200 CEST m=+10077.907907966,33.29114532470703
2023-06-27 21:56:54.416745712 +0200 CEST m=+10077.907917039,33.252586364746094
2023-06-27 21:56:54.416764862 +0200 CEST m=+10077.907936189,33.2563591003418
2023-06-27 21:56:54.416779981 +0200 CEST m=+10077.907951308,33.32051467895508
2023-06-27 21:56:54.416788805 +0200 CEST m=+10077.907960131,33.450382232666016
2023-06-27 21:56:54.416797986 +0200 CEST m=+10077.907969312,33.645355224609375
2023-06-27 21:56:54.416807702 +0200 CEST m=+10077.907979028,33.90458297729492
2023-06-27 21:56:54.416817293 +0200 CEST m=+10077.907988619,34.22694778442383
2023-06-27 21:56:54.416826419 +0200 CEST m=+10077.907997746,34.61109924316406
2023-06-27 21:56:54.416835622 +0200 CEST m=+10077.908006950,35.05543518066406
2023-06-27 21:56:54.416844829 +0200 CEST m=+10077.908016156,35.55812072753906
2023-06-27 21:56:54.4168547 +0200 CEST m=+10077.908026027,35.10676193237305
2023-06-27 21:56:54.417094653 +0200 CEST m=+10077.908265979,34.679927825927734
2023-06-27 21:56:54.417408991 +0200 CEST m=+10077.908580324,34.31411361694336
2023-06-27 21:56:54.432691441 +0200 CEST m=+10077.923862765,34.01067352294922
2023-06-27 21:56:54.432707596 +0200 CEST m=+10077.923878917,33.77072525024414
2023-06-27 21:56:54.432713486 +0200 CEST m=+10077.923884808,33.59511947631836
2023-06-27 21:56:54.432781632 +0200 CEST m=+10077.923952958,33.48447036743164
2023-06-27 21:56:54.432798031 +0200 CEST m=+10077.923969360,33.43912124633789
2023-06-27 21:56:54.432811369 +0200 CEST m=+10077.923982701,33.45916748046875
2023-06-27 21:56:54.432823586 +0200 CEST m=+10077.923994911,33.54443359375
2023-06-27 21:56:54.432839404 +0200 CEST m=+10077.924010732,33.69449234008789
2023-06-27 21:56:54.432851568 +0200 CEST m=+10077.924022898,33.860748291015625
2023-06-27 21:56:54.432864551 +0200 CEST m=+10077.924035882,34.06757736206055
2023-06-27 21:56:54.432878985 +0200 CEST m=+10077.924050318,34.31441116333008
2023-06-27 21:56:54.432891095 +0200 CEST m=+10077.924062424,34.600589752197266
2023-06-27 21:56:54.432904554 +0200 CEST m=+10077.924075884,34.92533874511719
2023-06-27 21:56:54.432918715 +0200 CEST m=+10077.924090047,35.28779602050781
2023-06-27 21:56:54.43298336 +0200 CEST m=+10077.924154685,35.68701171875
2023-06-27 21:56:54.433187313 +0200 CEST m=+10077.924358639,36.8455924987793
2023-06-27 21:56:54.448729638 +0200 CEST m=+10077.939900959,38.139469146728516
2023-06-27 21:56:54.448735896 +0200 CEST m=+10077.939907217,39.46187210083008
2023-06-27 21:56:54.448745271 +0200 CEST m=+10077.939916592,40.80942916870117
2023-06-27 21:56:54.44878098 +0200 CEST m=+10077.939952300,42.1787109375
2023-06-27 21:56:54.448788107 +0200 CEST m=+10077.939959427,43.56623077392578
2023-06-27 21:56:54.448797202 +0200 CEST m=+10077.939968522,44.968467712402344
2023-06-27 21:56:54.448804164 +0200 CEST m=+10077.939975484,46.381858825683594
2023-06-27 21:56:54.448810276 +0200 CEST m=+10077.939981596,47.802825927734375
2023-06-27 21:56:54.448816075 +0200 CEST m=+10077.939987395,49.2277717590332
2023-06-27 21:56:54.448822321 +0200 CEST m=+10077.939993640,50.6530876159668
2023-06-27 21:56:54.448828256 +0200 CEST m=+10077.939999577,52.07517623901367
2023-06-27 21:56:54.448834628 +0200 CEST m=+10077.940005948,53.490447998046875
2023-06-27 21:56:54.448842331 +0200 CEST m=+10077.940013650,54.89533996582031
2023-06-27 21:56:54.448848601 +0200 CEST m=+10077.940019920,56.28630828857422
2023-06-27 21:56:54.449003394 +0200 CEST m=+10077.940174718,57.65986251831055
2023-06-27 21:56:54.449121878 +0200 CEST m=+10077.940293197,59.012542724609375
2023-06-27 21:56:54.464763947 +0200 CEST m=+10077.955935267,60.340965270996094
2023-06-27 21:56:54.464775846 +0200 CEST m=+10077.955947165,61.64179229736328
2023-06-27 21:56:54.464781685 +0200 CEST m=+10077.955953005,62.91177749633789
2023-06-27 21:56:54.464789493 +0200 CEST m=+10077.955960813,64.1136474609375
2023-06-27 21:56:54.464795183 +0200 CEST m=+10077.955966502,64.49518585205078
2023-06-27 21:56:54.464802197 +0200 CEST m=+10077.955973517,64.83969116210938
2023-06-27 21:56:54.464810079 +0200 CEST m=+10077.955981398,65.14633178710938
2023-06-27 21:56:54.464816236 +0200 CEST m=+10077.955987556,65.47529602050781
2023-06-27 21:56:54.464823628 +0200 CEST m=+10077.955994947,65.74275207519531
2023-06-27 21:56:54.464830597 +0200 CEST m=+10077.956001917,65.9477310180664
2023-06-27 21:56:54.46483846 +0200 CEST m=+10077.956009780,66.08952331542969
2023-06-27 21:56:54.464844168 +0200 CEST m=+10077.956015488,70.12020111083984
2023-06-27 21:56:54.464850197 +0200 CEST m=+10077.956021517,70.17212677001953
2023-06-27 21:56:54.465090924 +0200 CEST m=+10077.956262244,70.14442443847656
2023-06-27 21:56:54.465239836 +0200 CEST m=+10077.956411163,69.88849639892578
2023-06-27 21:56:54.46537637 +0200 CEST m=+10077.956547690,69.70207977294922
2023-06-27 21:56:54.480689351 +0200 CEST m=+10077.971860679,69.43743896484375
2023-06-27 21:56:54.480701911 +0200 CEST m=+10077.971873240,69.09548950195312
2023-06-27 21:56:54.48071441 +0200 CEST m=+10077.971885740,68.67742156982422
2023-06-27 21:56:54.48072962 +0200 CEST m=+10077.971900951,68.18476104736328
2023-06-27 21:56:54.480745382 +0200 CEST m=+10077.971916713,67.61930847167969
2023-06-27 21:56:54.480758691 +0200 CEST m=+10077.971930025,67.95561218261719
2023-06-27 21:56:54.480771332 +0200 CEST m=+10077.971942664,68.51793670654297
2023-06-27 21:56:54.480783426 +0200 CEST m=+10077.971954755,69.00813293457031
2023-06-27 21:56:54.480842632 +0200 CEST m=+10077.972013956,69.42412567138672
2023-06-27 21:56:54.480865054 +0200 CEST m=+10077.972036386,69.76412963867188
2023-06-27 21:56:54.480884223 +0200 CEST m=+10077.972055547,69.98041534423828
2023-06-27 21:56:54.480899155 +0200 CEST m=+10077.972070479,70.14649200439453
2023-06-27 21:56:54.480915254 +0200 CEST m=+10077.972086583,70.26187133789062
2023-06-27 21:56:54.480973487 +0200 CEST m=+10077.972144811,70.326171875
2023-06-27 21:56:54.481215144 +0200 CEST m=+10077.972386470,70.33915710449219
2023-06-27 21:56:54.481598379 +0200 CEST m=+10077.972769807,70.30072784423828
2023-06-27 21:56:54.496804347 +0200 CEST m=+10077.987975671,70.21090698242188
2023-06-27 21:56:54.496829061 +0200 CEST m=+10077.988000389,70.06982421875
2023-06-27 21:56:54.496848813 +0200 CEST m=+10077.988020137,69.8777847290039
2023-06-27 21:56:54.496865858 +0200 CEST m=+10077.988037183,69.63517761230469
2023-06-27 21:56:54.496879491 +0200 CEST m=+10077.988050815,69.34255981445312
2023-06-27 21:56:54.496898009 +0200 CEST m=+10077.988069337,69.0005874633789
2023-06-27 21:56:54.496916171 +0200 CEST m=+10077.988087502,68.61005401611328
2023-06-27 21:56:54.496928361 +0200 CEST m=+10077.988099685,68.17188262939453
2023-06-27 21:56:54.496949801 +0200 CEST m=+10077.988121128,67.55830383300781
2023-06-27 21:56:54.497007484 +0200 CEST m=+10077.988178808,65.99749755859375
2023-06-27 21:56:54.497032559 +0200 CEST m=+10077.988203883,64.39391326904297
2023-06-27 21:56:54.497049393 +0200 CEST m=+10077.988220725,62.75157165527344
2023-06-27 21:56:54.497060807 +0200 CEST m=+10077.988232137,61.074554443359375
2023-06-27 21:56:54.497138949 +0200 CEST m=+10077.988310278,59.36705780029297
2023-06-27 21:56:54.497273421 +0200 CEST m=+10077.988444743,57.633358001708984
2023-06-27 21:56:54.497553364 +0200 CEST m=+10077.988724694,55.62617111206055
2023-06-27 21:56:54.512752903 +0200 CEST m=+10078.003924246,53.92808532714844
2023-06-27 21:56:54.512775298 +0200 CEST m=+10078.003946641,52.21842575073242
2023-06-27 21:56:54.512794955 +0200 CEST m=+10078.003966295,50.50151062011719
2023-06-27 21:56:54.512821714 +0200 CEST m=+10078.003993058,48.78166961669922
2023-06-27 21:56:54.512847378 +0200 CEST m=+10078.004018726,47.06325149536133
2023-06-27 21:56:54.512872993 +0200 CEST m=+10078.004044335,45.35060119628906
2023-06-27 21:56:54.512894894 +0200 CEST m=+10078.004066228,44.1107292175293
2023-06-27 21:56:54.512913803 +0200 CEST m=+10078.004085137,42.9781608581543
2023-06-27 21:56:54.512929841 +0200 CEST m=+10078.004101176,41.57918930053711
2023-06-27 21:56:54.512960431 +0200 CEST m=+10078.004131764,39.80912780761719
2023-06-27 21:56:54.51299991 +0200 CEST m=+10078.004171245,38.081085205078125
2023-06-27 21:56:54.513023548 +0200 CEST m=+10078.004194882,36.40183639526367
2023-06-27 21:56:54.513046083 +0200 CEST m=+10078.004217424,35.0292854309082
2023-06-27 21:56:54.513067014 +0200 CEST m=+10078.004238352,34.54227828979492
2023-06-27 21:56:54.513412387 +0200 CEST m=+10078.004583721,34.11675262451172
2023-06-27 21:56:54.513606275 +0200 CEST m=+10078.004777600,33.75432586669922
2023-06-27 21:56:54.528697699 +0200 CEST m=+10078.019869024,33.456363677978516
2023-06-27 21:56:54.528710305 +0200 CEST m=+10078.019881632,33.223968505859375
2023-06-27 21:56:54.528723604 +0200 CEST m=+10078.019894929,33.05799865722656
2023-06-27 21:56:54.528739062 +0200 CEST m=+10078.019910385,32.95903778076172
2023-06-27 21:56:54.52875344 +0200 CEST m=+10078.019924763,32.92740249633789
2023-06-27 21:56:54.528766392 +0200 CEST m=+10078.019937718,32.96315383911133
2023-06-27 21:56:54.528780412 +0200 CEST m=+10078.019951736,33.066078186035156
2023-06-27 21:56:54.528795093 +0200 CEST m=+10078.019966418,33.23570251464844
2023-06-27 21:56:54.528808182 +0200 CEST m=+10078.019979508,33.47128677368164
2023-06-27 21:56:54.528823654 +0200 CEST m=+10078.019994979,33.77183532714844
2023-06-27 21:56:54.528837126 +0200 CEST m=+10078.020008450,34.13608932495117
2023-06-27 21:56:54.528852507 +0200 CEST m=+10078.020023832,34.56255340576172
2023-06-27 21:56:54.528866108 +0200 CEST m=+10078.020037432,34.947349548339844
2023-06-27 21:56:54.528948152 +0200 CEST m=+10078.020119487,35.19184494018555
2023-06-27 21:56:54.52920479 +0200 CEST m=+10078.020376121,34.7976188659668
2023-06-27 21:56:54.529516535 +0200 CEST m=+10078.020687882,34.442115783691406
2023-06-27 21:56:54.544706797 +0200 CEST m=+10078.035878120,34.126190185546875
2023-06-27 21:56:54.544837065 +0200 CEST m=+10078.036008388,33.85062026977539
2023-06-27 21:56:54.544853249 +0200 CEST m=+10078.036024572,33.616058349609375
2023-06-27 21:56:54.544870721 +0200 CEST m=+10078.036042044,33.42306900024414
2023-06-27 21:56:54.544929367 +0200 CEST m=+10078.036100691,33.27210235595703
2023-06-27 21:56:54.544954155 +0200 CEST m=+10078.036125478,33.16350555419922
2023-06-27 21:56:54.544985244 +0200 CEST m=+10078.036156568,33.09751892089844
2023-06-27 21:56:54.54500329 +0200 CEST m=+10078.036174613,33.07427215576172
2023-06-27 21:56:54.545021404 +0200 CEST m=+10078.036192727,33.093788146972656
2023-06-27 21:56:54.545040323 +0200 CEST m=+10078.036211645,33.155982971191406
2023-06-27 21:56:54.545065054 +0200 CEST m=+10078.036236379,33.26066207885742
2023-06-27 21:56:54.545091532 +0200 CEST m=+10078.036262855,33.407527923583984
2023-06-27 21:56:54.54511395 +0200 CEST m=+10078.036285274,33.59617233276367
2023-06-27 21:56:54.545134696 +0200 CEST m=+10078.036306018,33.826087951660156
2023-06-27 21:56:54.545448083 +0200 CEST m=+10078.036619412,34.096656799316406
2023-06-27 21:56:54.545715365 +0200 CEST m=+10078.036886696,34.40715789794922
2023-06-27 21:56:54.560720726 +0200 CEST m=+10078.051892064,34.75678253173828
2023-06-27 21:56:54.5607557 +0200 CEST m=+10078.051927037,35.14460754394531
2023-06-27 21:56:54.560777277 +0200 CEST m=+10078.051948617,35.887203216552734
2023-06-27 21:56:54.560807335 +0200 CEST m=+10078.051978671,37.19384002685547
2023-06-27 21:56:54.560834988 +0200 CEST m=+10078.052006331,38.53172302246094
2023-06-27 21:56:54.560865781 +0200 CEST m=+10078.052037126,39.8974494934082
2023-06-27 21:56:54.560911634 +0200 CEST m=+10078.052082976,41.28754425048828
2023-06-27 21:56:54.560946144 +0200 CEST m=+10078.052117486,42.6984748840332
2023-06-27 21:56:54.560969121 +0200 CEST m=+10078.052140458,44.12666320800781
2023-06-27 21:56:54.560997534 +0200 CEST m=+10078.052168870,45.56848907470703
2023-06-27 21:56:54.561025662 +0200 CEST m=+10078.052197002,47.020294189453125
2023-06-27 21:56:54.561053408 +0200 CEST m=+10078.052224761,48.4784049987793
2023-06-27 21:56:54.561080346 +0200 CEST m=+10078.052251690,50.30429458618164
2023-06-27 21:56:54.561151672 +0200 CEST m=+10078.052323013,52.1270637512207
2023-06-27 21:56:54.561536014 +0200 CEST m=+10078.052707338,53.93952941894531
2023-06-27 21:56:54.561794145 +0200 CEST m=+10078.052965476,55.73455047607422
2023-06-27 21:56:54.57673247 +0200 CEST m=+10078.067904023,57.50505828857422
2023-06-27 21:56:54.576753593 +0200 CEST m=+10078.067924927,59.24409484863281
2023-06-27 21:56:54.576772035 +0200 CEST m=+10078.067943369,60.9448356628418
2023-06-27 21:56:54.576794171 +0200 CEST m=+10078.067965500,62.60060501098633
2023-06-27 21:56:54.576821976 +0200 CEST m=+10078.067993304,64.20491790771484
2023-06-27 21:56:54.576843746 +0200 CEST m=+10078.068015073,64.87762451171875
2023-06-27 21:56:54.576856736 +0200 CEST m=+10078.068028064,65.316162109375
2023-06-27 21:56:54.576875586 +0200 CEST m=+10078.068046913,65.69381713867188
2023-06-27 21:56:54.576893798 +0200 CEST m=+10078.068065128,66.00916290283203
2023-06-27 21:56:54.576913464 +0200 CEST m=+10078.068084806,66.26101684570312
2023-06-27 21:56:54.576933381 +0200 CEST m=+10078.068104711,66.44845581054688
2023-06-27 21:56:54.576949763 +0200 CEST m=+10078.068121091,68.34129333496094
2023-06-27 21:56:54.576966707 +0200 CEST m=+10078.068138042,68.41928100585938
2023-06-27 21:56:54.577043197 +0200 CEST m=+10078.068214531,68.42459106445312
2023-06-27 21:56:54.577341261 +0200 CEST m=+10078.068512594,68.37646484375
2023-06-27 21:56:54.577583751 +0200 CEST m=+10078.068755092,68.28187561035156
2023-06-27 21:56:54.592722594 +0200 CEST m=+10078.083893926,68.14105987548828
2023-06-27 21:56:54.592765644 +0200 CEST m=+10078.083936971,67.95433807373047
2023-06-27 21:56:54.592778834 +0200 CEST m=+10078.083950156,67.72216033935547
2023-06-27 21:56:54.59279841 +0200 CEST m=+10078.083969733,67.44509887695312
2023-06-27 21:56:54.592805747 +0200 CEST m=+10078.083977068,67.12382507324219
2023-06-27 21:56:54.59281319 +0200 CEST m=+10078.083984512,66.75914001464844
2023-06-27 21:56:54.592820759 +0200 CEST m=+10078.083992081,66.35193634033203
2023-06-27 21:56:54.592830214 +0200 CEST m=+10078.084001537,66.09671020507812
2023-06-27 21:56:54.59283876 +0200 CEST m=+10078.084010082,69.4091567993164
2023-06-27 21:56:54.592847615 +0200 CEST m=+10078.084018937,69.8938980102539
2023-06-27 21:56:54.592854683 +0200 CEST m=+10078.084026005,70.32938385009766
2023-06-27 21:56:54.592861772 +0200 CEST m=+10078.084033095,70.71439361572266
2023-06-27 21:56:54.592869405 +0200 CEST m=+10078.084040726,71.04784393310547
2023-06-27 21:56:54.593028045 +0200 CEST m=+10078.084199374,71.3287582397461
2023-06-27 21:56:54.593249238 +0200 CEST m=+10078.084420563,71.55632019042969
2023-06-27 21:56:54.593469195 +0200 CEST m=+10078.084640517,71.72982788085938
2023-06-27 21:56:54.608705746 +0200 CEST m=+10078.099877070,71.84871673583984
2023-06-27 21:56:54.608723117 +0200 CEST m=+10078.099894440,71.91255950927734
2023-06-27 21:56:54.608731362 +0200 CEST m=+10078.099902685,71.92108917236328
2023-06-27 21:56:54.608738507 +0200 CEST m=+10078.099909829,71.87413024902344
2023-06-27 21:56:54.608746299 +0200 CEST m=+10078.099917622,71.77169799804688
2023-06-27 21:56:54.608759246 +0200 CEST m=+10078.099930568,71.61392974853516
2023-06-27 21:56:54.608777487 +0200 CEST m=+10078.099948809,71.40108489990234
2023-06-27 21:56:54.608786422 +0200 CEST m=+10078.099957745,71.13358306884766
2023-06-27 21:56:54.608794705 +0200 CEST m=+10078.099966028,70.81199645996094
2023-06-27 21:56:54.608801905 +0200 CEST m=+10078.099973229,70.43699645996094
2023-06-27 21:56:54.608811154 +0200 CEST m=+10078.099982476,70.0094223022461
2023-06-27 21:56:54.608819853 +0200 CEST m=+10078.099991175,69.5302505493164
2023-06-27 21:56:54.608828519 +0200 CEST m=+10078.099999841,68.58240509033203
2023-06-27 21:56:54.609015834 +0200 CEST m=+10078.100187162,66.88777923583984
2023-06-27 21:56:54.609218725 +0200 CEST m=+10078.100390053,64.70458221435547
2023-06-27 21:56:54.60937436 +0200 CEST m=+10078.100545683,62.066009521484375
2023-06-27 21:56:54.624795107 +0200 CEST m=+10078.115966434,59.515193939208984
2023-06-27 21:56:54.624817375 +0200 CEST m=+10078.115988708,56.84425354003906
2023-06-27 21:56:54.624836432 +0200 CEST m=+10078.116007760,54.74676513671875
2023-06-27 21:56:54.6248548 +0200 CEST m=+10078.116026126,52.62856674194336
2023-06-27 21:56:54.62487153 +0200 CEST m=+10078.116042861,50.498008728027344
2023-06-27 21:56:54.624887675 +0200 CEST m=+10078.116059002,48.363494873046875
2023-06-27 21:56:54.624908083 +0200 CEST m=+10078.116079414,46.46781921386719
2023-06-27 21:56:54.624926679 +0200 CEST m=+10078.116098010,44.48513412475586
2023-06-27 21:56:54.624944475 +0200 CEST m=+10078.116115807,42.524330139160156
2023-06-27 21:56:54.624969719 +0200 CEST m=+10078.116141047,40.5931396484375
2023-06-27 21:56:54.624982041 +0200 CEST m=+10078.116153372,38.88362121582031
2023-06-27 21:56:54.624993747 +0200 CEST m=+10078.116165083,37.06626892089844
2023-06-27 21:56:54.625006332 +0200 CEST m=+10078.116177664,37.088531494140625
2023-06-27 21:56:54.625109663 +0200 CEST m=+10078.116280985,36.0374870300293
2023-06-27 21:56:54.62527995 +0200 CEST m=+10078.116451274,35.608734130859375
2023-06-27 21:56:54.640772927 +0200 CEST m=+10078.131944254,35.237857818603516
2023-06-27 21:56:54.64079022 +0200 CEST m=+10078.131961548,34.98371505737305
2023-06-27 21:56:54.640815219 +0200 CEST m=+10078.131986552,34.76802062988281
2023-06-27 21:56:54.640836451 +0200 CEST m=+10078.132007778,34.591243743896484
2023-06-27 21:56:54.640852447 +0200 CEST m=+10078.132023775,34.4537467956543
2023-06-27 21:56:54.640867269 +0200 CEST m=+10078.132038597,34.35580062866211
2023-06-27 21:56:54.640880675 +0200 CEST m=+10078.132052002,34.29756546020508
2023-06-27 21:56:54.640898019 +0200 CEST m=+10078.132069347,34.27911376953125
2023-06-27 21:56:54.640914642 +0200 CEST m=+10078.132085963,34.30039978027344
2023-06-27 21:56:54.640926801 +0200 CEST m=+10078.132098127,34.361297607421875
2023-06-27 21:56:54.640942295 +0200 CEST m=+10078.132113617,34.46156311035156
2023-06-27 21:56:54.640955238 +0200 CEST m=+10078.132126563,34.60086441040039
2023-06-27 21:56:54.640975089 +0200 CEST m=+10078.132146413,34.778770446777344
2023-06-27 21:56:54.641011956 +0200 CEST m=+10078.132183283,34.99474334716797
2023-06-27 21:56:54.641167754 +0200 CEST m=+10078.132339081,35.2481689453125
2023-06-27 21:56:54.641347871 +0200 CEST m=+10078.132519193,35.5383186340332
2023-06-27 21:56:54.656697477 +0200 CEST m=+10078.147868802,35.86438751220703
2023-06-27 21:56:54.65677907 +0200 CEST m=+10078.147950395,36.2254753112793
2023-06-27 21:56:54.656801175 +0200 CEST m=+10078.147972500,36.457820892333984
2023-06-27 21:56:54.656823218 +0200 CEST m=+10078.147994540,36.10614013671875
2023-06-27 21:56:54.656851458 +0200 CEST m=+10078.148022779,35.7902946472168
2023-06-27 21:56:54.656881938 +0200 CEST m=+10078.148053262,35.5109977722168
2023-06-27 21:56:54.656897205 +0200 CEST m=+10078.148068526,35.26888656616211
2023-06-27 21:56:54.656907879 +0200 CEST m=+10078.148079200,35.06448745727539
2023-06-27 21:56:54.656916848 +0200 CEST m=+10078.148088168,34.89824295043945
2023-06-27 21:56:54.656928402 +0200 CEST m=+10078.148099722,34.77049255371094
2023-06-27 21:56:54.656940453 +0200 CEST m=+10078.148111775,34.68147659301758
2023-06-27 21:56:54.656951156 +0200 CEST m=+10078.148122481,34.6313362121582
2023-06-27 21:56:54.656962155 +0200 CEST m=+10078.148133475,34.620121002197266
2023-06-27 21:56:54.656998245 +0200 CEST m=+10078.148169570,34.647769927978516
2023-06-27 21:56:54.657328778 +0200 CEST m=+10078.148500110,34.71413803100586
2023-06-27 21:56:54.657801061 +0200 CEST m=+10078.148972408,34.8189697265625
2023-06-27 21:56:54.672784598 +0200 CEST m=+10078.163955918,34.96192169189453
2023-06-27 21:56:54.672799967 +0200 CEST m=+10078.163971287,35.19353485107422
2023-06-27 21:56:54.672865597 +0200 CEST m=+10078.164036917,35.48293685913086
2023-06-27 21:56:54.67287786 +0200 CEST m=+10078.164049180,35.82883834838867
2023-06-27 21:56:54.672893125 +0200 CEST m=+10078.164064446,36.229713439941406
2023-06-27 21:56:54.672907511 +0200 CEST m=+10078.164078832,36.683837890625
2023-06-27 21:56:54.672914113 +0200 CEST m=+10078.164085433,37.85728073120117
2023-06-27 21:56:54.672934588 +0200 CEST m=+10078.164105909,39.361454010009766
2023-06-27 21:56:54.672946713 +0200 CEST m=+10078.164118035,40.90354919433594
2023-06-27 21:56:54.672957022 +0200 CEST m=+10078.164128343,42.47738265991211
2023-06-27 21:56:54.672966191 +0200 CEST m=+10078.164137512,44.0766487121582
2023-06-27 21:56:54.672986134 +0200 CEST m=+10078.164157465,45.694969177246094
2023-06-27 21:56:54.673006397 +0200 CEST m=+10078.164177723,47.325897216796875
2023-06-27 21:56:54.673105434 +0200 CEST m=+10078.164276758,48.96295928955078
2023-06-27 21:56:54.673297738 +0200 CEST m=+10078.164469063,50.59968185424805
2023-06-27 21:56:54.67347602 +0200 CEST m=+10078.164647349,52.22959899902344
2023-06-27 21:56:54.688704734 +0200 CEST m=+10078.179876056,53.846290588378906
2023-06-27 21:56:54.688722322 +0200 CEST m=+10078.179893644,55.44340896606445
2023-06-27 21:56:54.688738207 +0200 CEST m=+10078.179909533,57.014705657958984
2023-06-27 21:56:54.688751169 +0200 CEST m=+10078.179922492,58.2490234375
2023-06-27 21:56:54.68876416 +0200 CEST m=+10078.179935483,59.459808349609375
2023-06-27 21:56:54.688778852 +0200 CEST m=+10078.179950176,60.6440544128418
2023-06-27 21:56:54.688791786 +0200 CEST m=+10078.179963112,61.79882049560547
2023-06-27 21:56:54.688806431 +0200 CEST m=+10078.179977754,62.89012145996094
2023-06-27 21:56:54.688821181 +0200 CEST m=+10078.179992505,63.231407165527344
2023-06-27 21:56:54.688834312 +0200 CEST m=+10078.180005638,63.53852462768555
2023-06-27 21:56:54.688847082 +0200 CEST m=+10078.180018408,63.810768127441406
2023-06-27 21:56:54.688859523 +0200 CEST m=+10078.180030850,64.04753112792969
2023-06-27 21:56:54.688871458 +0200 CEST m=+10078.180042788,64.24829864501953
2023-06-27 21:56:54.688945333 +0200 CEST m=+10078.180116655,64.41262817382812
2023-06-27 21:56:54.689137116 +0200 CEST m=+10078.180308439,64.54019927978516
2023-06-27 21:56:54.689357259 +0200 CEST m=+10078.180528585,64.63075256347656
2023-06-27 21:56:54.704702113 +0200 CEST m=+10078.195873438,64.68415832519531
2023-06-27 21:56:54.704714324 +0200 CEST m=+10078.195885649,64.70036315917969
2023-06-27 21:56:54.704725869 +0200 CEST m=+10078.195897194,64.67939758300781
2023-06-27 21:56:54.704744441 +0200 CEST m=+10078.195915766,71.8050537109375
2023-06-27 21:56:54.704757166 +0200 CEST m=+10078.195928491,71.71710968017578
2023-06-27 21:56:54.704769102 +0200 CEST m=+10078.195940425,71.57391357421875
2023-06-27 21:56:54.70478075 +0200 CEST m=+10078.195952075,71.37568664550781
2023-06-27 21:56:54.704794137 +0200 CEST m=+10078.195965461,71.12277221679688
2023-06-27 21:56:54.704807513 +0200 CEST m=+10078.195978834,70.815673828125
2023-06-27 21:56:54.704824716 +0200 CEST m=+10078.195996039,70.45502471923828
2023-06-27 21:56:54.704884743 +0200 CEST m=+10078.196056066,70.04159545898438
2023-06-27 21:56:54.704899489 +0200 CEST m=+10078.196070820,69.5762939453125
2023-06-27 21:56:54.704914137 +0200 CEST m=+10078.196085461,69.29203796386719
2023-06-27 21:56:54.705238523 +0200 CEST m=+10078.196409853,69.84028625488281
2023-06-27 21:56:54.705450213 +0200 CEST m=+10078.196621541,70.33973693847656
2023-06-27 21:56:54.705752232 +0200 CEST m=+10078.196923561,70.78900146484375
2023-06-27 21:56:54.720742041 +0200 CEST m=+10078.211913379,71.42658233642578
2023-06-27 21:56:54.720756066 +0200 CEST m=+10078.211927403,71.77690887451172
2023-06-27 21:56:54.720772209 +0200 CEST m=+10078.211943547,72.07303619384766
2023-06-27 21:56:54.720785974 +0200 CEST m=+10078.211957311,72.36561584472656
2023-06-27 21:56:54.720800391 +0200 CEST m=+10078.211971727,72.57064819335938
2023-06-27 21:56:54.720813706 +0200 CEST m=+10078.211985042,72.0608139038086
2023-06-27 21:56:54.720827618 +0200 CEST m=+10078.211998954,72.0831298828125
2023-06-27 21:56:54.720840829 +0200 CEST m=+10078.212012165,72.01812744140625
2023-06-27 21:56:54.720853812 +0200 CEST m=+10078.212025151,71.86578369140625
2023-06-27 21:56:54.720867724 +0200 CEST m=+10078.212039060,71.62644958496094
2023-06-27 21:56:54.720883808 +0200 CEST m=+10078.212055147,71.3008041381836
2023-06-27 21:56:54.720905352 +0200 CEST m=+10078.212076688,70.88986206054688
2023-06-27 21:56:54.720919626 +0200 CEST m=+10078.212090965,70.39500427246094
2023-06-27 21:56:54.721123514 +0200 CEST m=+10078.212294876,69.81792449951172
2023-06-27 21:56:54.721371866 +0200 CEST m=+10078.212543225,68.7389907836914
2023-06-27 21:56:54.721898539 +0200 CEST m=+10078.213070029,66.59745788574219
2023-06-27 21:56:54.736782487 +0200 CEST m=+10078.227953817,64.38375091552734
2023-06-27 21:56:54.7368132 +0200 CEST m=+10078.227984528,62.03295135498047
2023-06-27 21:56:54.736844315 +0200 CEST m=+10078.228015643,57.84188461303711
2023-06-27 21:56:54.736858459 +0200 CEST m=+10078.228029786,55.92474365234375
2023-06-27 21:56:54.736875202 +0200 CEST m=+10078.228046532,53.98451232910156
2023-06-27 21:56:54.736896764 +0200 CEST m=+10078.228068107,52.02885437011719
2023-06-27 21:56:54.736910751 +0200 CEST m=+10078.228082079,50.458404541015625
2023-06-27 21:56:54.736920859 +0200 CEST m=+10078.228092186,48.886993408203125
2023-06-27 21:56:54.736929991 +0200 CEST m=+10078.228101320,47.31858444213867
2023-06-27 21:56:54.736939439 +0200 CEST m=+10078.228110767,45.757137298583984
2023-06-27 21:56:54.736948842 +0200 CEST m=+10078.228120170,44.206600189208984
2023-06-27 21:56:54.736960368 +0200 CEST m=+10078.228131696,42.67089080810547
2023-06-27 21:56:54.736970973 +0200 CEST m=+10078.228142300,41.15387725830078
2023-06-27 21:56:54.737156173 +0200 CEST m=+10078.228327499,39.65939712524414
2023-06-27 21:56:54.737338783 +0200 CEST m=+10078.228510116,38.19121551513672
2023-06-27 21:56:54.737551001 +0200 CEST m=+10078.228722334,36.753047943115234
2023-06-27 21:56:54.752709911 +0200 CEST m=+10078.243881245,35.84958267211914
2023-06-27 21:56:54.752723695 +0200 CEST m=+10078.243895027,34.78789138793945
2023-06-27 21:56:54.752743907 +0200 CEST m=+10078.243915245,34.38515090942383
2023-06-27 21:56:54.752758022 +0200 CEST m=+10078.243929355,34.02207946777344
2023-06-27 21:56:54.752771792 +0200 CEST m=+10078.243943127,33.69956970214844
2023-06-27 21:56:54.752787111 +0200 CEST m=+10078.243958441,33.49898910522461
2023-06-27 21:56:54.75279978 +0200 CEST m=+10078.243971114,34.87629318237305
2023-06-27 21:56:54.752814266 +0200 CEST m=+10078.243985598,34.71104431152344
2023-06-27 21:56:54.752833395 +0200 CEST m=+10078.244004730,34.58475112915039
2023-06-27 21:56:54.752847424 +0200 CEST m=+10078.244018758,34.497650146484375
2023-06-27 21:56:54.752865717 +0200 CEST m=+10078.244037048,34.449886322021484
2023-06-27 21:56:54.752895949 +0200 CEST m=+10078.244067283,34.44149398803711
2023-06-27 21:56:54.752910376 +0200 CEST m=+10078.244081711,34.472415924072266
2023-06-27 21:56:54.753022728 +0200 CEST m=+10078.244194055,34.54248809814453
2023-06-27 21:56:54.753240418 +0200 CEST m=+10078.244411745,34.65145492553711
2023-06-27 21:56:54.753433509 +0200 CEST m=+10078.244604844,34.7989616394043
2023-06-27 21:56:54.768710788 +0200 CEST m=+10078.259882108,34.98455047607422
2023-06-27 21:56:54.768716654 +0200 CEST m=+10078.259887974,35.207672119140625
2023-06-27 21:56:54.768722248 +0200 CEST m=+10078.259893569,35.467689514160156
2023-06-27 21:56:54.768729775 +0200 CEST m=+10078.259901095,35.76386642456055
2023-06-27 21:56:54.76873545 +0200 CEST m=+10078.259906771,36.095375061035156
2023-06-27 21:56:54.7687417 +0200 CEST m=+10078.259913021,36.4613037109375
2023-06-27 21:56:54.768747828 +0200 CEST m=+10078.259919149,36.418235778808594
2023-06-27 21:56:54.768753618 +0200 CEST m=+10078.259924938,36.01079559326172
2023-06-27 21:56:54.768760986 +0200 CEST m=+10078.259932306,35.65961837768555
2023-06-27 21:56:54.768767635 +0200 CEST m=+10078.259938956,35.36593246459961
2023-06-27 21:56:54.768773593 +0200 CEST m=+10078.259944913,35.13075256347656
2023-06-27 21:56:54.768779634 +0200 CEST m=+10078.259950953,34.95485305786133
2023-06-27 21:56:54.768785391 +0200 CEST m=+10078.259956711,34.838768005371094
2023-06-27 21:56:54.768965609 +0200 CEST m=+10078.260136939,34.782798767089844
2023-06-27 21:56:54.769167444 +0200 CEST m=+10078.260338764,34.78700637817383
2023-06-27 21:56:54.769358196 +0200 CEST m=+10078.260529524,34.851219177246094
2023-06-27 21:56:54.784743011 +0200 CEST m=+10078.275914342,34.97501754760742
2023-06-27 21:56:54.784910094 +0200 CEST m=+10078.276081426,35.15775680541992
2023-06-27 21:56:54.784996169 +0200 CEST m=+10078.276167502,35.3985595703125
2023-06-27 21:56:54.785026947 +0200 CEST m=+10078.276198273,35.696319580078125
2023-06-27 21:56:54.785056063 +0200 CEST m=+10078.276227393,36.049705505371094
2023-06-27 21:56:54.785085056 +0200 CEST m=+10078.276256383,36.45718002319336
2023-06-27 21:56:54.785109581 +0200 CEST m=+10078.276280907,36.91698455810547
2023-06-27 21:56:54.78513412 +0200 CEST m=+10078.276305446,38.27677536010742
2023-06-27 21:56:54.78530245 +0200 CEST m=+10078.276473775,39.47103500366211
2023-06-27 21:56:54.785329692 +0200 CEST m=+10078.276501018,40.68931579589844
2023-06-27 21:56:54.785356719 +0200 CEST m=+10078.276528044,41.92848587036133
2023-06-27 21:56:54.785378834 +0200 CEST m=+10078.276550163,43.18536376953125
2023-06-27 21:56:54.785412658 +0200 CEST m=+10078.276583985,44.45673751831055
2023-06-27 21:56:54.785444098 +0200 CEST m=+10078.276615424,45.73936080932617
2023-06-27 21:56:54.785739614 +0200 CEST m=+10078.276910938,47.029964447021484
2023-06-27 21:56:54.786048145 +0200 CEST m=+10078.277219471,48.32527160644531
2023-06-27 21:56:54.800733395 +0200 CEST m=+10078.291904716,49.62199401855469
2023-06-27 21:56:54.800748519 +0200 CEST m=+10078.291919844,50.91685485839844
2023-06-27 21:56:54.800761942 +0200 CEST m=+10078.291933268,52.206581115722656
2023-06-27 21:56:54.800775817 +0200 CEST m=+10078.291947143,53.4879264831543
2023-06-27 21:56:54.800797294 +0200 CEST m=+10078.291968624,54.75766372680664
2023-06-27 21:56:54.800809569 +0200 CEST m=+10078.291980891,56.01261520385742
2023-06-27 21:56:54.800820136 +0200 CEST m=+10078.291991458,57.249637603759766
2023-06-27 21:56:54.800831971 +0200 CEST m=+10078.292003291,58.46564483642578
2023-06-27 21:56:54.800846059 +0200 CEST m=+10078.292017380,59.6576042175293
2023-06-27 21:56:54.800856543 +0200 CEST m=+10078.292027865,60.82255935668945
2023-06-27 21:56:54.800866898 +0200 CEST m=+10078.292038219,61.95762252807617
2023-06-27 21:56:54.800878994 +0200 CEST m=+10078.292050317,62.844356536865234
2023-06-27 21:56:54.800892565 +0200 CEST m=+10078.292063888,63.17369842529297
2023-06-27 21:56:54.800953757 +0200 CEST m=+10078.292125086,63.46903991699219
2023-06-27 21:56:54.801128036 +0200 CEST m=+10078.292299361,63.72970962524414
2023-06-27 21:56:54.801323615 +0200 CEST m=+10078.292494940,63.95513153076172
2023-06-27 21:56:54.816739891 +0200 CEST m=+10078.307911224,64.14480590820312
2023-06-27 21:56:54.816781519 +0200 CEST m=+10078.307952851,64.29833221435547
2023-06-27 21:56:54.81681666 +0200 CEST m=+10078.307987995,64.4154052734375
2023-06-27 21:56:54.816842695 +0200 CEST m=+10078.308014033,64.49581146240234
2023-06-27 21:56:54.816874623 +0200 CEST m=+10078.308045957,64.53942108154297
2023-06-27 21:56:54.816896586 +0200 CEST m=+10078.308067913,64.54621887207031
2023-06-27 21:56:54.81691876 +0200 CEST m=+10078.308090088,64.5162582397461
2023-06-27 21:56:54.816953787 +0200 CEST m=+10078.308125115,64.4273681640625
2023-06-27 21:56:54.816980718 +0200 CEST m=+10078.308152046,64.28180694580078
2023-06-27 21:56:54.817003802 +0200 CEST m=+10078.308175129,64.08031463623047
2023-06-27 21:56:54.817032139 +0200 CEST m=+10078.308203466,63.8238410949707
2023-06-27 21:56:54.817067004 +0200 CEST m=+10078.308238337,63.5135498046875
2023-06-27 21:56:54.817085563 +0200 CEST m=+10078.308256892,72.88977813720703
2023-06-27 21:56:54.817170326 +0200 CEST m=+10078.308341653,72.25819396972656
2023-06-27 21:56:54.817393599 +0200 CEST m=+10078.308564931,72.11571502685547
2023-06-27 21:56:54.817787716 +0200 CEST m=+10078.308959043,72.89013671875
2023-06-27 21:56:54.832849131 +0200 CEST m=+10078.324020465,73.5776596069336
2023-06-27 21:56:54.832902303 +0200 CEST m=+10078.324073644,74.17509460449219
2023-06-27 21:56:54.832921928 +0200 CEST m=+10078.324093263,73.70101928710938
2023-06-27 21:56:54.832960041 +0200 CEST m=+10078.324131380,72.73626708984375
2023-06-27 21:56:54.832982434 +0200 CEST m=+10078.324153765,73.00584411621094
2023-06-27 21:56:54.833009829 +0200 CEST m=+10078.324181160,73.18534088134766
2023-06-27 21:56:54.833035253 +0200 CEST m=+10078.324206592,73.273681640625
2023-06-27 21:56:54.833062064 +0200 CEST m=+10078.324233397,73.27015686035156
2023-06-27 21:56:54.833090903 +0200 CEST m=+10078.324262237,73.17442321777344
2023-06-27 21:56:54.833140058 +0200 CEST m=+10078.324311393,72.98650360107422
2023-06-27 21:56:54.833159811 +0200 CEST m=+10078.324331143,72.70677947998047
2023-06-27 21:56:54.833177551 +0200 CEST m=+10078.324348889,72.41740417480469
2023-06-27 21:56:54.833198905 +0200 CEST m=+10078.324370236,72.07029724121094
2023-06-27 21:56:54.833227017 +0200 CEST m=+10078.324398353,71.66617584228516
2023-06-27 21:56:54.83347232 +0200 CEST m=+10078.324643650,71.20587921142578
2023-06-27 21:56:54.833788303 +0200 CEST m=+10078.324959624,70.6904067993164
2023-06-27 21:56:54.848824683 +0200 CEST m=+10078.339996014,69.11531829833984
2023-06-27 21:56:54.848841533 +0200 CEST m=+10078.340012856,66.40169525146484
2023-06-27 21:56:54.848855647 +0200 CEST m=+10078.340026969,63.454837799072266
2023-06-27 21:56:54.848862818 +0200 CEST m=+10078.340034141,61.8095588684082
2023-06-27 21:56:54.848884529 +0200 CEST m=+10078.340055856,60.04793930053711
2023-06-27 21:56:54.848902505 +0200 CEST m=+10078.340073828,58.35606384277344
2023-06-27 21:56:54.848916969 +0200 CEST m=+10078.340088296,56.20867156982422
2023-06-27 21:56:54.848933335 +0200 CEST m=+10078.340104663,54.58525085449219
2023-06-27 21:56:54.848949288 +0200 CEST m=+10078.340120616,52.94931411743164
2023-06-27 21:56:54.848963988 +0200 CEST m=+10078.340135316,51.30497741699219
2023-06-27 21:56:54.848981279 +0200 CEST m=+10078.340152601,49.656402587890625
2023-06-27 21:56:54.848997327 +0200 CEST m=+10078.340168649,48.00774383544922
2023-06-27 21:56:54.849004818 +0200 CEST m=+10078.340176140,46.3631706237793
2023-06-27 21:56:54.849304168 +0200 CEST m=+10078.340475498,44.726844787597656
2023-06-27 21:56:54.84951184 +0200 CEST m=+10078.340683172,43.1029052734375
2023-06-27 21:56:54.864745085 +0200 CEST m=+10078.355916408,41.67444610595703
2023-06-27 21:56:54.864753099 +0200 CEST m=+10078.355924422,41.414894104003906
2023-06-27 21:56:54.86485318 +0200 CEST m=+10078.356024514,40.09636306762695
2023-06-27 21:56:54.864870501 +0200 CEST m=+10078.356041830,38.80488967895508
2023-06-27 21:56:54.864884978 +0200 CEST m=+10078.356056308,37.543704986572266
2023-06-27 21:56:54.864901559 +0200 CEST m=+10078.356072889,36.315940856933594
2023-06-27 21:56:54.864920407 +0200 CEST m=+10078.356091740,35.764408111572266
2023-06-27 21:56:54.864938266 +0200 CEST m=+10078.356109595,35.41795349121094
2023-06-27 21:56:54.864954369 +0200 CEST m=+10078.356125698,35.108863830566406
2023-06-27 21:56:54.864968712 +0200 CEST m=+10078.356140042,34.83786392211914
2023-06-27 21:56:54.864982894 +0200 CEST m=+10078.356154223,34.6055793762207
2023-06-27 21:56:54.865001908 +0200 CEST m=+10078.356173238,34.370452880859375
2023-06-27 21:56:54.865016744 +0200 CEST m=+10078.356188073,34.19744110107422
2023-06-27 21:56:54.865033246 +0200 CEST m=+10078.356204575,34.08710479736328
2023-06-27 21:56:54.86509215 +0200 CEST m=+10078.356263479,34.03975296020508
2023-06-27 21:56:54.86526685 +0200 CEST m=+10078.356438173,34.055450439453125
2023-06-27 21:56:54.880790983 +0200 CEST m=+10078.371962308,34.13401412963867
2023-06-27 21:56:54.880854235 +0200 CEST m=+10078.372025555,34.27500915527344
2023-06-27 21:56:54.88087011 +0200 CEST m=+10078.372041429,34.47774887084961
2023-06-27 21:56:54.880882461 +0200 CEST m=+10078.372053782,34.7413215637207
2023-06-27 21:56:54.880891442 +0200 CEST m=+10078.372062763,35.0645637512207
2023-06-27 21:56:54.880907165 +0200 CEST m=+10078.372078489,35.44607925415039
2023-06-27 21:56:54.880923106 +0200 CEST m=+10078.372094431,35.88425064086914
2023-06-27 21:56:54.880938507 +0200 CEST m=+10078.372109831,36.21149826049805
2023-06-27 21:56:54.880955151 +0200 CEST m=+10078.372126481,35.7650032043457
2023-06-27 21:56:54.88098344 +0200 CEST m=+10078.372154760,35.375545501708984
2023-06-27 21:56:54.880997704 +0200 CEST m=+10078.372169034,35.0445442199707
2023-06-27 21:56:54.881006799 +0200 CEST m=+10078.372178120,34.773197174072266
2023-06-27 21:56:54.881012536 +0200 CEST m=+10078.372183856,34.56245422363281
2023-06-27 21:56:54.881037796 +0200 CEST m=+10078.372209116,34.413028717041016
2023-06-27 21:56:54.881150972 +0200 CEST m=+10078.372322296,34.337955474853516
2023-06-27 21:56:54.881306524 +0200 CEST m=+10078.372477845,34.30255126953125
2023-06-27 21:56:54.896701578 +0200 CEST m=+10078.387872899,34.30685043334961
2023-06-27 21:56:54.896707826 +0200 CEST m=+10078.387879146,34.35076904296875
2023-06-27 21:56:54.89680759 +0200 CEST m=+10078.387978915,34.434139251708984
2023-06-27 21:56:54.896826348 +0200 CEST m=+10078.387997672,34.55668640136719
2023-06-27 21:56:54.896839783 +0200 CEST m=+10078.388011109,34.71803283691406
2023-06-27 21:56:54.896854718 +0200 CEST m=+10078.388026044,34.91771697998047
2023-06-27 21:56:54.896867313 +0200 CEST m=+10078.388038635,35.15516662597656
2023-06-27 21:56:54.896879071 +0200 CEST m=+10078.388050392,35.42972183227539
2023-06-27 21:56:54.896891428 +0200 CEST m=+10078.388062750,35.740631103515625
2023-06-27 21:56:54.89690216 +0200 CEST m=+10078.388073482,36.0870475769043
2023-06-27 21:56:54.896913942 +0200 CEST m=+10078.388085262,36.46804428100586
2023-06-27 21:56:54.896967 +0200 CEST m=+10078.388138321,37.566593170166016
2023-06-27 21:56:54.896974853 +0200 CEST m=+10078.388146173,38.79243087768555
2023-06-27 21:56:54.896980704 +0200 CEST m=+10078.388152024,40.044593811035156
2023-06-27 21:56:54.897052649 +0200 CEST m=+10078.388223973,41.31987380981445
2023-06-27 21:56:54.897196392 +0200 CEST m=+10078.388367712,42.615013122558594
2023-06-27 21:56:54.912719342 +0200 CEST m=+10078.403890672,43.926700592041016
2023-06-27 21:56:54.912747391 +0200 CEST m=+10078.403918717,45.25160217285156
2023-06-27 21:56:54.91276839 +0200 CEST m=+10078.403939717,46.586341857910156
2023-06-27 21:56:54.912786541 +0200 CEST m=+10078.403957869,47.92753982543945
2023-06-27 21:56:54.912809365 +0200 CEST m=+10078.403980694,49.271793365478516
2023-06-27 21:56:54.912827734 +0200 CEST m=+10078.403999063,50.61569595336914
2023-06-27 21:56:54.912844737 +0200 CEST m=+10078.404016076,51.95586013793945
2023-06-27 21:56:54.912877359 +0200 CEST m=+10078.404048685,53.288902282714844
2023-06-27 21:56:54.9128907 +0200 CEST m=+10078.404062027,54.61146545410156
2023-06-27 21:56:54.912903217 +0200 CEST m=+10078.404074542,55.92022705078125
2023-06-27 21:56:54.912924729 +0200 CEST m=+10078.404096055,57.21189880371094
2023-06-27 21:56:54.912943735 +0200 CEST m=+10078.404115067,58.48324966430664
2023-06-27 21:56:54.912961341 +0200 CEST m=+10078.404132668,59.73109436035156
2023-06-27 21:56:54.912979486 +0200 CEST m=+10078.404150887,61.253116607666016
2023-06-27 21:56:54.913151583 +0200 CEST m=+10078.404322904,62.72763442993164
2023-06-27 21:56:54.913355474 +0200 CEST m=+10078.404526806,63.5404052734375
2023-06-27 21:56:54.928684662 +0200 CEST m=+10078.419855991,63.946102142333984
2023-06-27 21:56:54.928774998 +0200 CEST m=+10078.419946318,64.29595184326172
2023-06-27 21:56:54.928785651 +0200 CEST m=+10078.419956976,64.58869171142578
2023-06-27 21:56:54.928801738 +0200 CEST m=+10078.419973064,64.82328033447266
2023-06-27 21:56:54.928813114 +0200 CEST m=+10078.419984435,64.99891662597656
2023-06-27 21:56:54.928824671 +0200 CEST m=+10078.419995989,65.11502075195312
2023-06-27 21:56:54.928836135 +0200 CEST m=+10078.420007457,69.29553985595703
2023-06-27 21:56:54.928940298 +0200 CEST m=+10078.420111620,69.32786560058594
2023-06-27 21:56:54.928953707 +0200 CEST m=+10078.420125029,69.28387451171875
2023-06-27 21:56:54.928967263 +0200 CEST m=+10078.420138585,69.16360473632812
2023-06-27 21:56:54.928980126 +0200 CEST m=+10078.420151446,68.96739196777344
2023-06-27 21:56:54.928997196 +0200 CEST m=+10078.420168519,68.69588470458984
2023-06-27 21:56:54.929007851 +0200 CEST m=+10078.420179172,68.35002136230469
2023-06-27 21:56:54.929018871 +0200 CEST m=+10078.420190194,67.93103790283203
2023-06-27 21:56:54.929174064 +0200 CEST m=+10078.420345385,67.44046020507812
2023-06-27 21:56:54.929362079 +0200 CEST m=+10078.420533411,66.8801040649414
2023-06-27 21:56:54.944766681 +0200 CEST m=+10078.435938008,67.32106018066406
2023-06-27 21:56:54.944783274 +0200 CEST m=+10078.435954602,67.75967407226562
2023-06-27 21:56:54.944799637 +0200 CEST m=+10078.435970965,70.94542694091797
2023-06-27 21:56:54.944815751 +0200 CEST m=+10078.435987080,71.36414337158203
2023-06-27 21:56:54.944832919 +0200 CEST m=+10078.436004247,71.72994232177734
2023-06-27 21:56:54.944850748 +0200 CEST m=+10078.436022082,72.04174041748047
2023-06-27 21:56:54.94488957 +0200 CEST m=+10078.436060898,72.298583984375
2023-06-27 21:56:54.944908068 +0200 CEST m=+10078.436079395,72.49967956542969
2023-06-27 21:56:54.944924425 +0200 CEST m=+10078.436095752,72.64434051513672
2023-06-27 21:56:54.944940943 +0200 CEST m=+10078.436112271,72.73204040527344
2023-06-27 21:56:54.944959447 +0200 CEST m=+10078.436130774,72.76239013671875
2023-06-27 21:56:54.944984829 +0200 CEST m=+10078.436156164,72.73515319824219
2023-06-27 21:56:54.945002482 +0200 CEST m=+10078.436173809,72.65023803710938
2023-06-27 21:56:54.945142691 +0200 CEST m=+10078.436314031,72.50767517089844
2023-06-27 21:56:54.945462609 +0200 CEST m=+10078.436633939,72.30767822265625
2023-06-27 21:56:54.945690059 +0200 CEST m=+10078.436861385,72.05058288574219
2023-06-27 21:56:54.960671473 +0200 CEST m=+10078.451842795,71.73688507080078
2023-06-27 21:56:54.960683786 +0200 CEST m=+10078.451855108,71.3672103881836
2023-06-27 21:56:54.960692172 +0200 CEST m=+10078.451863494,70.94234466552734
2023-06-27 21:56:54.960698729 +0200 CEST m=+10078.451870050,70.46321105957031
2023-06-27 21:56:54.960705714 +0200 CEST m=+10078.451877037,69.78572845458984
2023-06-27 21:56:54.960712349 +0200 CEST m=+10078.451883671,68.02217102050781
2023-06-27 21:56:54.960718783 +0200 CEST m=+10078.451890105,63.326168060302734
2023-06-27 21:56:54.960725606 +0200 CEST m=+10078.451896928,61.80086135864258
2023-06-27 21:56:54.960732449 +0200 CEST m=+10078.451903769,60.244720458984375
2023-06-27 21:56:54.960738689 +0200 CEST m=+10078.451910011,58.66166305541992
2023-06-27 21:56:54.960745505 +0200 CEST m=+10078.451916827,57.0556640625
2023-06-27 21:56:54.960752554 +0200 CEST m=+10078.451923875,55.4307746887207
2023-06-27 21:56:54.960758797 +0200 CEST m=+10078.451930118,53.79108428955078
2023-06-27 21:56:54.960926963 +0200 CEST m=+10078.452098294,52.14072799682617
2023-06-27 21:56:54.961110524 +0200 CEST m=+10078.452281845,50.47565841674805
2023-06-27 21:56:54.961250451 +0200 CEST m=+10078.452421771,48.43722152709961
2023-06-27 21:56:54.976720317 +0200 CEST m=+10078.467891641,46.403804779052734
2023-06-27 21:56:54.976734776 +0200 CEST m=+10078.467906100,44.3834342956543
2023-06-27 21:56:54.976746331 +0200 CEST m=+10078.467917655,42.43308639526367
2023-06-27 21:56:54.976761257 +0200 CEST m=+10078.467932580,40.640159606933594
2023-06-27 21:56:54.976778058 +0200 CEST m=+10078.467949382,39.15719223022461
2023-06-27 21:56:54.976789678 +0200 CEST m=+10078.467961002,37.38497543334961
2023-06-27 21:56:54.976802168 +0200 CEST m=+10078.467973492,36.0930290222168
2023-06-27 21:56:54.976815051 +0200 CEST m=+10078.467986376,34.948326110839844
2023-06-27 21:56:54.976826671 +0200 CEST m=+10078.467997995,34.473087310791016
2023-06-27 21:56:54.97683851 +0200 CEST m=+10078.468009834,34.276611328125
2023-06-27 21:56:54.976854879 +0200 CEST m=+10078.468026202,33.93294143676758
2023-06-27 21:56:54.97686714 +0200 CEST m=+10078.468038466,33.65304183959961
2023-06-27 21:56:54.976879126 +0200 CEST m=+10078.468050450,33.43794631958008
2023-06-27 21:56:54.976940692 +0200 CEST m=+10078.468112017,33.288429260253906
2023-06-27 21:56:54.977131592 +0200 CEST m=+10078.468302916,33.20500946044922
2023-06-27 21:56:54.977313399 +0200 CEST m=+10078.468484723,33.18793487548828
2023-06-27 21:56:54.992715742 +0200 CEST m=+10078.483887062,33.237205505371094
2023-06-27 21:56:54.992733925 +0200 CEST m=+10078.483905245,33.35254669189453
2023-06-27 21:56:54.992741323 +0200 CEST m=+10078.483912643,33.49204635620117
2023-06-27 21:56:54.99274704 +0200 CEST m=+10078.483918361,33.6731071472168
2023-06-27 21:56:54.992752767 +0200 CEST m=+10078.483924087,33.89523696899414
2023-06-27 21:56:54.992758762 +0200 CEST m=+10078.483930083,34.1578369140625
2023-06-27 21:56:54.992764366 +0200 CEST m=+10078.483935686,34.460205078125
2023-06-27 21:56:54.992770202 +0200 CEST m=+10078.483941521,34.80154037475586
2023-06-27 21:56:54.992776621 +0200 CEST m=+10078.483947942,35.18095016479492
2023-06-27 21:56:54.992785314 +0200 CEST m=+10078.483956633,35.422218322753906
2023-06-27 21:56:54.992791367 +0200 CEST m=+10078.483962686,35.034706115722656
2023-06-27 21:56:54.992797021 +0200 CEST m=+10078.483968340,34.68533706665039
2023-06-27 21:56:54.99280266 +0200 CEST m=+10078.483973981,34.37495803833008
2023-06-27 21:56:54.992983408 +0200 CEST m=+10078.484154728,34.10432434082031
2023-06-27 21:56:54.993103177 +0200 CEST m=+10078.484274497,33.87407302856445
2023-06-27 21:56:54.993241074 +0200 CEST m=+10078.484412393,33.684757232666016
2023-06-27 21:56:55.008759567 +0200 CEST m=+10078.499930912,33.53681564331055
2023-06-27 21:56:55.008774163 +0200 CEST m=+10078.499945493,33.43058395385742
2023-06-27 21:56:55.008785697 +0200 CEST m=+10078.499957026,33.36629104614258
2023-06-27 21:56:55.00879615 +0200 CEST m=+10078.499967480,33.34406280517578
2023-06-27 21:56:55.008810307 +0200 CEST m=+10078.499981638,33.36391830444336
2023-06-27 21:56:55.008820608 +0200 CEST m=+10078.499991939,33.42576599121094
2023-06-27 21:56:55.008831795 +0200 CEST m=+10078.500003125,33.529415130615234
2023-06-27 21:56:55.00884358 +0200 CEST m=+10078.500014910,33.674564361572266
2023-06-27 21:56:55.008854182 +0200 CEST m=+10078.500025512,33.86080551147461
2023-06-27 21:56:55.008866635 +0200 CEST m=+10078.500037965,34.0876350402832
2023-06-27 21:56:55.008880248 +0200 CEST m=+10078.500051577,34.35444259643555
2023-06-27 21:56:55.008890652 +0200 CEST m=+10078.500061982,34.66051483154297
2023-06-27 21:56:55.008902942 +0200 CEST m=+10078.500074271,35.00504684448242
2023-06-27 21:56:55.009013683 +0200 CEST m=+10078.500185014,35.38713073730469
2023-06-27 21:56:55.009263698 +0200 CEST m=+10078.500435028,36.11814880371094
2023-06-27 21:56:55.009527677 +0200 CEST m=+10078.500699003,37.40390396118164
2023-06-27 21:56:55.024729606 +0200 CEST m=+10078.515900928,38.72028732299805
2023-06-27 21:56:55.024738939 +0200 CEST m=+10078.515910262,40.40372848510742
2023-06-27 21:56:55.024745587 +0200 CEST m=+10078.515916909,42.12309646606445
2023-06-27 21:56:55.024772047 +0200 CEST m=+10078.515943375,43.8715705871582
2023-06-27 21:56:55.024790248 +0200 CEST m=+10078.515961574,45.6422119140625
2023-06-27 21:56:55.024805401 +0200 CEST m=+10078.515976727,47.428016662597656
2023-06-27 21:56:55.024819183 +0200 CEST m=+10078.515990509,49.22191619873047
2023-06-27 21:56:55.024834365 +0200 CEST m=+10078.516005697,51.016822814941406
2023-06-27 21:56:55.024849725 +0200 CEST m=+10078.516021051,52.80565643310547
2023-06-27 21:56:55.024862736 +0200 CEST m=+10078.516034062,54.581363677978516
2023-06-27 21:56:55.024877559 +0200 CEST m=+10078.516048886,56.336952209472656
2023-06-27 21:56:55.024890947 +0200 CEST m=+10078.516062274,58.065521240234375
2023-06-27 21:56:55.024904807 +0200 CEST m=+10078.516076136,59.76028060913086
2023-06-27 21:56:55.024920896 +0200 CEST m=+10078.516092222,61.41458511352539
2023-06-27 21:56:55.025043735 +0200 CEST m=+10078.516215057,63.021949768066406
2023-06-27 21:56:55.025189465 +0200 CEST m=+10078.516360792,64.3354263305664
2023-06-27 21:56:55.040738328 +0200 CEST m=+10078.531909661,64.80081939697266
2023-06-27 21:56:55.040751113 +0200 CEST m=+10078.531922445,65.20729064941406
2023-06-27 21:56:55.040764449 +0200 CEST m=+10078.531935782,65.55329895019531
2023-06-27 21:56:55.040776804 +0200 CEST m=+10078.531948137,65.83755493164062
2023-06-27 21:56:55.040788615 +0200 CEST m=+10078.531959958,66.05899810791016
2023-06-27 21:56:55.040817046 +0200 CEST m=+10078.531988384,66.19038391113281
2023-06-27 21:56:55.040843532 +0200 CEST m=+10078.532014874,66.28076934814453
2023-06-27 21:56:55.040865691 +0200 CEST m=+10078.532037030,66.32994842529297
2023-06-27 21:56:55.040893223 +0200 CEST m=+10078.532064563,66.33784484863281
2023-06-27 21:56:55.040918401 +0200 CEST m=+10078.532089741,66.30448150634766
2023-06-27 21:56:55.040940505 +0200 CEST m=+10078.532111848,66.22996520996094
2023-06-27 21:56:55.040968735 +0200 CEST m=+10078.532140073,66.11453247070312
2023-06-27 21:56:55.040991636 +0200 CEST m=+10078.532162976,65.9585189819336
2023-06-27 21:56:55.041025516 +0200 CEST m=+10078.532196858,70.93194580078125
2023-06-27 21:56:55.041417896 +0200 CEST m=+10078.532589222,70.65361785888672
2023-06-27 21:56:55.041655558 +0200 CEST m=+10078.532826885,70.32230377197266
2023-06-27 21:56:55.056666678 +0200 CEST m=+10078.547838007,69.93872833251953
2023-06-27 21:56:55.056767002 +0200 CEST m=+10078.547938335,69.50372314453125
2023-06-27 21:56:55.056788844 +0200 CEST m=+10078.547960168,69.01828002929688
2023-06-27 21:56:55.056795939 +0200 CEST m=+10078.547967261,69.25968933105469
2023-06-27 21:56:55.056802895 +0200 CEST m=+10078.547974218,69.7729721069336
2023-06-27 21:56:55.056810355 +0200 CEST m=+10078.547981678,70.23743438720703
2023-06-27 21:56:55.056817245 +0200 CEST m=+10078.547988567,70.65177154541016
2023-06-27 21:56:55.056824334 +0200 CEST m=+10078.547995656,71.01482391357422
2023-06-27 21:56:55.056836239 +0200 CEST m=+10078.548007561,71.32554626464844
2023-06-27 21:56:55.056844214 +0200 CEST m=+10078.548015538,71.58301544189453
2023-06-27 21:56:55.056878219 +0200 CEST m=+10078.548049542,71.78646087646484
2023-06-27 21:56:55.056886151 +0200 CEST m=+10078.548057474,71.93522644042969
2023-06-27 21:56:55.05689337 +0200 CEST m=+10078.548064693,72.02881622314453
2023-06-27 21:56:55.056901213 +0200 CEST m=+10078.548072535,72.06684875488281
2023-06-27 21:56:55.057046591 +0200 CEST m=+10078.548217913,72.04910278320312
2023-06-27 21:56:55.072711525 +0200 CEST m=+10078.563882845,71.9754867553711
2023-06-27 21:56:55.072723592 +0200 CEST m=+10078.563894913,71.84605407714844
2023-06-27 21:56:55.072732542 +0200 CEST m=+10078.563903863,71.66099548339844
2023-06-27 21:56:55.072747143 +0200 CEST m=+10078.563918463,71.420654296875
2023-06-27 21:56:55.072753608 +0200 CEST m=+10078.563924929,71.12550354003906
2023-06-27 21:56:55.07276028 +0200 CEST m=+10078.563931599,70.6804428100586
2023-06-27 21:56:55.072767391 +0200 CEST m=+10078.563938712,70.15222930908203
2023-06-27 21:56:55.072773725 +0200 CEST m=+10078.563945045,69.54270935058594
2023-06-27 21:56:55.072782239 +0200 CEST m=+10078.563953559,67.87092590332031
2023-06-27 21:56:55.072797367 +0200 CEST m=+10078.563968687,65.701416015625
2023-06-27 21:56:55.072804478 +0200 CEST m=+10078.563975799,63.259605407714844
2023-06-27 21:56:55.072810831 +0200 CEST m=+10078.563982150,60.58806610107422
2023-06-27 21:56:55.07281652 +0200 CEST m=+10078.563987840,57.82659149169922
2023-06-27 21:56:55.072891627 +0200 CEST m=+10078.564062954,55.69971466064453
2023-06-27 21:56:55.073093555 +0200 CEST m=+10078.564264884,53.54753875732422
2023-06-27 21:56:55.073230632 +0200 CEST m=+10078.564401952,51.21223068237305
2023-06-27 21:56:55.088706267 +0200 CEST m=+10078.579877594,49.298301696777344
2023-06-27 21:56:55.08871928 +0200 CEST m=+10078.579890602,47.38846206665039
2023-06-27 21:56:55.088727607 +0200 CEST m=+10078.579898928,45.49024963378906
2023-06-27 21:56:55.088734656 +0200 CEST m=+10078.579905979,43.611148834228516
2023-06-27 21:56:55.088772907 +0200 CEST m=+10078.579944228,41.75855255126953
2023-06-27 21:56:55.088782122 +0200 CEST m=+10078.579953444,39.93975830078125
2023-06-27 21:56:55.088789388 +0200 CEST m=+10078.579960711,38.16191482543945
2023-06-27 21:56:55.088796363 +0200 CEST m=+10078.579967686,37.74496078491211
2023-06-27 21:56:55.088803484 +0200 CEST m=+10078.579974805,36.53983688354492
2023-06-27 21:56:55.088810215 +0200 CEST m=+10078.579981536,36.00025177001953
2023-06-27 21:56:55.088817241 +0200 CEST m=+10078.579988562,35.662532806396484
2023-06-27 21:56:55.088836524 +0200 CEST m=+10078.580007848,35.361690521240234
2023-06-27 21:56:55.088849454 +0200 CEST m=+10078.580020777,35.098419189453125
2023-06-27 21:56:55.088862121 +0200 CEST m=+10078.580033447,34.8733024597168
2023-06-27 21:56:55.089040106 +0200 CEST m=+10078.580211428,34.68683624267578
2023-06-27 21:56:55.089183366 +0200 CEST m=+10078.580354693,34.53941345214844
2023-06-27 21:56:55.104775821 +0200 CEST m=+10078.595947145,34.431331634521484
2023-06-27 21:56:55.104784412 +0200 CEST m=+10078.595955735,34.36278533935547
2023-06-27 21:56:55.104791946 +0200 CEST m=+10078.595963270,34.33386993408203
2023-06-27 21:56:55.104799905 +0200 CEST m=+10078.595971227,34.34457778930664
2023-06-27 21:56:55.104806995 +0200 CEST m=+10078.595978319,34.394798278808594
2023-06-27 21:56:55.10481427 +0200 CEST m=+10078.595985594,34.484336853027344
2023-06-27 21:56:55.104823835 +0200 CEST m=+10078.595995158,34.612876892089844
2023-06-27 21:56:55.104831127 +0200 CEST m=+10078.596002450,34.78002166748047
2023-06-27 21:56:55.104839154 +0200 CEST m=+10078.596010476,34.98527145385742
2023-06-27 21:56:55.104847788 +0200 CEST m=+10078.596019111,35.22802734375
2023-06-27 21:56:55.104854915 +0200 CEST m=+10078.596026238,35.507606506347656
2023-06-27 21:56:55.10486217 +0200 CEST m=+10078.596033494,35.82322311401367
2023-06-27 21:56:55.104872152 +0200 CEST m=+10078.596043476,36.174007415771484
2023-06-27 21:56:55.105126129 +0200 CEST m=+10078.596297458,36.55900192260742
2023-06-27 21:56:55.105287973 +0200 CEST m=+10078.596459297,36.23147964477539
2023-06-27 21:56:55.105504802 +0200 CEST m=+10078.596676127,35.9069938659668
2023-06-27 21:56:55.120724443 +0200 CEST m=+10078.611895763,35.61875534057617
2023-06-27 21:56:55.120738901 +0200 CEST m=+10078.611910223,35.3674201965332
2023-06-27 21:56:55.120747999 +0200 CEST m=+10078.611919320,35.1535530090332
2023-06-27 21:56:55.120756725 +0200 CEST m=+10078.611928045,34.97761154174805
2023-06-27 21:56:55.120766628 +0200 CEST m=+10078.611937949,34.83997344970703
2023-06-27 21:56:55.120777041 +0200 CEST m=+10078.611948363,34.74089813232422
2023-06-27 21:56:55.120788329 +0200 CEST m=+10078.611959651,34.680564880371094
2023-06-27 21:56:55.12079896 +0200 CEST m=+10078.611970280,34.65972900390625
2023-06-27 21:56:55.120810955 +0200 CEST m=+10078.611982277,34.69945526123047
2023-06-27 21:56:55.120822822 +0200 CEST m=+10078.611994143,34.799442291259766
2023-06-27 21:56:55.120834208 +0200 CEST m=+10078.612005530,34.95913314819336
2023-06-27 21:56:55.120846404 +0200 CEST m=+10078.612017725,35.17775344848633
2023-06-27 21:56:55.120858189 +0200 CEST m=+10078.612029509,35.454280853271484
2023-06-27 21:56:55.120868769 +0200 CEST m=+10078.612040089,35.7874755859375
2023-06-27 21:56:55.121041028 +0200 CEST m=+10078.612212348,36.17588424682617
2023-06-27 21:56:55.121199162 +0200 CEST m=+10078.612370488,36.61782455444336
2023-06-27 21:56:55.136732676 +0200 CEST m=+10078.627903996,37.58776092529297
2023-06-27 21:56:55.136859238 +0200 CEST m=+10078.628030568,39.07988739013672
2023-06-27 21:56:55.136878078 +0200 CEST m=+10078.628049402,40.61124038696289
2023-06-27 21:56:55.136900082 +0200 CEST m=+10078.628071413,42.1756706237793
2023-06-27 21:56:55.136930254 +0200 CEST m=+10078.628101581,43.76691436767578
2023-06-27 21:56:55.136948666 +0200 CEST m=+10078.628119995,45.37862777709961
2023-06-27 21:56:55.136963662 +0200 CEST m=+10078.628134986,47.00438690185547
2023-06-27 21:56:55.136979007 +0200 CEST m=+10078.628150336,48.63774108886719
2023-06-27 21:56:55.136992839 +0200 CEST m=+10078.628164167,50.272216796875
2023-06-27 21:56:55.137013018 +0200 CEST m=+10078.628184346,51.901363372802734
2023-06-27 21:56:55.137028859 +0200 CEST m=+10078.628200184,53.19652557373047
2023-06-27 21:56:55.137044588 +0200 CEST m=+10078.628215917,54.48090744018555
2023-06-27 21:56:55.137073474 +0200 CEST m=+10078.628244798,55.75128936767578
2023-06-27 21:56:55.137087139 +0200 CEST m=+10078.628258463,57.00448226928711
2023-06-27 21:56:55.137139845 +0200 CEST m=+10078.628311166,58.23735809326172
2023-06-27 21:56:55.137292434 +0200 CEST m=+10078.628463758,59.44684600830078
2023-06-27 21:56:55.152741068 +0200 CEST m=+10078.643912399,60.62993240356445
2023-06-27 21:56:55.152773179 +0200 CEST m=+10078.643944509,61.7836799621582
2023-06-27 21:56:55.152802219 +0200 CEST m=+10078.643973549,62.8741455078125
2023-06-27 21:56:55.152823706 +0200 CEST m=+10078.643995041,63.2155876159668
2023-06-27 21:56:55.152839168 +0200 CEST m=+10078.644010495,63.52293395996094
2023-06-27 21:56:55.152857796 +0200 CEST m=+10078.644029124,63.79547882080078
2023-06-27 21:56:55.152874719 +0200 CEST m=+10078.644046055,64.03260040283203
2023-06-27 21:56:55.152894478 +0200 CEST m=+10078.644065810,64.23377990722656
2023-06-27 21:56:55.152925302 +0200 CEST m=+10078.644096637,64.39859008789062
2023-06-27 21:56:55.152944033 +0200 CEST m=+10078.644115365,64.52667236328125
2023-06-27 21:56:55.152960916 +0200 CEST m=+10078.644132245,64.61780548095703
2023-06-27 21:56:55.152973262 +0200 CEST m=+10078.644144595,64.67182159423828
2023-06-27 21:56:55.152986948 +0200 CEST m=+10078.644158280,64.68865966796875
2023-06-27 21:56:55.153000477 +0200 CEST m=+10078.644171804,72.97111511230469
2023-06-27 21:56:55.153086482 +0200 CEST m=+10078.644257810,72.94290924072266
2023-06-27 21:56:55.153381344 +0200 CEST m=+10078.644552673,71.82810974121094
2023-06-27 21:56:55.168714682 +0200 CEST m=+10078.659886005,71.22772216796875
2023-06-27 21:56:55.168727736 +0200 CEST m=+10078.659899058,70.51708221435547
2023-06-27 21:56:55.168736147 +0200 CEST m=+10078.659907470,70.27042388916016
2023-06-27 21:56:55.168745051 +0200 CEST m=+10078.659916374,69.97187805175781
2023-06-27 21:56:55.168752376 +0200 CEST m=+10078.659923699,69.62208557128906
2023-06-27 21:56:55.168759665 +0200 CEST m=+10078.659930988,69.22180938720703
2023-06-27 21:56:55.168767257 +0200 CEST m=+10078.659938580,68.7719497680664
2023-06-27 21:56:55.16877448 +0200 CEST m=+10078.659945803,68.49585723876953
2023-06-27 21:56:55.16878189 +0200 CEST m=+10078.659953212,69.01786804199219
2023-06-27 21:56:55.168790589 +0200 CEST m=+10078.659961913,69.60419464111328
2023-06-27 21:56:55.168798176 +0200 CEST m=+10078.659969498,70.11463928222656
2023-06-27 21:56:55.168805346 +0200 CEST m=+10078.659976669,70.54695892333984
2023-06-27 21:56:55.16881439 +0200 CEST m=+10078.659985712,70.89922332763672
2023-06-27 21:56:55.169000665 +0200 CEST m=+10078.660171993,71.16980743408203
2023-06-27 21:56:55.169130702 +0200 CEST m=+10078.660302024,71.35741424560547
2023-06-27 21:56:55.169324472 +0200 CEST m=+10078.660495805,71.4610595703125
2023-06-27 21:56:55.184700203 +0200 CEST m=+10078.675871531,71.48008728027344
2023-06-27 21:56:55.18471692 +0200 CEST m=+10078.675888248,71.41419982910156
2023-06-27 21:56:55.184731785 +0200 CEST m=+10078.675903111,71.2634048461914
2023-06-27 21:56:55.184748252 +0200 CEST m=+10078.675919579,71.02806854248047
2023-06-27 21:56:55.184760995 +0200 CEST m=+10078.675932322,70.70887756347656
2023-06-27 21:56:55.184784513 +0200 CEST m=+10078.675955840,70.30686950683594
2023-06-27 21:56:55.184800843 +0200 CEST m=+10078.675972173,69.82339477539062
2023-06-27 21:56:55.18482256 +0200 CEST m=+10078.675993891,69.26013946533203
2023-06-27 21:56:55.184840699 +0200 CEST m=+10078.676012031,68.20935821533203
2023-06-27 21:56:55.184859929 +0200 CEST m=+10078.676031261,66.12639617919922
2023-06-27 21:56:55.184878502 +0200 CEST m=+10078.676049828,63.97382736206055
2023-06-27 21:56:55.184898427 +0200 CEST m=+10078.676069756,61.759971618652344
2023-06-27 21:56:55.184914336 +0200 CEST m=+10078.676085664,59.93389129638672
2023-06-27 21:56:55.184933927 +0200 CEST m=+10078.676105259,57.690731048583984
2023-06-27 21:56:55.185167715 +0200 CEST m=+10078.676339055,55.80794143676758
2023-06-27 21:56:55.185410249 +0200 CEST m=+10078.676581575,54.0559196472168
2023-06-27 21:56:55.20070493 +0200 CEST m=+10078.691876254,52.108245849609375
2023-06-27 21:56:55.200716609 +0200 CEST m=+10078.691887934,50.476478576660156
2023-06-27 21:56:55.200733185 +0200 CEST m=+10078.691904510,48.8427848815918
2023-06-27 21:56:55.200747645 +0200 CEST m=+10078.691918969,47.21129608154297
2023-06-27 21:56:55.200773525 +0200 CEST m=+10078.691944856,45.58613204956055
2023-06-27 21:56:55.200797257 +0200 CEST m=+10078.691968581,43.971405029296875
2023-06-27 21:56:55.200809897 +0200 CEST m=+10078.691981221,42.389991760253906
2023-06-27 21:56:55.200823312 +0200 CEST m=+10078.691994632,41.36153793334961
2023-06-27 21:56:55.200840795 +0200 CEST m=+10078.692012118,39.903404235839844
2023-06-27 21:56:55.200852497 +0200 CEST m=+10078.692023821,38.51282501220703
2023-06-27 21:56:55.200867014 +0200 CEST m=+10078.692038338,37.11573791503906
2023-06-27 21:56:55.200879075 +0200 CEST m=+10078.692050399,35.75178146362305
2023-06-27 21:56:55.200891275 +0200 CEST m=+10078.692062598,34.681549072265625
2023-06-27 21:56:55.200958919 +0200 CEST m=+10078.692130240,34.27475357055664
2023-06-27 21:56:55.201140611 +0200 CEST m=+10078.692311935,34.68375015258789
2023-06-27 21:56:55.201283498 +0200 CEST m=+10078.692454822,34.378570556640625
2023-06-27 21:56:55.216707147 +0200 CEST m=+10078.707878472,34.1131706237793
2023-06-27 21:56:55.216722661 +0200 CEST m=+10078.707893986,33.888179779052734
2023-06-27 21:56:55.216730522 +0200 CEST m=+10078.707901848,33.70412063598633
2023-06-27 21:56:55.216738596 +0200 CEST m=+10078.707909921,33.5614128112793
2023-06-27 21:56:55.216748883 +0200 CEST m=+10078.707920207,33.46037673950195
2023-06-27 21:56:55.21675793 +0200 CEST m=+10078.707929254,33.401214599609375
2023-06-27 21:56:55.216766061 +0200 CEST m=+10078.707937386,33.384033203125
2023-06-27 21:56:55.216784641 +0200 CEST m=+10078.707955970,33.40883255004883
2023-06-27 21:56:55.216800654 +0200 CEST m=+10078.707971984,33.475502014160156
2023-06-27 21:56:55.216819425 +0200 CEST m=+10078.707990755,33.58382797241211
2023-06-27 21:56:55.216835901 +0200 CEST m=+10078.708007232,33.73349380493164
2023-06-27 21:56:55.216852754 +0200 CEST m=+10078.708024084,33.978050231933594
2023-06-27 21:56:55.216885972 +0200 CEST m=+10078.708057302,34.21902084350586
2023-06-27 21:56:55.217070665 +0200 CEST m=+10078.708241989,34.5758171081543
2023-06-27 21:56:55.217272926 +0200 CEST m=+10078.708444251,34.99296951293945
2023-06-27 21:56:55.217543007 +0200 CEST m=+10078.708714340,35.46875
2023-06-27 21:56:55.232713246 +0200 CEST m=+10078.723884567,35.41333770751953
2023-06-27 21:56:55.232739561 +0200 CEST m=+10078.723910882,34.966270446777344
2023-06-27 21:56:55.232760578 +0200 CEST m=+10078.723931899,34.579124450683594
2023-06-27 21:56:55.232769756 +0200 CEST m=+10078.723941077,34.25333786010742
2023-06-27 21:56:55.232775714 +0200 CEST m=+10078.723947035,33.99011993408203
2023-06-27 21:56:55.232782086 +0200 CEST m=+10078.723953406,33.7904167175293
2023-06-27 21:56:55.232788011 +0200 CEST m=+10078.723959332,33.65493392944336
2023-06-27 21:56:55.23279444 +0200 CEST m=+10078.723965760,33.584110260009766
2023-06-27 21:56:55.232800392 +0200 CEST m=+10078.723971713,33.578147888183594
2023-06-27 21:56:55.232807079 +0200 CEST m=+10078.723978401,33.63697052001953
2023-06-27 21:56:55.232814436 +0200 CEST m=+10078.723985758,33.76026153564453
2023-06-27 21:56:55.232821069 +0200 CEST m=+10078.723992390,33.94744110107422
2023-06-27 21:56:55.232827271 +0200 CEST m=+10078.723998592,34.197689056396484
2023-06-27 21:56:55.232969453 +0200 CEST m=+10078.724140775,34.509925842285156
2023-06-27 21:56:55.233119195 +0200 CEST m=+10078.724290519,34.803470611572266
2023-06-27 21:56:55.233302569 +0200 CEST m=+10078.724473901,35.135066986083984
2023-06-27 21:56:55.248738841 +0200 CEST m=+10078.739910162,35.50383377075195
2023-06-27 21:56:55.248751271 +0200 CEST m=+10078.739922592,36.01140594482422
2023-06-27 21:56:55.248765899 +0200 CEST m=+10078.739937220,37.2713737487793
2023-06-27 21:56:55.248777872 +0200 CEST m=+10078.739949192,38.56208419799805
2023-06-27 21:56:55.248787504 +0200 CEST m=+10078.739958824,39.88024139404297
2023-06-27 21:56:55.248798689 +0200 CEST m=+10078.739970011,41.22249221801758
2023-06-27 21:56:55.248809214 +0200 CEST m=+10078.739980536,42.585418701171875
2023-06-27 21:56:55.248822364 +0200 CEST m=+10078.739993692,43.965545654296875
2023-06-27 21:56:55.248835978 +0200 CEST m=+10078.740007301,45.359378814697266
2023-06-27 21:56:55.248848618 +0200 CEST m=+10078.740019938,46.76337814331055
2023-06-27 21:56:55.248858877 +0200 CEST m=+10078.740030198,48.17398452758789
2023-06-27 21:56:55.248872753 +0200 CEST m=+10078.740044075,49.58762741088867
2023-06-27 21:56:55.248884054 +0200 CEST m=+10078.740055377,51.000736236572266
2023-06-27 21:56:55.248896377 +0200 CEST m=+10078.740067697,52.40974044799805
2023-06-27 21:56:55.249056983 +0200 CEST m=+10078.740228308,53.81108474731445
2023-06-27 21:56:55.249168063 +0200 CEST m=+10078.740339388,55.201236724853516
2023-06-27 21:56:55.264726567 +0200 CEST m=+10078.755897892,56.57670211791992
2023-06-27 21:56:55.264744831 +0200 CEST m=+10078.755916155,57.934017181396484
2023-06-27 21:56:55.264757133 +0200 CEST m=+10078.755928458,59.269775390625
2023-06-27 21:56:55.26477139 +0200 CEST m=+10078.755942715,60.580631256103516
2023-06-27 21:56:55.264784688 +0200 CEST m=+10078.755956011,61.86330032348633
2023-06-27 21:56:55.264797554 +0200 CEST m=+10078.755968879,63.114566802978516
2023-06-27 21:56:55.264808984 +0200 CEST m=+10078.755980308,64.09469604492188
2023-06-27 21:56:55.264822549 +0200 CEST m=+10078.755993873,64.46389770507812
2023-06-27 21:56:55.264834838 +0200 CEST m=+10078.756006162,64.7961654663086
2023-06-27 21:56:55.264850295 +0200 CEST m=+10078.756021619,65.0906982421875
2023-06-27 21:56:55.264862224 +0200 CEST m=+10078.756033549,65.3467788696289
2023-06-27 21:56:55.264874158 +0200 CEST m=+10078.756045482,65.56382751464844
2023-06-27 21:56:55.264885922 +0200 CEST m=+10078.756057246,65.74132537841797
2023-06-27 21:56:55.264969392 +0200 CEST m=+10078.756140711,65.87886810302734
2023-06-27 21:56:55.265131863 +0200 CEST m=+10078.756303184,65.97615814208984
2023-06-27 21:56:55.265332572 +0200 CEST m=+10078.756503895,66.0408706665039
2023-06-27 21:56:55.28076825 +0200 CEST m=+10078.771939571,66.04222106933594
2023-06-27 21:56:55.280797146 +0200 CEST m=+10078.771968470,65.98027801513672
2023-06-27 21:56:55.280817834 +0200 CEST m=+10078.771989158,65.85538482666016
2023-06-27 21:56:55.280843802 +0200 CEST m=+10078.772015130,65.66812133789062
2023-06-27 21:56:55.280895207 +0200 CEST m=+10078.772066527,70.6219482421875
2023-06-27 21:56:55.280916506 +0200 CEST m=+10078.772087831,70.25245666503906
2023-06-27 21:56:55.280935058 +0200 CEST m=+10078.772106379,69.80174255371094
2023-06-27 21:56:55.280950939 +0200 CEST m=+10078.772122260,69.27135467529297
2023-06-27 21:56:55.280963035 +0200 CEST m=+10078.772134354,68.66315460205078
2023-06-27 21:56:55.281007658 +0200 CEST m=+10078.772178978,69.28777313232422
2023-06-27 21:56:55.281024175 +0200 CEST m=+10078.772195495,69.88312530517578
2023-06-27 21:56:55.281041203 +0200 CEST m=+10078.772212523,70.40155029296875
2023-06-27 21:56:55.281054267 +0200 CEST m=+10078.772225588,70.84076690673828
2023-06-27 21:56:55.281232581 +0200 CEST m=+10078.772403901,71.19880676269531
2023-06-27 21:56:55.281485402 +0200 CEST m=+10078.772656726,75.58464813232422
2023-06-27 21:56:55.296699839 +0200 CEST m=+10078.787871160,75.83914184570312
2023-06-27 21:56:55.296709471 +0200 CEST m=+10078.787880792,75.99236297607422
2023-06-27 21:56:55.296778461 +0200 CEST m=+10078.787949783,76.04125213623047
2023-06-27 21:56:55.296793874 +0200 CEST m=+10078.787965197,76.02422332763672
2023-06-27 21:56:55.296808685 +0200 CEST m=+10078.787980013,75.94104766845703
2023-06-27 21:56:55.296816016 +0200 CEST m=+10078.787987338,75.45882415771484
2023-06-27 21:56:55.296823084 +0200 CEST m=+10078.787994406,75.2447280883789
2023-06-27 21:56:55.296830632 +0200 CEST m=+10078.788001954,74.96572875976562
2023-06-27 21:56:55.296837294 +0200 CEST m=+10078.788008614,73.64205932617188
2023-06-27 21:56:55.29684358 +0200 CEST m=+10078.788014901,73.24674224853516
2023-06-27 21:56:55.296850995 +0200 CEST m=+10078.788022316,71.84088134765625
2023-06-27 21:56:55.296857354 +0200 CEST m=+10078.788028675,70.78617095947266
2023-06-27 21:56:55.29686445 +0200 CEST m=+10078.788035771,68.77539825439453
2023-06-27 21:56:55.296870811 +0200 CEST m=+10078.788042133,67.11126708984375
2023-06-27 21:56:55.297082556 +0200 CEST m=+10078.788253882,64.86686706542969
2023-06-27 21:56:55.297245192 +0200 CEST m=+10078.788416513,63.01437759399414
2023-06-27 21:56:55.312703677 +0200 CEST m=+10078.803875012,60.34320831298828
2023-06-27 21:56:55.312717335 +0200 CEST m=+10078.803888656,58.74414825439453
2023-06-27 21:56:55.312733023 +0200 CEST m=+10078.803904483,57.12221908569336
2023-06-27 21:56:55.312739934 +0200 CEST m=+10078.803911254,55.481510162353516
2023-06-27 21:56:55.312747096 +0200 CEST m=+10078.803918417,53.8261604309082
2023-06-27 21:56:55.312754263 +0200 CEST m=+10078.803925582,52.160343170166016
2023-06-27 21:56:55.312759968 +0200 CEST m=+10078.803931288,50.482357025146484
2023-06-27 21:56:55.312768728 +0200 CEST m=+10078.803940055,48.82856750488281
2023-06-27 21:56:55.312782567 +0200 CEST m=+10078.803953891,47.177188873291016
2023-06-27 21:56:55.312793952 +0200 CEST m=+10078.803965275,45.53239059448242
2023-06-27 21:56:55.31280578 +0200 CEST m=+10078.803977104,43.898338317871094
2023-06-27 21:56:55.312827665 +0200 CEST m=+10078.803998987,42.45848083496094
2023-06-27 21:56:55.312840665 +0200 CEST m=+10078.804011997,41.995033264160156
2023-06-27 21:56:55.312852547 +0200 CEST m=+10078.804023866,40.650054931640625
2023-06-27 21:56:55.313028651 +0200 CEST m=+10078.804199976,39.33098220825195
2023-06-27 21:56:55.313189036 +0200 CEST m=+10078.804360357,38.041099548339844
2023-06-27 21:56:55.328724812 +0200 CEST m=+10078.819896141,36.78362274169922
2023-06-27 21:56:55.328875956 +0200 CEST m=+10078.820047295,35.80005645751953
2023-06-27 21:56:55.328932632 +0200 CEST m=+10078.820103967,35.34626770019531
2023-06-27 21:56:55.328980847 +0200 CEST m=+10078.820152194,34.95125198364258
2023-06-27 21:56:55.329008635 +0200 CEST m=+10078.820179981,34.6164436340332
2023-06-27 21:56:55.329033468 +0200 CEST m=+10078.820204809,34.34303665161133
2023-06-27 21:56:55.329058916 +0200 CEST m=+10078.820230248,34.13197708129883
2023-06-27 21:56:55.329077411 +0200 CEST m=+10078.820248862,33.98396301269531
2023-06-27 21:56:55.329096258 +0200 CEST m=+10078.820267594,33.899444580078125
2023-06-27 21:56:55.329113037 +0200 CEST m=+10078.820284369,33.87862014770508
2023-06-27 21:56:55.329131954 +0200 CEST m=+10078.820303285,33.92143249511719
2023-06-27 21:56:55.329152576 +0200 CEST m=+10078.820323919,34.02757263183594
2023-06-27 21:56:55.329178847 +0200 CEST m=+10078.820350183,34.19649124145508
2023-06-27 21:56:55.329200888 +0200 CEST m=+10078.820372226,34.42738342285156
2023-06-27 21:56:55.329309397 +0200 CEST m=+10078.820480727,34.71920394897461
2023-06-27 21:56:55.329530242 +0200 CEST m=+10078.820701567,35.0706672668457
2023-06-27 21:56:55.344715272 +0200 CEST m=+10078.835886591,35.480262756347656
2023-06-27 21:56:55.344727617 +0200 CEST m=+10078.835898937,35.94624328613281
2023-06-27 21:56:55.344734221 +0200 CEST m=+10078.835905542,35.8983268737793
2023-06-27 21:56:55.344741929 +0200 CEST m=+10078.835913250,35.47198486328125
2023-06-27 21:56:55.344748213 +0200 CEST m=+10078.835919533,35.17277145385742
2023-06-27 21:56:55.344753803 +0200 CEST m=+10078.835925122,34.91152572631836
2023-06-27 21:56:55.344760591 +0200 CEST m=+10078.835931910,34.688838958740234
2023-06-27 21:56:55.344771986 +0200 CEST m=+10078.835943306,34.505210876464844
2023-06-27 21:56:55.344779247 +0200 CEST m=+10078.835950566,34.36103439331055
2023-06-27 21:56:55.344785776 +0200 CEST m=+10078.835957095,34.2566032409668
2023-06-27 21:56:55.344792333 +0200 CEST m=+10078.835963653,34.192115783691406
2023-06-27 21:56:55.344798447 +0200 CEST m=+10078.835969766,34.167659759521484
2023-06-27 21:56:55.344839404 +0200 CEST m=+10078.836010729,34.183231353759766
2023-06-27 21:56:55.345003603 +0200 CEST m=+10078.836174927,34.23871994018555
2023-06-27 21:56:55.345166697 +0200 CEST m=+10078.836338018,34.33391571044922
2023-06-27 21:56:55.345370802 +0200 CEST m=+10078.836542126,34.468505859375
2023-06-27 21:56:55.360729975 +0200 CEST m=+10078.851901304,34.64208221435547
2023-06-27 21:56:55.360741606 +0200 CEST m=+10078.851912935,34.8541374206543
2023-06-27 21:56:55.360754924 +0200 CEST m=+10078.851926254,35.104068756103516
2023-06-27 21:56:55.360772318 +0200 CEST m=+10078.851943647,35.391178131103516
2023-06-27 21:56:55.360786293 +0200 CEST m=+10078.851957623,35.71467208862305
2023-06-27 21:56:55.360799313 +0200 CEST m=+10078.851970642,36.07366943359375
2023-06-27 21:56:55.360814421 +0200 CEST m=+10078.851985750,36.56574630737305
2023-06-27 21:56:55.360826826 +0200 CEST m=+10078.851998156,37.77983856201172
2023-06-27 21:56:55.360845232 +0200 CEST m=+10078.852016562,39.02263641357422
2023-06-27 21:56:55.360858074 +0200 CEST m=+10078.852029404,40.29095458984375
2023-06-27 21:56:55.36087317 +0200 CEST m=+10078.852044501,41.58153533935547
2023-06-27 21:56:55.360889948 +0200 CEST m=+10078.852061277,42.891082763671875
2023-06-27 21:56:55.360906384 +0200 CEST m=+10078.852077714,44.216251373291016
2023-06-27 21:56:55.361043601 +0200 CEST m=+10078.852214931,45.55366516113281
2023-06-27 21:56:55.361293413 +0200 CEST m=+10078.852464741,46.899925231933594
2023-06-27 21:56:55.36148962 +0200 CEST m=+10078.852660956,48.25160598754883
2023-06-27 21:56:55.376720698 +0200 CEST m=+10078.867892020,49.60529327392578
2023-06-27 21:56:55.376727357 +0200 CEST m=+10078.867898679,50.95755386352539
2023-06-27 21:56:55.376736562 +0200 CEST m=+10078.867907884,52.30497360229492
2023-06-27 21:56:55.376742934 +0200 CEST m=+10078.867914257,53.644161224365234
2023-06-27 21:56:55.376749326 +0200 CEST m=+10078.867920646,55.30143737792969
2023-06-27 21:56:55.376757294 +0200 CEST m=+10078.867928615,56.93408203125
2023-06-27 21:56:55.376764915 +0200 CEST m=+10078.867936237,58.53570556640625
2023-06-27 21:56:55.376771248 +0200 CEST m=+10078.867942569,60.10006332397461
2023-06-27 21:56:55.376779012 +0200 CEST m=+10078.867950334,61.621055603027344
2023-06-27 21:56:55.376785396 +0200 CEST m=+10078.867956718,63.09278106689453
2023-06-27 21:56:55.376791771 +0200 CEST m=+10078.867963092,63.704559326171875
2023-06-27 21:56:55.376813074 +0200 CEST m=+10078.867984396,64.10001373291016
2023-06-27 21:56:55.376828589 +0200 CEST m=+10078.867999911,64.43895721435547
2023-06-27 21:56:55.376974033 +0200 CEST m=+10078.868145356,64.72017669677734
2023-06-27 21:56:55.377142461 +0200 CEST m=+10078.868313787,64.94268798828125
2023-06-27 21:56:55.377360741 +0200 CEST m=+10078.868532067,65.10575103759766
2023-06-27 21:56:55.39278789 +0200 CEST m=+10078.883959220,71.13140869140625
2023-06-27 21:56:55.392810058 +0200 CEST m=+10078.883981392,71.24498748779297
2023-06-27 21:56:55.392825162 +0200 CEST m=+10078.883996487,71.27483367919922
2023-06-27 21:56:55.392833494 +0200 CEST m=+10078.884004819,70.3968734741211
2023-06-27 21:56:55.392841639 +0200 CEST m=+10078.884012965,70.2585678100586
2023-06-27 21:56:55.392850764 +0200 CEST m=+10078.884022090,69.99862670898438
2023-06-27 21:56:55.392858358 +0200 CEST m=+10078.884029683,69.76646423339844
2023-06-27 21:56:55.392867202 +0200 CEST m=+10078.884038527,69.48387908935547
2023-06-27 21:56:55.392875777 +0200 CEST m=+10078.884047101,69.1514892578125
2023-06-27 21:56:55.392885939 +0200 CEST m=+10078.884057264,68.77005767822266
2023-06-27 21:56:55.392895074 +0200 CEST m=+10078.884066400,68.3404541015625
2023-06-27 21:56:55.392905907 +0200 CEST m=+10078.884077231,67.86368560791016
2023-06-27 21:56:55.392913519 +0200 CEST m=+10078.884084843,68.33380889892578
2023-06-27 21:56:55.393019311 +0200 CEST m=+10078.884190636,68.8016128540039
2023-06-27 21:56:55.393253438 +0200 CEST m=+10078.884424768,69.2226791381836
2023-06-27 21:56:55.393457475 +0200 CEST m=+10078.884628804,69.59587097167969
2023-06-27 21:56:55.408727008 +0200 CEST m=+10078.899898330,69.9201431274414
2023-06-27 21:56:55.408734061 +0200 CEST m=+10078.899905383,70.1946029663086
2023-06-27 21:56:55.408745262 +0200 CEST m=+10078.899916583,70.41845703125
2023-06-27 21:56:55.408763249 +0200 CEST m=+10078.899934572,70.59104919433594
2023-06-27 21:56:55.408773566 +0200 CEST m=+10078.899944889,70.71185302734375
2023-06-27 21:56:55.408788315 +0200 CEST m=+10078.899959636,70.78047180175781
2023-06-27 21:56:55.408794918 +0200 CEST m=+10078.899966240,70.79664611816406
2023-06-27 21:56:55.408803047 +0200 CEST m=+10078.899974369,70.7602310180664
2023-06-27 21:56:55.408809418 +0200 CEST m=+10078.899980740,70.67122650146484
2023-06-27 21:56:55.408816458 +0200 CEST m=+10078.899987779,70.52977752685547
2023-06-27 21:56:55.408823419 +0200 CEST m=+10078.899994740,70.33614349365234
2023-06-27 21:56:55.408829808 +0200 CEST m=+10078.900001130,70.09071350097656
2023-06-27 21:56:55.408837302 +0200 CEST m=+10078.900008624,69.79402923583984
2023-06-27 21:56:55.409002104 +0200 CEST m=+10078.900173429,69.44674682617188
2023-06-27 21:56:55.409193182 +0200 CEST m=+10078.900364504,69.0496597290039
2023-06-27 21:56:55.409327402 +0200 CEST m=+10078.900498728,68.60367584228516
2023-06-27 21:56:55.424770189 +0200 CEST m=+10078.915941508,67.97798156738281
2023-06-27 21:56:55.424777557 +0200 CEST m=+10078.915948878,66.38209533691406
2023-06-27 21:56:55.424783189 +0200 CEST m=+10078.915954508,64.74198150634766
2023-06-27 21:56:55.424795317 +0200 CEST m=+10078.915966637,63.06169509887695
2023-06-27 21:56:55.424801079 +0200 CEST m=+10078.915972400,61.34543228149414
2023-06-27 21:56:55.424808007 +0200 CEST m=+10078.915979326,59.59747314453125
2023-06-27 21:56:55.424815046 +0200 CEST m=+10078.915986366,57.37461471557617
2023-06-27 21:56:55.424820745 +0200 CEST m=+10078.915992065,54.691925048828125
2023-06-27 21:56:55.424827365 +0200 CEST m=+10078.915998685,52.52721405029297
2023-06-27 21:56:55.424833665 +0200 CEST m=+10078.916004985,50.47870635986328
2023-06-27 21:56:55.42484281 +0200 CEST m=+10078.916014130,48.42726516723633
2023-06-27 21:56:55.424849622 +0200 CEST m=+10078.916020942,46.3809928894043
2023-06-27 21:56:55.424855932 +0200 CEST m=+10078.916027252,44.347965240478516
2023-06-27 21:56:55.425002324 +0200 CEST m=+10078.916173649,42.33621597290039
2023-06-27 21:56:55.42523127 +0200 CEST m=+10078.916402590,40.353702545166016
2023-06-27 21:56:55.425344631 +0200 CEST m=+10078.916515951,38.40826416015625
2023-06-27 21:56:55.440758621 +0200 CEST m=+10078.931929950,37.86713409423828
2023-06-27 21:56:55.440774715 +0200 CEST m=+10078.931946045,36.216896057128906
2023-06-27 21:56:55.440794313 +0200 CEST m=+10078.931965643,35.084815979003906
2023-06-27 21:56:55.440813846 +0200 CEST m=+10078.931985176,34.616390228271484
2023-06-27 21:56:55.440829372 +0200 CEST m=+10078.932000702,34.20922088623047
2023-06-27 21:56:55.440849664 +0200 CEST m=+10078.932020994,33.86484146118164
2023-06-27 21:56:55.440866128 +0200 CEST m=+10078.932037458,33.58453369140625
2023-06-27 21:56:55.440888778 +0200 CEST m=+10078.932060108,33.36932373046875
2023-06-27 21:56:55.44090466 +0200 CEST m=+10078.932075991,33.2199821472168
2023-06-27 21:56:55.440918821 +0200 CEST m=+10078.932090149,33.14828872680664
2023-06-27 21:56:55.440938792 +0200 CEST m=+10078.932110117,33.11921691894531
2023-06-27 21:56:55.440954738 +0200 CEST m=+10078.932126071,33.13280487060547
2023-06-27 21:56:55.440975226 +0200 CEST m=+10078.932146568,33.1889762878418
2023-06-27 21:56:55.441124056 +0200 CEST m=+10078.932295390,33.28754425048828
2023-06-27 21:56:55.441418271 +0200 CEST m=+10078.932589602,33.428218841552734
2023-06-27 21:56:55.44155817 +0200 CEST m=+10078.932729494,33.6106071472168
2023-06-27 21:56:55.456722073 +0200 CEST m=+10078.947893395,33.834205627441406
2023-06-27 21:56:55.456740101 +0200 CEST m=+10078.947911426,34.09840393066406
2023-06-27 21:56:55.456750634 +0200 CEST m=+10078.947921954,34.402503967285156
2023-06-27 21:56:55.456756496 +0200 CEST m=+10078.947927816,34.74569320678711
2023-06-27 21:56:55.456763675 +0200 CEST m=+10078.947934995,35.12706756591797
2023-06-27 21:56:55.456771312 +0200 CEST m=+10078.947942632,35.36977767944336
2023-06-27 21:56:55.456777402 +0200 CEST m=+10078.947948722,34.9814453125
2023-06-27 21:56:55.456783505 +0200 CEST m=+10078.947954824,34.63142395019531
2023-06-27 21:56:55.456789163 +0200 CEST m=+10078.947960484,34.320560455322266
2023-06-27 21:56:55.45679599 +0200 CEST m=+10078.947967311,34.04959487915039
2023-06-27 21:56:55.456802232 +0200 CEST m=+10078.947973552,33.81917953491211
2023-06-27 21:56:55.456810751 +0200 CEST m=+10078.947982071,33.62984848022461
2023-06-27 21:56:55.4568172 +0200 CEST m=+10078.947988520,33.48204803466797
2023-06-27 21:56:55.4569129 +0200 CEST m=+10078.948084221,33.37610626220703
2023-06-27 21:56:55.457021455 +0200 CEST m=+10078.948192776,33.31224822998047
2023-06-27 21:56:55.457186832 +0200 CEST m=+10078.948358156,33.29059600830078
2023-06-27 21:56:55.472735763 +0200 CEST m=+10078.963907093,33.31116485595703
2023-06-27 21:56:55.47275323 +0200 CEST m=+10078.963924560,33.37385559082031
2023-06-27 21:56:55.472776597 +0200 CEST m=+10078.963947939,33.47846984863281
2023-06-27 21:56:55.472797493 +0200 CEST m=+10078.963968822,33.62470245361328
2023-06-27 21:56:55.472807158 +0200 CEST m=+10078.963978487,33.8121452331543
2023-06-27 21:56:55.472858404 +0200 CEST m=+10078.964029749,34.040283203125
2023-06-27 21:56:55.472879507 +0200 CEST m=+10078.964050851,34.308494567871094
2023-06-27 21:56:55.472903036 +0200 CEST m=+10078.964074380,34.61606979370117
2023-06-27 21:56:55.472923244 +0200 CEST m=+10078.964094592,35.05463409423828
2023-06-27 21:56:55.472945267 +0200 CEST m=+10078.964116613,35.551612854003906
2023-06-27 21:56:55.472966453 +0200 CEST m=+10078.964137800,37.04392623901367
2023-06-27 21:56:55.472987116 +0200 CEST m=+10078.964158457,38.689815521240234
2023-06-27 21:56:55.473062565 +0200 CEST m=+10078.964233915,40.37827682495117
2023-06-27 21:56:55.473088437 +0200 CEST m=+10078.964259781,42.102596282958984
2023-06-27 21:56:55.473287442 +0200 CEST m=+10078.964458772,43.85592269897461
2023-06-27 21:56:55.473496284 +0200 CEST m=+10078.964667628,45.63130187988281
2023-06-27 21:56:55.488706422 +0200 CEST m=+10078.979877748,47.42170333862305
2023-06-27 21:56:55.488712985 +0200 CEST m=+10078.979884307,49.22004318237305
2023-06-27 21:56:55.488722253 +0200 CEST m=+10078.979893576,51.01921844482422
2023-06-27 21:56:55.488729748 +0200 CEST m=+10078.979901068,52.8121223449707
2023-06-27 21:56:55.48873601 +0200 CEST m=+10078.979907333,54.591697692871094
2023-06-27 21:56:55.488743574 +0200 CEST m=+10078.979914895,56.35093307495117
2023-06-27 21:56:55.488750697 +0200 CEST m=+10078.979922019,58.08291244506836
2023-06-27 21:56:55.488757073 +0200 CEST m=+10078.979928395,59.78084182739258
2023-06-27 21:56:55.488765959 +0200 CEST m=+10078.979937281,61.43805694580078
2023-06-27 21:56:55.488772495 +0200 CEST m=+10078.979943818,63.04807662963867
2023-06-27 21:56:55.488778984 +0200 CEST m=+10078.979950306,64.36347198486328
2023-06-27 21:56:55.488786219 +0200 CEST m=+10078.979957541,64.7406005859375
2023-06-27 21:56:55.488793944 +0200 CEST m=+10078.979965266,65.08012390136719
2023-06-27 21:56:55.488984179 +0200 CEST m=+10078.980155500,65.38121795654297
2023-06-27 21:56:55.489188469 +0200 CEST m=+10078.980359795,65.64317321777344
2023-06-27 21:56:55.489348359 +0200 CEST m=+10078.980519685,65.8653564453125
2023-06-27 21:56:55.504796365 +0200 CEST m=+10078.995967693,66.04725646972656
2023-06-27 21:56:55.504813255 +0200 CEST m=+10078.995984579,66.18844604492188
2023-06-27 21:56:55.504846343 +0200 CEST m=+10078.996017668,66.28861236572266
2023-06-27 21:56:55.504868876 +0200 CEST m=+10078.996040200,66.34754180908203
2023-06-27 21:56:55.504891882 +0200 CEST m=+10078.996063206,66.3651351928711
2023-06-27 21:56:55.50491166 +0200 CEST m=+10078.996082985,70.20575714111328
2023-06-27 21:56:55.504930436 +0200 CEST m=+10078.996101759,70.15184783935547
2023-06-27 21:56:55.504944738 +0200 CEST m=+10078.996116061,70.04686737060547
2023-06-27 21:56:55.504963491 +0200 CEST m=+10078.996134816,69.8910140991211
2023-06-27 21:56:55.504981386 +0200 CEST m=+10078.996152715,69.68460083007812
2023-06-27 21:56:55.504993223 +0200 CEST m=+10078.996164548,69.42805480957031
2023-06-27 21:56:55.505007906 +0200 CEST m=+10078.996179231,69.12196350097656
2023-06-27 21:56:55.505022784 +0200 CEST m=+10078.996194115,68.76699829101562
2023-06-27 21:56:55.505333463 +0200 CEST m=+10078.996504792,68.36400604248047
2023-06-27 21:56:55.505559296 +0200 CEST m=+10078.996730617,67.91390991210938
2023-06-27 21:56:55.520734214 +0200 CEST m=+10079.011905541,67.88745880126953
2023-06-27 21:56:55.520748085 +0200 CEST m=+10079.011919414,68.3712387084961
2023-06-27 21:56:55.52076533 +0200 CEST m=+10079.011936654,68.80931854248047
2023-06-27 21:56:55.520778796 +0200 CEST m=+10079.011950120,70.66836547851562
2023-06-27 21:56:55.520790357 +0200 CEST m=+10079.011961681,71.04618835449219
2023-06-27 21:56:55.520805346 +0200 CEST m=+10079.011976668,71.37162017822266
2023-06-27 21:56:55.520814549 +0200 CEST m=+10079.011985870,71.64372253417969
2023-06-27 21:56:55.520823743 +0200 CEST m=+10079.011995063,71.8616714477539
2023-06-27 21:56:55.520831737 +0200 CEST m=+10079.012003057,72.0247802734375
2023-06-27 21:56:55.520843836 +0200 CEST m=+10079.012015158,72.13252258300781
2023-06-27 21:56:55.52085412 +0200 CEST m=+10079.012025439,72.18447875976562
2023-06-27 21:56:55.520872052 +0200 CEST m=+10079.012043381,72.18038940429688
2023-06-27 21:56:55.520890179 +0200 CEST m=+10079.012061503,72.0962905883789
2023-06-27 21:56:55.520959553 +0200 CEST m=+10079.012130877,71.92451477050781
2023-06-27 21:56:55.52120066 +0200 CEST m=+10079.012371984,71.66548156738281
2023-06-27 21:56:55.521386535 +0200 CEST m=+10079.012557859,71.31996154785156
2023-06-27 21:56:55.536706761 +0200 CEST m=+10079.027878090,70.8890609741211
2023-06-27 21:56:55.536757674 +0200 CEST m=+10079.027928994,70.3742446899414
2023-06-27 21:56:55.536768199 +0200 CEST m=+10079.027939519,69.77730560302734
2023-06-27 21:56:55.536774143 +0200 CEST m=+10079.027945463,68.39443969726562
2023-06-27 21:56:55.536780458 +0200 CEST m=+10079.027951777,66.22779083251953
2023-06-27 21:56:55.53678614 +0200 CEST m=+10079.027957460,63.9905891418457
2023-06-27 21:56:55.536794509 +0200 CEST m=+10079.027965828,60.58363342285156
2023-06-27 21:56:55.536802271 +0200 CEST m=+10079.027973592,58.448726654052734
2023-06-27 21:56:55.536808195 +0200 CEST m=+10079.027979516,56.27711868286133
2023-06-27 21:56:55.536814923 +0200 CEST m=+10079.027986242,53.44220733642578
2023-06-27 21:56:55.536821004 +0200 CEST m=+10079.027992324,51.566532135009766
2023-06-27 21:56:55.536826668 +0200 CEST m=+10079.027997987,49.68672561645508
2023-06-27 21:56:55.536832772 +0200 CEST m=+10079.028004093,47.81021499633789
2023-06-27 21:56:55.53694531 +0200 CEST m=+10079.028116630,45.94439697265625
2023-06-27 21:56:55.537114415 +0200 CEST m=+10079.028285735,44.46438217163086
2023-06-27 21:56:55.537241516 +0200 CEST m=+10079.028412841,42.99964141845703
2023-06-27 21:56:55.552756084 +0200 CEST m=+10079.043927430,41.55386734008789
2023-06-27 21:56:55.552787883 +0200 CEST m=+10079.043959242,40.13068771362305
2023-06-27 21:56:55.552862312 +0200 CEST m=+10079.044033659,38.73368453979492
2023-06-27 21:56:55.552898459 +0200 CEST m=+10079.044069820,37.36635971069336
2023-06-27 21:56:55.552941451 +0200 CEST m=+10079.044112809,36.03213882446289
2023-06-27 21:56:55.552981412 +0200 CEST m=+10079.044152758,34.986412048339844
2023-06-27 21:56:55.553012487 +0200 CEST m=+10079.044183835,34.59125518798828
2023-06-27 21:56:55.55305116 +0200 CEST m=+10079.044222506,34.23535919189453
2023-06-27 21:56:55.553069914 +0200 CEST m=+10079.044241261,33.919586181640625
2023-06-27 21:56:55.553086684 +0200 CEST m=+10079.044258030,33.64470291137695
2023-06-27 21:56:55.553108941 +0200 CEST m=+10079.044280288,33.41136169433594
2023-06-27 21:56:55.553166963 +0200 CEST m=+10079.044338313,33.22011947631836
2023-06-27 21:56:55.553204919 +0200 CEST m=+10079.044376272,33.0714225769043
2023-06-27 21:56:55.553447608 +0200 CEST m=+10079.044618928,33.053627014160156
2023-06-27 21:56:55.553622339 +0200 CEST m=+10079.044793664,32.99184799194336
2023-06-27 21:56:55.553795768 +0200 CEST m=+10079.044967089,32.973079681396484
2023-06-27 21:56:55.568707604 +0200 CEST m=+10079.059878935,32.9973258972168
2023-06-27 21:56:55.568722625 +0200 CEST m=+10079.059893955,33.064491271972656
2023-06-27 21:56:55.568741272 +0200 CEST m=+10079.059912603,33.174354553222656
2023-06-27 21:56:55.568783147 +0200 CEST m=+10079.059954478,33.32660675048828
2023-06-27 21:56:55.568793659 +0200 CEST m=+10079.059964988,33.520816802978516
2023-06-27 21:56:55.568806218 +0200 CEST m=+10079.059977548,33.7564582824707
2023-06-27 21:56:55.568816277 +0200 CEST m=+10079.059987607,34.032894134521484
2023-06-27 21:56:55.568830589 +0200 CEST m=+10079.060001919,34.34939193725586
2023-06-27 21:56:55.568841387 +0200 CEST m=+10079.060012718,34.70510482788086
2023-06-27 21:56:55.568858121 +0200 CEST m=+10079.060029454,35.09910202026367
2023-06-27 21:56:55.568876255 +0200 CEST m=+10079.060047587,35.140167236328125
2023-06-27 21:56:55.568895099 +0200 CEST m=+10079.060066429,34.7578239440918
2023-06-27 21:56:55.568918191 +0200 CEST m=+10079.060089527,34.414344787597656
2023-06-27 21:56:55.568996876 +0200 CEST m=+10079.060168206,34.11054992675781
2023-06-27 21:56:55.56934584 +0200 CEST m=+10079.060517177,33.7877197265625
2023-06-27 21:56:55.569711493 +0200 CEST m=+10079.060882831,33.529232025146484
2023-06-27 21:56:55.584701453 +0200 CEST m=+10079.075872784,33.336036682128906
2023-06-27 21:56:55.584718781 +0200 CEST m=+10079.075890104,33.208805084228516
2023-06-27 21:56:55.584730473 +0200 CEST m=+10079.075901794,33.14796829223633
2023-06-27 21:56:55.584741137 +0200 CEST m=+10079.075912459,33.153682708740234
2023-06-27 21:56:55.584751888 +0200 CEST m=+10079.075923210,33.22584915161133
2023-06-27 21:56:55.584766284 +0200 CEST m=+10079.075937607,33.364097595214844
2023-06-27 21:56:55.584786916 +0200 CEST m=+10079.075958240,33.56781005859375
2023-06-27 21:56:55.584804466 +0200 CEST m=+10079.075975789,33.836097717285156
2023-06-27 21:56:55.584818874 +0200 CEST m=+10079.075990197,34.16782760620117
2023-06-27 21:56:55.584830476 +0200 CEST m=+10079.076001801,34.56161117553711
2023-06-27 21:56:55.58484524 +0200 CEST m=+10079.076016572,35.01582336425781
2023-06-27 21:56:55.584855074 +0200 CEST m=+10079.076026397,35.63397216796875
2023-06-27 21:56:55.584862112 +0200 CEST m=+10079.076033434,37.2553596496582
2023-06-27 21:56:55.584890076 +0200 CEST m=+10079.076061402,38.9250602722168
2023-06-27 21:56:55.585072354 +0200 CEST m=+10079.076243681,40.63642883300781
2023-06-27 21:56:55.585248887 +0200 CEST m=+10079.076420208,42.38265609741211
2023-06-27 21:56:55.600764225 +0200 CEST m=+10079.091935545,43.800086975097656
2023-06-27 21:56:55.600770305 +0200 CEST m=+10079.091941625,45.2318000793457
2023-06-27 21:56:55.600776138 +0200 CEST m=+10079.091947457,46.67416000366211
2023-06-27 21:56:55.60079275 +0200 CEST m=+10079.091964071,48.12351608276367
2023-06-27 21:56:55.600800139 +0200 CEST m=+10079.091971458,49.576202392578125
2023-06-27 21:56:55.600806753 +0200 CEST m=+10079.091978073,51.02854537963867
2023-06-27 21:56:55.600813283 +0200 CEST m=+10079.091984602,52.47687530517578
2023-06-27 21:56:55.600818987 +0200 CEST m=+10079.091990307,53.91754150390625
2023-06-27 21:56:55.600825856 +0200 CEST m=+10079.091997177,55.34690856933594
2023-06-27 21:56:55.600831462 +0200 CEST m=+10079.092002783,56.76137924194336
2023-06-27 21:56:55.600837101 +0200 CEST m=+10079.092008420,58.15739440917969
2023-06-27 21:56:55.600843295 +0200 CEST m=+10079.092014616,59.53144836425781
2023-06-27 21:56:55.600848935 +0200 CEST m=+10079.092020255,60.88009262084961
2023-06-27 21:56:55.600979413 +0200 CEST m=+10079.092150737,62.1999397277832
2023-06-27 21:56:55.601183657 +0200 CEST m=+10079.092354981,63.48768997192383
2023-06-27 21:56:55.601333641 +0200 CEST m=+10079.092504966,64.49674987792969
2023-06-27 21:56:55.616742562 +0200 CEST m=+10079.107913888,64.8775634765625
2023-06-27 21:56:55.616754536 +0200 CEST m=+10079.107925861,65.2204360961914
2023-06-27 21:56:55.61677696 +0200 CEST m=+10079.107948284,65.5245361328125
2023-06-27 21:56:55.616788832 +0200 CEST m=+10079.107960156,65.78913116455078
2023-06-27 21:56:55.616800509 +0200 CEST m=+10079.107971834,66.01359558105469
2023-06-27 21:56:55.616812765 +0200 CEST m=+10079.107984089,66.19740295410156
2023-06-27 21:56:55.616824367 +0200 CEST m=+10079.107995692,66.34011840820312
2023-06-27 21:56:55.616838377 +0200 CEST m=+10079.108009701,66.44143676757812
2023-06-27 21:56:55.616853776 +0200 CEST m=+10079.108025101,66.50112915039062
2023-06-27 21:56:55.616865614 +0200 CEST m=+10079.108036938,66.51910400390625
2023-06-27 21:56:55.616877488 +0200 CEST m=+10079.108048813,66.49533081054688
2023-06-27 21:56:55.616890537 +0200 CEST m=+10079.108061862,66.429931640625
2023-06-27 21:56:55.616902301 +0200 CEST m=+10079.108073625,66.32310485839844
2023-06-27 21:56:55.617023552 +0200 CEST m=+10079.108194874,66.17516326904297
2023-06-27 21:56:55.617237196 +0200 CEST m=+10079.108408517,65.98651885986328
2023-06-27 21:56:55.617607997 +0200 CEST m=+10079.108779361,65.7576904296875
2023-06-27 21:56:55.63268077 +0200 CEST m=+10079.123852091,65.41609191894531
2023-06-27 21:56:55.632687452 +0200 CEST m=+10079.123858774,65.01410675048828
2023-06-27 21:56:55.632777915 +0200 CEST m=+10079.123949247,64.55338287353516
2023-06-27 21:56:55.632793158 +0200 CEST m=+10079.123964489,68.49891662597656
2023-06-27 21:56:55.632806562 +0200 CEST m=+10079.123977889,69.12211608886719
2023-06-27 21:56:55.632819107 +0200 CEST m=+10079.123990440,69.67127990722656
2023-06-27 21:56:55.632831003 +0200 CEST m=+10079.124002332,70.14403533935547
2023-06-27 21:56:55.632843086 +0200 CEST m=+10079.124014417,70.538330078125
2023-06-27 21:56:55.63285705 +0200 CEST m=+10079.124028376,70.85240173339844
2023-06-27 21:56:55.63286879 +0200 CEST m=+10079.124040122,71.08480072021484
2023-06-27 21:56:55.632932563 +0200 CEST m=+10079.124103895,71.2343978881836
2023-06-27 21:56:55.632947385 +0200 CEST m=+10079.124118712,71.30040740966797
2023-06-27 21:56:55.632961914 +0200 CEST m=+10079.124133251,71.28234100341797
2023-06-27 21:56:55.632975391 +0200 CEST m=+10079.124146723,71.18006134033203
2023-06-27 21:56:55.633038345 +0200 CEST m=+10079.124209672,70.9937744140625
2023-06-27 21:56:55.633218564 +0200 CEST m=+10079.124389899,70.72398376464844
2023-06-27 21:56:55.648817143 +0200 CEST m=+10079.139988462,70.37157440185547
2023-06-27 21:56:55.648830723 +0200 CEST m=+10079.140002043,69.93770599365234
2023-06-27 21:56:55.648855724 +0200 CEST m=+10079.140027045,69.42391967773438
2023-06-27 21:56:55.648870005 +0200 CEST m=+10079.140041326,68.95655059814453
2023-06-27 21:56:55.648888601 +0200 CEST m=+10079.140059921,68.03445434570312
2023-06-27 21:56:55.648904091 +0200 CEST m=+10079.140075410,66.38789367675781
2023-06-27 21:56:55.64891388 +0200 CEST m=+10079.140085201,64.69658660888672
2023-06-27 21:56:55.648923976 +0200 CEST m=+10079.140095296,62.964717864990234
2023-06-27 21:56:55.648938436 +0200 CEST m=+10079.140109755,61.19659423828125
2023-06-27 21:56:55.648948978 +0200 CEST m=+10079.140120298,59.39662170410156
2023-06-27 21:56:55.648959175 +0200 CEST m=+10079.140130496,57.0911750793457
2023-06-27 21:56:55.648971957 +0200 CEST m=+10079.140143277,55.35599899291992
2023-06-27 21:56:55.648981539 +0200 CEST m=+10079.140152860,53.605098724365234
2023-06-27 21:56:55.649211902 +0200 CEST m=+10079.140383227,51.809730529785156
2023-06-27 21:56:55.649769171 +0200 CEST m=+10079.140940492,50.07246017456055
2023-06-27 21:56:55.650154232 +0200 CEST m=+10079.141325552,48.333194732666016
2023-06-27 21:56:55.664750023 +0200 CEST m=+10079.155921348,46.5963249206543
2023-06-27 21:56:55.66479868 +0200 CEST m=+10079.155970005,45.21278762817383
2023-06-27 21:56:55.664808024 +0200 CEST m=+10079.155979350,43.61261749267578
2023-06-27 21:56:55.66481667 +0200 CEST m=+10079.155987995,42.40753936767578
2023-06-27 21:56:55.664826176 +0200 CEST m=+10079.155997501,40.9202995300293
2023-06-27 21:56:55.664835175 +0200 CEST m=+10079.156006501,39.45663070678711
2023-06-27 21:56:55.664844442 +0200 CEST m=+10079.156015767,38.02021789550781
2023-06-27 21:56:55.664853253 +0200 CEST m=+10079.156024579,36.614681243896484
2023-06-27 21:56:55.664862653 +0200 CEST m=+10079.156033979,35.243553161621094
2023-06-27 21:56:55.664872947 +0200 CEST m=+10079.156044273,35.65729522705078
2023-06-27 21:56:55.664887283 +0200 CEST m=+10079.156058609,35.29681396484375
2023-06-27 21:56:55.664895451 +0200 CEST m=+10079.156066775,34.97403335571289
2023-06-27 21:56:55.664903958 +0200 CEST m=+10079.156075283,34.68971252441406
2023-06-27 21:56:55.664957234 +0200 CEST m=+10079.156128569,34.44450759887695
2023-06-27 21:56:55.665154115 +0200 CEST m=+10079.156325450,34.238975524902344
2023-06-27 21:56:55.665330459 +0200 CEST m=+10079.156501783,34.07357406616211
2023-06-27 21:56:55.680738404 +0200 CEST m=+10079.171909725,33.94865798950195
2023-06-27 21:56:55.680746995 +0200 CEST m=+10079.171918315,33.86447525024414
2023-06-27 21:56:55.680756075 +0200 CEST m=+10079.171927394,33.81674575805664
2023-06-27 21:56:55.680762477 +0200 CEST m=+10079.171933797,33.832950592041016
2023-06-27 21:56:55.680768109 +0200 CEST m=+10079.171939430,33.91289138793945
2023-06-27 21:56:55.680774297 +0200 CEST m=+10079.171945616,34.056129455566406
2023-06-27 21:56:55.680780009 +0200 CEST m=+10079.171951328,34.2619743347168
2023-06-27 21:56:55.68078727 +0200 CEST m=+10079.171958589,34.529483795166016
2023-06-27 21:56:55.680794296 +0200 CEST m=+10079.171965616,34.85748291015625
2023-06-27 21:56:55.680800494 +0200 CEST m=+10079.171971814,35.24455261230469
2023-06-27 21:56:55.680806228 +0200 CEST m=+10079.171977548,35.68904495239258
2023-06-27 21:56:55.680812313 +0200 CEST m=+10079.171983633,36.02106857299805
2023-06-27 21:56:55.680817882 +0200 CEST m=+10079.171989203,35.56866455078125
2023-06-27 21:56:55.680996008 +0200 CEST m=+10079.172167331,35.17409896850586
2023-06-27 21:56:55.681158175 +0200 CEST m=+10079.172329505,34.83881378173828
2023-06-27 21:56:55.681332164 +0200 CEST m=+10079.172503489,34.56401443481445
2023-06-27 21:56:55.69672409 +0200 CEST m=+10079.187895418,34.35065841674805
2023-06-27 21:56:55.696737575 +0200 CEST m=+10079.187908903,34.199466705322266
2023-06-27 21:56:55.696750815 +0200 CEST m=+10079.187922143,34.11090850830078
2023-06-27 21:56:55.696759935 +0200 CEST m=+10079.187931263,34.085205078125
2023-06-27 21:56:55.696769863 +0200 CEST m=+10079.187941190,34.12233352661133
2023-06-27 21:56:55.696779679 +0200 CEST m=+10079.187951007,34.19709777832031
2023-06-27 21:56:55.696788447 +0200 CEST m=+10079.187959774,34.3116455078125
2023-06-27 21:56:55.696799057 +0200 CEST m=+10079.187970385,34.46562576293945
2023-06-27 21:56:55.69680934 +0200 CEST m=+10079.187980669,34.65858459472656
2023-06-27 21:56:55.696818535 +0200 CEST m=+10079.187989862,34.88997268676758
2023-06-27 21:56:55.696827782 +0200 CEST m=+10079.187999110,35.15913772583008
2023-06-27 21:56:55.696838649 +0200 CEST m=+10079.188009977,35.46533966064453
2023-06-27 21:56:55.696848045 +0200 CEST m=+10079.188019373,35.80774688720703
2023-06-27 21:56:55.696956989 +0200 CEST m=+10079.188128317,36.18543243408203
2023-06-27 21:56:55.697124169 +0200 CEST m=+10079.188295497,37.09272384643555
2023-06-27 21:56:55.697335593 +0200 CEST m=+10079.188506920,38.3281135559082
2023-06-27 21:56:55.712706411 +0200 CEST m=+10079.203877734,39.590946197509766
2023-06-27 21:56:55.712718095 +0200 CEST m=+10079.203889418,40.877986907958984
2023-06-27 21:56:55.712733679 +0200 CEST m=+10079.203905006,42.185943603515625
2023-06-27 21:56:55.712746532 +0200 CEST m=+10079.203917862,43.511474609375
2023-06-27 21:56:55.712759146 +0200 CEST m=+10079.203930466,44.8512077331543
2023-06-27 21:56:55.712771686 +0200 CEST m=+10079.203943008,46.20172882080078
2023-06-27 21:56:55.712784558 +0200 CEST m=+10079.203955880,47.559608459472656
2023-06-27 21:56:55.712798961 +0200 CEST m=+10079.203970284,48.92140579223633
2023-06-27 21:56:55.712810959 +0200 CEST m=+10079.203982281,50.28367614746094
2023-06-27 21:56:55.712824406 +0200 CEST m=+10079.203995729,51.642967224121094
2023-06-27 21:56:55.712837192 +0200 CEST m=+10079.204008514,52.99585723876953
2023-06-27 21:56:55.712850485 +0200 CEST m=+10079.204021805,54.33893966674805
2023-06-27 21:56:55.712863213 +0200 CEST m=+10079.204034537,55.66883087158203
2023-06-27 21:56:55.712966334 +0200 CEST m=+10079.204137665,56.98219299316406
2023-06-27 21:56:55.713161597 +0200 CEST m=+10079.204332921,58.27574157714844
2023-06-27 21:56:55.713324216 +0200 CEST m=+10079.204495541,59.546234130859375
2023-06-27 21:56:55.728791789 +0200 CEST m=+10079.219963111,60.79050064086914
2023-06-27 21:56:55.728802291 +0200 CEST m=+10079.219973612,62.00544357299805
2023-06-27 21:56:55.728811967 +0200 CEST m=+10079.219983288,63.18803787231445
2023-06-27 21:56:55.728819725 +0200 CEST m=+10079.219991046,63.71881866455078
2023-06-27 21:56:55.728825974 +0200 CEST m=+10079.219997295,64.12958526611328
2023-06-27 21:56:55.728833321 +0200 CEST m=+10079.220004642,64.4837646484375
2023-06-27 21:56:55.728839768 +0200 CEST m=+10079.220011089,64.78005981445312
2023-06-27 21:56:55.728845779 +0200 CEST m=+10079.220017102,65.01744079589844
2023-06-27 21:56:55.728852699 +0200 CEST m=+10079.220024020,65.19508361816406
2023-06-27 21:56:55.728858843 +0200 CEST m=+10079.220030164,65.31240844726562
2023-06-27 21:56:55.728866642 +0200 CEST m=+10079.220037962,65.36909484863281
2023-06-27 21:56:55.728873471 +0200 CEST m=+10079.220044792,65.36502838134766
2023-06-27 21:56:55.728892434 +0200 CEST m=+10079.220063760,65.30036163330078
2023-06-27 21:56:55.729027964 +0200 CEST m=+10079.220199285,70.0358657836914
2023-06-27 21:56:55.729136502 +0200 CEST m=+10079.220307824,69.83555603027344
2023-06-27 21:56:55.744724091 +0200 CEST m=+10079.235895415,69.55638122558594
2023-06-27 21:56:55.744747523 +0200 CEST m=+10079.235918848,69.19925689697266
2023-06-27 21:56:55.744763806 +0200 CEST m=+10079.235935137,68.76542663574219
2023-06-27 21:56:55.744781583 +0200 CEST m=+10079.235952909,68.25643920898438
2023-06-27 21:56:55.744800173 +0200 CEST m=+10079.235971504,67.67412567138672
2023-06-27 21:56:55.744813367 +0200 CEST m=+10079.235984692,68.25932312011719
2023-06-27 21:56:55.744833018 +0200 CEST m=+10079.236004342,68.81642150878906
2023-06-27 21:56:55.744852037 +0200 CEST m=+10079.236023363,69.30037689208984
2023-06-27 21:56:55.744867289 +0200 CEST m=+10079.236038614,69.63346862792969
2023-06-27 21:56:55.744886145 +0200 CEST m=+10079.236057473,73.61439514160156
2023-06-27 21:56:55.744897815 +0200 CEST m=+10079.236069141,73.91244506835938
2023-06-27 21:56:55.744911217 +0200 CEST m=+10079.236082542,74.15087890625
2023-06-27 21:56:55.744927691 +0200 CEST m=+10079.236099024,74.32888793945312
2023-06-27 21:56:55.744941529 +0200 CEST m=+10079.236112858,74.44580078125
2023-06-27 21:56:55.745187784 +0200 CEST m=+10079.236359114,74.50111389160156
2023-06-27 21:56:55.745333353 +0200 CEST m=+10079.236504678,74.49447631835938
2023-06-27 21:56:55.760738124 +0200 CEST m=+10079.251909449,74.4256820678711
2023-06-27 21:56:55.760755556 +0200 CEST m=+10079.251926881,74.29469299316406
2023-06-27 21:56:55.760766371 +0200 CEST m=+10079.251937695,74.10163879394531
2023-06-27 21:56:55.760781275 +0200 CEST m=+10079.251952607,73.84678649902344
2023-06-27 21:56:55.760792359 +0200 CEST m=+10079.251963685,73.53057098388672
2023-06-27 21:56:55.76080309 +0200 CEST m=+10079.251974415,73.15359497070312
2023-06-27 21:56:55.760815059 +0200 CEST m=+10079.251986385,72.71659851074219
2023-06-27 21:56:55.760834366 +0200 CEST m=+10079.252005690,70.45152282714844
2023-06-27 21:56:55.760855121 +0200 CEST m=+10079.252026452,69.93346405029297
2023-06-27 21:56:55.760932696 +0200 CEST m=+10079.252104022,67.55989837646484
2023-06-27 21:56:55.760946757 +0200 CEST m=+10079.252118084,64.89363098144531
2023-06-27 21:56:55.760958047 +0200 CEST m=+10079.252129378,63.24995803833008
2023-06-27 21:56:55.760969607 +0200 CEST m=+10079.252140932,61.0738525390625
2023-06-27 21:56:55.760980236 +0200 CEST m=+10079.252151561,59.43364334106445
2023-06-27 21:56:55.761170823 +0200 CEST m=+10079.252342148,57.768035888671875
2023-06-27 21:56:55.761325897 +0200 CEST m=+10079.252497221,55.959999084472656
2023-06-27 21:56:55.776715388 +0200 CEST m=+10079.267886712,54.20571517944336
2023-06-27 21:56:55.776724999 +0200 CEST m=+10079.267896320,52.52962875366211
2023-06-27 21:56:55.77673419 +0200 CEST m=+10079.267905511,50.88971710205078
2023-06-27 21:56:55.776758863 +0200 CEST m=+10079.267930183,49.24700927734375
2023-06-27 21:56:55.776768399 +0200 CEST m=+10079.267939720,47.605655670166016
2023-06-27 21:56:55.776782755 +0200 CEST m=+10079.267954076,45.96979904174805
2023-06-27 21:56:55.776798055 +0200 CEST m=+10079.267969376,44.34357833862305
2023-06-27 21:56:55.776814535 +0200 CEST m=+10079.267985859,43.47871780395508
2023-06-27 21:56:55.776830831 +0200 CEST m=+10079.268002156,41.70071792602539
2023-06-27 21:56:55.776844738 +0200 CEST m=+10079.268016062,39.9578742980957
2023-06-27 21:56:55.776856574 +0200 CEST m=+10079.268027899,38.257015228271484
2023-06-27 21:56:55.776868411 +0200 CEST m=+10079.268039735,36.60478973388672
2023-06-27 21:56:55.776881252 +0200 CEST m=+10079.268052581,35.25518798828125
2023-06-27 21:56:55.776894823 +0200 CEST m=+10079.268066147,34.778076171875
2023-06-27 21:56:55.777000816 +0200 CEST m=+10079.268172145,34.36166000366211
2023-06-27 21:56:55.777164669 +0200 CEST m=+10079.268335993,34.007503509521484
2023-06-27 21:56:55.792708169 +0200 CEST m=+10079.283879493,33.7169189453125
2023-06-27 21:56:55.792725344 +0200 CEST m=+10079.283896672,33.490962982177734
2023-06-27 21:56:55.792749265 +0200 CEST m=+10079.283920594,33.330440521240234
2023-06-27 21:56:55.792763648 +0200 CEST m=+10079.283934977,33.23589324951172
2023-06-27 21:56:55.792785942 +0200 CEST m=+10079.283957268,33.20760726928711
2023-06-27 21:56:55.792799502 +0200 CEST m=+10079.283970826,33.245601654052734
2023-06-27 21:56:55.792810561 +0200 CEST m=+10079.283981884,33.34963607788086
2023-06-27 21:56:55.792821965 +0200 CEST m=+10079.283993291,33.51921081542969
2023-06-27 21:56:55.792836577 +0200 CEST m=+10079.284007901,33.75356674194336
2023-06-27 21:56:55.792849479 +0200 CEST m=+10079.284020804,34.05168914794922
2023-06-27 21:56:55.792864045 +0200 CEST m=+10079.284035369,34.33525466918945
2023-06-27 21:56:55.792872792 +0200 CEST m=+10079.284044116,34.6580696105957
2023-06-27 21:56:55.792884485 +0200 CEST m=+10079.284055811,35.0192756652832
2023-06-27 21:56:55.792970901 +0200 CEST m=+10079.284142236,35.417911529541016
2023-06-27 21:56:55.793151526 +0200 CEST m=+10079.284322851,35.25884246826172
2023-06-27 21:56:55.793341954 +0200 CEST m=+10079.284513284,34.892642974853516
2023-06-27 21:56:55.808718827 +0200 CEST m=+10079.299890148,34.564998626708984
2023-06-27 21:56:55.808725083 +0200 CEST m=+10079.299896403,34.27669143676758
2023-06-27 21:56:55.808783853 +0200 CEST m=+10079.299955174,34.028411865234375
2023-06-27 21:56:55.808802071 +0200 CEST m=+10079.299973393,33.820735931396484
2023-06-27 21:56:55.808818033 +0200 CEST m=+10079.299989355,33.65414810180664
2023-06-27 21:56:55.808826871 +0200 CEST m=+10079.299998192,33.52902603149414
2023-06-27 21:56:55.808837542 +0200 CEST m=+10079.300008863,33.44563293457031
2023-06-27 21:56:55.808848542 +0200 CEST m=+10079.300019862,33.40414047241211
2023-06-27 21:56:55.808866937 +0200 CEST m=+10079.300038257,33.404598236083984
2023-06-27 21:56:55.808876473 +0200 CEST m=+10079.300047794,33.44696807861328
2023-06-27 21:56:55.808887081 +0200 CEST m=+10079.300058402,33.53109359741211
2023-06-27 21:56:55.80889359 +0200 CEST m=+10079.300064911,33.65671157836914
2023-06-27 21:56:55.808902064 +0200 CEST m=+10079.300073385,33.82345962524414
2023-06-27 21:56:55.809064447 +0200 CEST m=+10079.300235770,34.030879974365234
2023-06-27 21:56:55.809210545 +0200 CEST m=+10079.300381866,34.27838897705078
2023-06-27 21:56:55.809380099 +0200 CEST m=+10079.300551431,34.565330505371094
2023-06-27 21:56:55.82474483 +0200 CEST m=+10079.315916153,34.890926361083984
2023-06-27 21:56:55.824760775 +0200 CEST m=+10079.315932104,35.25431442260742
2023-06-27 21:56:55.82477869 +0200 CEST m=+10079.315950018,35.654537200927734
2023-06-27 21:56:55.824793651 +0200 CEST m=+10079.315964978,36.81583786010742
2023-06-27 21:56:55.82480952 +0200 CEST m=+10079.315980854,38.11272430419922
2023-06-27 21:56:55.82482247 +0200 CEST m=+10079.315993794,39.43818283081055
2023-06-27 21:56:55.824837428 +0200 CEST m=+10079.316008752,40.78883361816406
2023-06-27 21:56:55.824849385 +0200 CEST m=+10079.316020708,42.16123962402344
2023-06-27 21:56:55.824862347 +0200 CEST m=+10079.316033671,43.551902770996094
2023-06-27 21:56:55.824874432 +0200 CEST m=+10079.316045759,44.957298278808594
2023-06-27 21:56:55.824886434 +0200 CEST m=+10079.316057757,46.37385177612305
2023-06-27 21:56:55.824900881 +0200 CEST m=+10079.316072207,48.1547737121582
2023-06-27 21:56:55.824914471 +0200 CEST m=+10079.316085796,49.94047546386719
2023-06-27 21:56:55.825047518 +0200 CEST m=+10079.316218851,51.723915100097656
2023-06-27 21:56:55.825227591 +0200 CEST m=+10079.316398918,53.498050689697266
2023-06-27 21:56:55.82537404 +0200 CEST m=+10079.316545363,55.25590133666992
2023-06-27 21:56:55.840708537 +0200 CEST m=+10079.331879875,56.99054718017578
2023-06-27 21:56:55.840818325 +0200 CEST m=+10079.331989651,58.69518280029297
2023-06-27 21:56:55.840829794 +0200 CEST m=+10079.332001127,60.363121032714844
2023-06-27 21:56:55.84084547 +0200 CEST m=+10079.332016795,61.987831115722656
2023-06-27 21:56:55.840859568 +0200 CEST m=+10079.332030894,63.562965393066406
2023-06-27 21:56:55.840873459 +0200 CEST m=+10079.332044784,64.4337158203125
2023-06-27 21:56:55.84089316 +0200 CEST m=+10079.332064486,64.87095642089844
2023-06-27 21:56:55.84090831 +0200 CEST m=+10079.332079636,65.2489242553711
2023-06-27 21:56:55.840923185 +0200 CEST m=+10079.332094511,65.56620025634766
2023-06-27 21:56:55.840940295 +0200 CEST m=+10079.332111621,65.82161712646484
2023-06-27 21:56:55.84095922 +0200 CEST m=+10079.332130551,66.59855651855469
2023-06-27 21:56:55.840975457 +0200 CEST m=+10079.332146784,66.7375717163086
2023-06-27 21:56:55.840993207 +0200 CEST m=+10079.332164534,66.81044006347656
2023-06-27 21:56:55.841009908 +0200 CEST m=+10079.332181236,66.8209457397461
2023-06-27 21:56:55.841180417 +0200 CEST m=+10079.332351752,66.7889633178711
2023-06-27 21:56:55.841404222 +0200 CEST m=+10079.332575548,66.71460723876953
2023-06-27 21:56:55.856695259 +0200 CEST m=+10079.347866601,66.59807586669922
2023-06-27 21:56:55.856724933 +0200 CEST m=+10079.347896269,66.43970489501953
2023-06-27 21:56:55.856749859 +0200 CEST m=+10079.347921198,66.23992156982422
2023-06-27 21:56:55.856775131 +0200 CEST m=+10079.347946470,65.99925231933594
2023-06-27 21:56:55.856799715 +0200 CEST m=+10079.347971054,65.71833801269531
2023-06-27 21:56:55.856825037 +0200 CEST m=+10079.347996379,65.39790344238281
2023-06-27 21:56:55.856848253 +0200 CEST m=+10079.348019582,65.03878784179688
2023-06-27 21:56:55.856858216 +0200 CEST m=+10079.348029544,64.64192962646484
2023-06-27 21:56:55.856869328 +0200 CEST m=+10079.348040657,70.2551040649414
2023-06-27 21:56:55.856879176 +0200 CEST m=+10079.348050505,70.80037689208984
2023-06-27 21:56:55.856892888 +0200 CEST m=+10079.348064217,71.29454803466797
2023-06-27 21:56:55.856902321 +0200 CEST m=+10079.348073650,71.73621368408203
2023-06-27 21:56:55.856912618 +0200 CEST m=+10079.348083946,72.12409210205078
2023-06-27 21:56:55.856971664 +0200 CEST m=+10079.348143005,72.4570541381836
2023-06-27 21:56:55.857199095 +0200 CEST m=+10079.348370424,72.73407745361328
2023-06-27 21:56:55.85737159 +0200 CEST m=+10079.348542919,72.95429992675781
2023-06-27 21:56:55.872853602 +0200 CEST m=+10079.364024923,73.11700439453125
2023-06-27 21:56:55.87286216 +0200 CEST m=+10079.364033482,73.22160339355469
2023-06-27 21:56:55.872870698 +0200 CEST m=+10079.364042019,73.26766967773438
2023-06-27 21:56:55.872879386 +0200 CEST m=+10079.364050707,73.25489807128906
2023-06-27 21:56:55.872888237 +0200 CEST m=+10079.364059557,73.18317413330078
2023-06-27 21:56:55.872894603 +0200 CEST m=+10079.364065924,73.052490234375
2023-06-27 21:56:55.872901183 +0200 CEST m=+10079.364072505,72.8630142211914
2023-06-27 21:56:55.872909644 +0200 CEST m=+10079.364080966,72.61505126953125
2023-06-27 21:56:55.8729182 +0200 CEST m=+10079.364089522,72.30907440185547
2023-06-27 21:56:55.87292559 +0200 CEST m=+10079.364096911,71.94568634033203
2023-06-27 21:56:55.872932883 +0200 CEST m=+10079.364104204,71.52564239501953
2023-06-27 21:56:55.872940241 +0200 CEST m=+10079.364111563,71.04984283447266
2023-06-27 21:56:55.872946504 +0200 CEST m=+10079.364117826,70.22991180419922
2023-06-27 21:56:55.873151834 +0200 CEST m=+10079.364323156,66.89946746826172
2023-06-27 21:56:55.873374546 +0200 CEST m=+10079.364545875,64.1968765258789
2023-06-27 21:56:55.873558272 +0200 CEST m=+10079.364729598,61.171627044677734
2023-06-27 21:56:55.888802927 +0200 CEST m=+10079.379974256,59.099449157714844
2023-06-27 21:56:55.888813018 +0200 CEST m=+10079.379984347,56.98872756958008
2023-06-27 21:56:55.888828044 +0200 CEST m=+10079.379999373,54.528228759765625
2023-06-27 21:56:55.888837605 +0200 CEST m=+10079.380008935,52.50666046142578
2023-06-27 21:56:55.888848005 +0200 CEST m=+10079.380019332,50.4747428894043
2023-06-27 21:56:55.888858852 +0200 CEST m=+10079.380030180,48.44049835205078
2023-06-27 21:56:55.888868136 +0200 CEST m=+10079.380039465,46.411949157714844
2023-06-27 21:56:55.888885761 +0200 CEST m=+10079.380057089,44.515716552734375
2023-06-27 21:56:55.888904159 +0200 CEST m=+10079.380075488,42.56599044799805
2023-06-27 21:56:55.888913665 +0200 CEST m=+10079.380084993,40.64582443237305
2023-06-27 21:56:55.888926505 +0200 CEST m=+10079.380097834,38.76279067993164
2023-06-27 21:56:55.888946962 +0200 CEST m=+10079.380118291,37.290164947509766
2023-06-27 21:56:55.888964564 +0200 CEST m=+10079.380135893,35.556819915771484
2023-06-27 21:56:55.88916232 +0200 CEST m=+10079.380333656,35.53833770751953
2023-06-27 21:56:55.889280086 +0200 CEST m=+10079.380451414,35.089324951171875
2023-06-27 21:56:55.889446051 +0200 CEST m=+10079.380617386,34.77301025390625
2023-06-27 21:56:55.904746243 +0200 CEST m=+10079.395917566,34.495628356933594
2023-06-27 21:56:55.904766108 +0200 CEST m=+10079.395937439,34.25782775878906
2023-06-27 21:56:55.904781325 +0200 CEST m=+10079.395952653,34.060142517089844
2023-06-27 21:56:55.904795533 +0200 CEST m=+10079.395966861,33.90301513671875
2023-06-27 21:56:55.904811618 +0200 CEST m=+10079.395982940,33.786781311035156
2023-06-27 21:56:55.904823142 +0200 CEST m=+10079.395994468,33.711666107177734
2023-06-27 21:56:55.904836253 +0200 CEST m=+10079.396007576,33.67780303955078
2023-06-27 21:56:55.904849074 +0200 CEST m=+10079.396020397,33.68520736694336
2023-06-27 21:56:55.904864817 +0200 CEST m=+10079.396036151,33.733802795410156
2023-06-27 21:56:55.904875029 +0200 CEST m=+10079.396046352,33.82339859008789
2023-06-27 21:56:55.9048825 +0200 CEST m=+10079.396053824,33.95370864868164
2023-06-27 21:56:55.904889469 +0200 CEST m=+10079.396060792,34.12434005737305
2023-06-27 21:56:55.904897894 +0200 CEST m=+10079.396069218,34.334800720214844
2023-06-27 21:56:55.905487776 +0200 CEST m=+10079.396659097,34.584495544433594
2023-06-27 21:56:55.905709585 +0200 CEST m=+10079.396880910,34.87273025512695
2023-06-27 21:56:55.905905548 +0200 CEST m=+10079.397076874,35.19872283935547
2023-06-27 21:56:55.920721857 +0200 CEST m=+10079.411893177,35.561588287353516
2023-06-27 21:56:55.920729013 +0200 CEST m=+10079.411900334,35.96035385131836
2023-06-27 21:56:55.920734882 +0200 CEST m=+10079.411906203,35.61487579345703
2023-06-27 21:56:55.920741249 +0200 CEST m=+10079.411912569,35.27239990234375
2023-06-27 21:56:55.920748647 +0200 CEST m=+10079.411919968,34.967647552490234
2023-06-27 21:56:55.920754192 +0200 CEST m=+10079.411925512,34.70132827758789
2023-06-27 21:56:55.920760514 +0200 CEST m=+10079.411931834,34.47406005859375
2023-06-27 21:56:55.920770188 +0200 CEST m=+10079.411941508,34.286354064941406
2023-06-27 21:56:55.920776453 +0200 CEST m=+10079.411947773,34.13862228393555
2023-06-27 21:56:55.920782629 +0200 CEST m=+10079.411953949,34.03117752075195
2023-06-27 21:56:55.920788342 +0200 CEST m=+10079.411959662,33.96422576904297
2023-06-27 21:56:55.920794093 +0200 CEST m=+10079.411965414,33.93787384033203
2023-06-27 21:56:55.920800204 +0200 CEST m=+10079.411971524,33.95212173461914
2023-06-27 21:56:55.920934885 +0200 CEST m=+10079.412106214,34.00687789916992
2023-06-27 21:56:55.920991482 +0200 CEST m=+10079.412162802,34.13196563720703
2023-06-27 21:56:55.921139077 +0200 CEST m=+10079.412310397,34.319400787353516
2023-06-27 21:56:55.936775315 +0200 CEST m=+10079.427946641,34.568321228027344
2023-06-27 21:56:55.936946715 +0200 CEST m=+10079.428118035,34.87762451171875
2023-06-27 21:56:55.936958876 +0200 CEST m=+10079.428130197,35.2459716796875
2023-06-27 21:56:55.93696694 +0200 CEST m=+10079.428138262,35.67179489135742
2023-06-27 21:56:55.93697308 +0200 CEST m=+10079.428144400,36.153297424316406
2023-06-27 21:56:55.936978932 +0200 CEST m=+10079.428150253,37.5880012512207
2023-06-27 21:56:55.936990093 +0200 CEST m=+10079.428161420,39.168731689453125
2023-06-27 21:56:55.937006239 +0200 CEST m=+10079.428177567,40.7890739440918
2023-06-27 21:56:55.937017648 +0200 CEST m=+10079.428188968,42.442543029785156
2023-06-27 21:56:55.937030004 +0200 CEST m=+10079.428201325,44.12255859375
2023-06-27 21:56:55.937038983 +0200 CEST m=+10079.428210304,45.82242965698242
2023-06-27 21:56:55.937048846 +0200 CEST m=+10079.428220168,47.5354118347168
2023-06-27 21:56:55.937061733 +0200 CEST m=+10079.428233064,49.25471496582031
2023-06-27 21:56:55.937199716 +0200 CEST m=+10079.428371046,50.973548889160156
2023-06-27 21:56:55.937424758 +0200 CEST m=+10079.428596081,52.685123443603516
2023-06-27 21:56:55.952685624 +0200 CEST m=+10079.443856955,54.3827018737793
2023-06-27 21:56:55.952700987 +0200 CEST m=+10079.443872317,56.05961227416992
2023-06-27 21:56:55.952716862 +0200 CEST m=+10079.443888195,57.3818359375
2023-06-27 21:56:55.952731837 +0200 CEST m=+10079.443903167,58.68330764770508
2023-06-27 21:56:55.952818935 +0200 CEST m=+10079.443990267,59.96077346801758
2023-06-27 21:56:55.95283807 +0200 CEST m=+10079.444009401,61.21104049682617
2023-06-27 21:56:55.952854229 +0200 CEST m=+10079.444025561,62.43099594116211
2023-06-27 21:56:55.952869302 +0200 CEST m=+10079.444040634,63.58478927612305
2023-06-27 21:56:55.952884389 +0200 CEST m=+10079.444055722,63.948604583740234
2023-06-27 21:56:55.952898823 +0200 CEST m=+10079.444070156,64.27661895751953
2023-06-27 21:56:55.952912691 +0200 CEST m=+10079.444084018,64.56804656982422
2023-06-27 21:56:55.952926134 +0200 CEST m=+10079.444097460,64.82221984863281
2023-06-27 21:56:55.95293979 +0200 CEST m=+10079.444111119,65.0385513305664
2023-06-27 21:56:55.952953846 +0200 CEST m=+10079.444125178,65.216552734375
2023-06-27 21:56:55.953116448 +0200 CEST m=+10079.444287771,65.35585021972656
2023-06-27 21:56:55.953335989 +0200 CEST m=+10079.444507318,65.45613861083984
2023-06-27 21:56:55.96876964 +0200 CEST m=+10079.459940963,65.5172348022461
2023-06-27 21:56:55.96877708 +0200 CEST m=+10079.459948402,65.5390396118164
2023-06-27 21:56:55.968789791 +0200 CEST m=+10079.459961114,65.52157592773438
2023-06-27 21:56:55.968806775 +0200 CEST m=+10079.459978108,65.46493530273438
2023-06-27 21:56:55.968817327 +0200 CEST m=+10079.459988649,71.1734619140625
2023-06-27 21:56:55.968828285 +0200 CEST m=+10079.459999607,71.02982330322266
2023-06-27 21:56:55.968838449 +0200 CEST m=+10079.460009771,70.83260345458984
2023-06-27 21:56:55.968860797 +0200 CEST m=+10079.460032118,70.58218383789062
2023-06-27 21:56:55.96886791 +0200 CEST m=+10079.460039232,70.27909088134766
2023-06-27 21:56:55.968874527 +0200 CEST m=+10079.460045848,69.9239501953125
2023-06-27 21:56:55.968881912 +0200 CEST m=+10079.460053233,69.5175552368164
2023-06-27 21:56:55.968891505 +0200 CEST m=+10079.460062827,69.0608139038086
2023-06-27 21:56:55.968899152 +0200 CEST m=+10079.460070474,68.78050994873047
2023-06-27 21:56:55.96907444 +0200 CEST m=+10079.460245767,69.31058502197266
2023-06-27 21:56:55.969391879 +0200 CEST m=+10079.460563206,69.7929916381836
2023-06-27 21:56:55.969601608 +0200 CEST m=+10079.460772930,70.22639465332031
2023-06-27 21:56:55.984719521 +0200 CEST m=+10079.475890846,70.60958099365234
2023-06-27 21:56:55.984731465 +0200 CEST m=+10079.475902790,73.22649383544922
2023-06-27 21:56:55.984739392 +0200 CEST m=+10079.475910717,73.62015533447266
2023-06-27 21:56:55.984756454 +0200 CEST m=+10079.475927778,73.92182922363281
2023-06-27 21:56:55.984771218 +0200 CEST m=+10079.475942543,73.37844848632812
2023-06-27 21:56:55.984786528 +0200 CEST m=+10079.475957853,73.4626693725586
2023-06-27 21:56:55.984794219 +0200 CEST m=+10079.475965544,73.47528076171875
2023-06-27 21:56:55.984803889 +0200 CEST m=+10079.475975215,73.39495849609375
2023-06-27 21:56:55.984811752 +0200 CEST m=+10079.475983076,73.22167205810547
2023-06-27 21:56:55.984819688 +0200 CEST m=+10079.475991012,72.9557876586914
2023-06-27 21:56:55.984831058 +0200 CEST m=+10079.476002383,72.59799194335938
2023-06-27 21:56:55.98483987 +0200 CEST m=+10079.476011195,72.14937591552734
2023-06-27 21:56:55.984847835 +0200 CEST m=+10079.476019160,71.61138916015625
2023-06-27 21:56:55.984960944 +0200 CEST m=+10079.476132270,70.98583984375
2023-06-27 21:56:55.985178247 +0200 CEST m=+10079.476349577,69.52555084228516
2023-06-27 21:56:55.985339015 +0200 CEST m=+10079.476510339,65.82086944580078
2023-06-27 21:56:56.000676572 +0200 CEST m=+10079.491847901,63.549198150634766
2023-06-27 21:56:56.000730046 +0200 CEST m=+10079.491901367,60.3079719543457
2023-06-27 21:56:56.000757156 +0200 CEST m=+10079.491928482,58.22696304321289
2023-06-27 21:56:56.000774265 +0200 CEST m=+10079.491945595,55.74939727783203
2023-06-27 21:56:56.000789741 +0200 CEST m=+10079.491961062,54.13698959350586
2023-06-27 21:56:56.000799456 +0200 CEST m=+10079.491970777,52.51385498046875
2023-06-27 21:56:56.000806832 +0200 CEST m=+10079.491978152,50.884098052978516
2023-06-27 21:56:56.000814073 +0200 CEST m=+10079.491985394,49.251827239990234
2023-06-27 21:56:56.000820377 +0200 CEST m=+10079.491991697,47.62117385864258
2023-06-27 21:56:56.00082654 +0200 CEST m=+10079.491997861,45.996253967285156
2023-06-27 21:56:56.00083302 +0200 CEST m=+10079.492004342,44.38117599487305
2023-06-27 21:56:56.000839761 +0200 CEST m=+10079.492011083,42.87105178833008
2023-06-27 21:56:56.000846039 +0200 CEST m=+10079.492017361,41.30852127075195
2023-06-27 21:56:56.000920561 +0200 CEST m=+10079.492091883,39.86135482788086
2023-06-27 21:56:56.001017803 +0200 CEST m=+10079.492189125,38.763275146484375
2023-06-27 21:56:56.001164922 +0200 CEST m=+10079.492336265,37.54262161254883
2023-06-27 21:56:56.016731537 +0200 CEST m=+10079.507902882,36.18135070800781
2023-06-27 21:56:56.016769986 +0200 CEST m=+10079.507941328,34.89252471923828
2023-06-27 21:56:56.016806938 +0200 CEST m=+10079.507978281,34.48151779174805
2023-06-27 21:56:56.016853132 +0200 CEST m=+10079.508024482,34.110023498535156
2023-06-27 21:56:56.01689214 +0200 CEST m=+10079.508063489,33.77894592285156
2023-06-27 21:56:56.016922425 +0200 CEST m=+10079.508093774,33.48908996582031
2023-06-27 21:56:56.016950797 +0200 CEST m=+10079.508122148,33.93373107910156
2023-06-27 21:56:56.016976509 +0200 CEST m=+10079.508147867,33.741539001464844
2023-06-27 21:56:56.017002853 +0200 CEST m=+10079.508174198,33.590667724609375
2023-06-27 21:56:56.017033866 +0200 CEST m=+10079.508205215,33.48143768310547
2023-06-27 21:56:56.017070922 +0200 CEST m=+10079.508242279,33.4140739440918
2023-06-27 21:56:56.017103818 +0200 CEST m=+10079.508275166,33.38868713378906
2023-06-27 21:56:56.017138754 +0200 CEST m=+10079.508310098,33.40528106689453
2023-06-27 21:56:56.017171263 +0200 CEST m=+10079.508342605,33.46376037597656
2023-06-27 21:56:56.017438248 +0200 CEST m=+10079.508609899,33.56391906738281
2023-06-27 21:56:56.017929452 +0200 CEST m=+10079.509100789,33.7054443359375
2023-06-27 21:56:56.03274828 +0200 CEST m=+10079.523919614,33.8879280090332
2023-06-27 21:56:56.032768352 +0200 CEST m=+10079.523939685,34.110843658447266
2023-06-27 21:56:56.03277945 +0200 CEST m=+10079.523950784,34.37358474731445
2023-06-27 21:56:56.032875939 +0200 CEST m=+10079.524047272,34.67542266845703
2023-06-27 21:56:56.032907659 +0200 CEST m=+10079.524079004,35.10645294189453
2023-06-27 21:56:56.03293122 +0200 CEST m=+10079.524102560,35.59549331665039
2023-06-27 21:56:56.032953088 +0200 CEST m=+10079.524124429,35.346920013427734
2023-06-27 21:56:56.032983225 +0200 CEST m=+10079.524154565,34.91516876220703
2023-06-27 21:56:56.033005244 +0200 CEST m=+10079.524176583,34.54366683959961
2023-06-27 21:56:56.03303073 +0200 CEST m=+10079.524202069,34.23377227783203
2023-06-27 21:56:56.03305793 +0200 CEST m=+10079.524229271,33.98660659790039
2023-06-27 21:56:56.033083162 +0200 CEST m=+10079.524254504,33.803035736083984
2023-06-27 21:56:56.033106669 +0200 CEST m=+10079.524278008,33.68367004394531
2023-06-27 21:56:56.033129518 +0200 CEST m=+10079.524300859,33.62887191772461
2023-06-27 21:56:56.033544303 +0200 CEST m=+10079.524715654,33.63874816894531
2023-06-27 21:56:56.033849571 +0200 CEST m=+10079.525020910,33.7131462097168
2023-06-27 21:56:56.048699283 +0200 CEST m=+10079.539870619,33.851661682128906
2023-06-27 21:56:56.048724206 +0200 CEST m=+10079.539895541,34.05363464355469
2023-06-27 21:56:56.048748189 +0200 CEST m=+10079.539919528,34.31816101074219
2023-06-27 21:56:56.04877304 +0200 CEST m=+10079.539944379,34.64408493041992
2023-06-27 21:56:56.04879304 +0200 CEST m=+10079.539964375,35.03001403808594
2023-06-27 21:56:56.048813747 +0200 CEST m=+10079.539985082,35.47432327270508
2023-06-27 21:56:56.0488334 +0200 CEST m=+10079.540004735,36.0772819519043
2023-06-27 21:56:56.048852892 +0200 CEST m=+10079.540024227,37.3331298828125
2023-06-27 21:56:56.048871983 +0200 CEST m=+10079.540043321,38.61921310424805
2023-06-27 21:56:56.048893759 +0200 CEST m=+10079.540065095,39.93223571777344
2023-06-27 21:56:56.048912043 +0200 CEST m=+10079.540083378,41.26884841918945
2023-06-27 21:56:56.048933406 +0200 CEST m=+10079.540104741,42.62563705444336
2023-06-27 21:56:56.048951797 +0200 CEST m=+10079.540123132,43.9991455078125
2023-06-27 21:56:56.049053826 +0200 CEST m=+10079.540225161,45.38588333129883
2023-06-27 21:56:56.049300871 +0200 CEST m=+10079.540472200,46.78232955932617
2023-06-27 21:56:56.049516712 +0200 CEST m=+10079.540688048,48.184940338134766
2023-06-27 21:56:56.064709738 +0200 CEST m=+10079.555881062,49.59016418457031
2023-06-27 21:56:56.064720184 +0200 CEST m=+10079.555891508,50.99444580078125
2023-06-27 21:56:56.064762673 +0200 CEST m=+10079.555933996,52.39424133300781
2023-06-27 21:56:56.064770783 +0200 CEST m=+10079.555942106,53.78601837158203
2023-06-27 21:56:56.064780553 +0200 CEST m=+10079.555951875,55.16627502441406
2023-06-27 21:56:56.064788517 +0200 CEST m=+10079.555959840,56.53153991699219
2023-06-27 21:56:56.064797501 +0200 CEST m=+10079.555968823,57.87838363647461
2023-06-27 21:56:56.064805239 +0200 CEST m=+10079.555976562,59.20343017578125
2023-06-27 21:56:56.064813113 +0200 CEST m=+10079.555984435,60.50336456298828
2023-06-27 21:56:56.064821271 +0200 CEST m=+10079.555992593,61.77493667602539
2023-06-27 21:56:56.064828865 +0200 CEST m=+10079.556000187,63.01497268676758
2023-06-27 21:56:56.064836026 +0200 CEST m=+10079.556007349,63.985599517822266
2023-06-27 21:56:56.064843743 +0200 CEST m=+10079.556015066,64.34983825683594
2023-06-27 21:56:56.064925662 +0200 CEST m=+10079.556096989,64.67731475830078
2023-06-27 21:56:56.065134139 +0200 CEST m=+10079.556305468,64.96726989746094
2023-06-27 21:56:56.065363076 +0200 CEST m=+10079.556534409,65.21900939941406
2023-06-27 21:56:56.080719395 +0200 CEST m=+10079.571890725,65.43196868896484
2023-06-27 21:56:56.080737656 +0200 CEST m=+10079.571908983,65.60564422607422
2023-06-27 21:56:56.080755394 +0200 CEST m=+10079.571926720,65.73966979980469
2023-06-27 21:56:56.080771106 +0200 CEST m=+10079.571942433,65.83375549316406
2023-06-27 21:56:56.080807165 +0200 CEST m=+10079.571978491,65.88772583007812
2023-06-27 21:56:56.080823416 +0200 CEST m=+10079.571994742,65.9014892578125
2023-06-27 21:56:56.080839728 +0200 CEST m=+10079.572011052,65.86222076416016
2023-06-27 21:56:56.080855228 +0200 CEST m=+10079.572026557,65.76044464111328
2023-06-27 21:56:56.080872998 +0200 CEST m=+10079.572044327,65.5966796875
2023-06-27 21:56:56.080885022 +0200 CEST m=+10079.572056351,65.37168884277344
2023-06-27 21:56:56.080896601 +0200 CEST m=+10079.572067927,65.08646392822266
2023-06-27 21:56:56.080908256 +0200 CEST m=+10079.572079582,64.74224090576172
2023-06-27 21:56:56.080926268 +0200 CEST m=+10079.572097600,70.33311462402344
2023-06-27 21:56:56.080946908 +0200 CEST m=+10079.572118237,69.73562622070312
2023-06-27 21:56:56.081028839 +0200 CEST m=+10079.572200163,69.85826873779297
2023-06-27 21:56:56.081128783 +0200 CEST m=+10079.572300104,70.51581573486328
2023-06-27 21:56:56.096719934 +0200 CEST m=+10079.587891263,71.09437561035156
2023-06-27 21:56:56.096765642 +0200 CEST m=+10079.587936970,71.59138488769531
2023-06-27 21:56:56.096785195 +0200 CEST m=+10079.587956519,72.00460815429688
2023-06-27 21:56:56.096794415 +0200 CEST m=+10079.587965738,72.33210754394531
2023-06-27 21:56:56.096803461 +0200 CEST m=+10079.587974784,72.57231140136719
2023-06-27 21:56:56.096810579 +0200 CEST m=+10079.587981902,72.72396087646484
2023-06-27 21:56:56.09681836 +0200 CEST m=+10079.587989683,72.7861557006836
2023-06-27 21:56:56.096829146 +0200 CEST m=+10079.588000469,72.75836181640625
2023-06-27 21:56:56.096837066 +0200 CEST m=+10079.588008388,72.640380859375
2023-06-27 21:56:56.096844533 +0200 CEST m=+10079.588015857,72.48115539550781
2023-06-27 21:56:56.096852082 +0200 CEST m=+10079.588023406,72.26455688476562
2023-06-27 21:56:56.096858967 +0200 CEST m=+10079.588030290,71.99098205566406
2023-06-27 21:56:56.096866348 +0200 CEST m=+10079.588037672,71.66097259521484
2023-06-27 21:56:56.096954397 +0200 CEST m=+10079.588125725,71.27522277832031
2023-06-27 21:56:56.097086676 +0200 CEST m=+10079.588257998,70.83454895019531
2023-06-27 21:56:56.097278701 +0200 CEST m=+10079.588450023,70.33992767333984
2023-06-27 21:56:56.112703838 +0200 CEST m=+10079.603875162,69.35689544677734
2023-06-27 21:56:56.112711213 +0200 CEST m=+10079.603882536,67.59535217285156
2023-06-27 21:56:56.112719704 +0200 CEST m=+10079.603891027,65.0540771484375
2023-06-27 21:56:56.112730234 +0200 CEST m=+10079.603901557,62.630210876464844
2023-06-27 21:56:56.112737529 +0200 CEST m=+10079.603908853,60.83229446411133
2023-06-27 21:56:56.112745082 +0200 CEST m=+10079.603916405,58.80425262451172
2023-06-27 21:56:56.112752911 +0200 CEST m=+10079.603924234,57.08922576904297
2023-06-27 21:56:56.112760894 +0200 CEST m=+10079.603932218,55.292938232421875
2023-06-27 21:56:56.112768292 +0200 CEST m=+10079.603939616,53.48986053466797
2023-06-27 21:56:56.112790177 +0200 CEST m=+10079.603961501,51.73182678222656
2023-06-27 21:56:56.112806843 +0200 CEST m=+10079.603978172,50.06932067871094
2023-06-27 21:56:56.112822785 +0200 CEST m=+10079.603994114,48.48824691772461
2023-06-27 21:56:56.112837109 +0200 CEST m=+10079.604008438,46.91493225097656
2023-06-27 21:56:56.11298504 +0200 CEST m=+10079.604156369,45.349788665771484
2023-06-27 21:56:56.113174986 +0200 CEST m=+10079.604346308,43.7967643737793
2023-06-27 21:56:56.113356239 +0200 CEST m=+10079.604527562,42.25978469848633
2023-06-27 21:56:56.128760311 +0200 CEST m=+10079.619931635,40.74272537231445
2023-06-27 21:56:56.12877654 +0200 CEST m=+10079.619947865,39.249412536621094
2023-06-27 21:56:56.128790184 +0200 CEST m=+10079.619961505,37.78361129760742
2023-06-27 21:56:56.128801004 +0200 CEST m=+10079.619972324,36.75041961669922
2023-06-27 21:56:56.128812485 +0200 CEST m=+10079.619983807,35.394683837890625
2023-06-27 21:56:56.128827376 +0200 CEST m=+10079.619998698,34.55487823486328
2023-06-27 21:56:56.128843853 +0200 CEST m=+10079.620015174,34.15911102294922
2023-06-27 21:56:56.128869712 +0200 CEST m=+10079.620041032,33.84257507324219
2023-06-27 21:56:56.128884051 +0200 CEST m=+10079.620055373,33.52922058105469
2023-06-27 21:56:56.128895455 +0200 CEST m=+10079.620066777,33.196388244628906
2023-06-27 21:56:56.128907089 +0200 CEST m=+10079.620078410,32.93013381958008
2023-06-27 21:56:56.128918042 +0200 CEST m=+10079.620089362,32.7314453125
2023-06-27 21:56:56.128928953 +0200 CEST m=+10079.620100277,32.60104751586914
2023-06-27 21:56:56.128941127 +0200 CEST m=+10079.620112449,32.539405822753906
2023-06-27 21:56:56.129066062 +0200 CEST m=+10079.620237385,32.54669952392578
2023-06-27 21:56:56.129192058 +0200 CEST m=+10079.620363378,32.62284469604492
2023-06-27 21:56:56.144724062 +0200 CEST m=+10079.635895408,32.767486572265625
2023-06-27 21:56:56.144764869 +0200 CEST m=+10079.635936209,32.9799919128418
2023-06-27 21:56:56.144802249 +0200 CEST m=+10079.635973594,33.259464263916016
2023-06-27 21:56:56.144834739 +0200 CEST m=+10079.636006083,33.60475158691406
2023-06-27 21:56:56.144863276 +0200 CEST m=+10079.636034622,34.01443099975586
2023-06-27 21:56:56.144887977 +0200 CEST m=+10079.636059316,34.48683547973633
2023-06-27 21:56:56.144909954 +0200 CEST m=+10079.636081293,34.83780288696289
2023-06-27 21:56:56.144940205 +0200 CEST m=+10079.636111544,34.33784484863281
2023-06-27 21:56:56.144962868 +0200 CEST m=+10079.636134205,33.90009689331055
2023-06-27 21:56:56.144983885 +0200 CEST m=+10079.636155224,33.5262336730957
2023-06-27 21:56:56.145009576 +0200 CEST m=+10079.636180917,33.21767807006836
2023-06-27 21:56:56.145032554 +0200 CEST m=+10079.636203892,33.01864242553711
2023-06-27 21:56:56.145053603 +0200 CEST m=+10079.636224942,32.86262893676758
2023-06-27 21:56:56.145099841 +0200 CEST m=+10079.636271181,32.749996185302734
2023-06-27 21:56:56.145457502 +0200 CEST m=+10079.636628832,32.681007385253906
2023-06-27 21:56:56.145671004 +0200 CEST m=+10079.636842337,32.65580368041992
2023-06-27 21:56:56.160718435 +0200 CEST m=+10079.651889760,32.67441940307617
2023-06-27 21:56:56.160727384 +0200 CEST m=+10079.651898708,32.73677444458008
2023-06-27 21:56:56.160735756 +0200 CEST m=+10079.651907081,32.84268569946289
2023-06-27 21:56:56.160743491 +0200 CEST m=+10079.651914814,32.991859436035156
2023-06-27 21:56:56.160751027 +0200 CEST m=+10079.651922352,33.18388366699219
2023-06-27 21:56:56.160759336 +0200 CEST m=+10079.651930660,33.418243408203125
2023-06-27 21:56:56.160766952 +0200 CEST m=+10079.651938276,33.69432830810547
2023-06-27 21:56:56.160775119 +0200 CEST m=+10079.651946443,34.01140213012695
2023-06-27 21:56:56.160783812 +0200 CEST m=+10079.651955137,34.3686408996582
2023-06-27 21:56:56.160791449 +0200 CEST m=+10079.651962773,34.765113830566406
2023-06-27 21:56:56.160800799 +0200 CEST m=+10079.651972123,35.525516510009766
2023-06-27 21:56:56.160809339 +0200 CEST m=+10079.651980663,36.86458206176758
2023-06-27 21:56:56.160817354 +0200 CEST m=+10079.651988679,38.23591613769531
2023-06-27 21:56:56.161068244 +0200 CEST m=+10079.652239582,39.63603210449219
2023-06-27 21:56:56.161340455 +0200 CEST m=+10079.652511785,41.06137466430664
2023-06-27 21:56:56.176717605 +0200 CEST m=+10079.667888927,42.50832748413086
2023-06-27 21:56:56.176728528 +0200 CEST m=+10079.667899849,43.97322082519531
2023-06-27 21:56:56.176734587 +0200 CEST m=+10079.667905908,45.45234680175781
2023-06-27 21:56:56.176837548 +0200 CEST m=+10079.668008868,46.941951751708984
2023-06-27 21:56:56.176844319 +0200 CEST m=+10079.668015640,48.43827438354492
2023-06-27 21:56:56.17685174 +0200 CEST m=+10079.668023060,49.937522888183594
2023-06-27 21:56:56.17685985 +0200 CEST m=+10079.668031171,51.435916900634766
2023-06-27 21:56:56.176866193 +0200 CEST m=+10079.668037514,52.929664611816406
2023-06-27 21:56:56.176872101 +0200 CEST m=+10079.668043422,54.41500473022461
2023-06-27 21:56:56.176878694 +0200 CEST m=+10079.668050015,55.888187408447266
2023-06-27 21:56:56.176885016 +0200 CEST m=+10079.668056337,57.345497131347656
2023-06-27 21:56:56.176892515 +0200 CEST m=+10079.668063836,59.13923263549805
2023-06-27 21:56:56.176900126 +0200 CEST m=+10079.668071446,60.8953857421875
2023-06-27 21:56:56.176910621 +0200 CEST m=+10079.668081942,62.6070671081543
2023-06-27 21:56:56.177150858 +0200 CEST m=+10079.668322185,64.2675552368164
2023-06-27 21:56:56.177260879 +0200 CEST m=+10079.668432208,65.18778991699219
2023-06-27 21:56:56.192728149 +0200 CEST m=+10079.683899483,65.65225982666016
2023-06-27 21:56:56.192772791 +0200 CEST m=+10079.683944111,66.05458068847656
2023-06-27 21:56:56.192782436 +0200 CEST m=+10079.683953756,66.39322662353516
2023-06-27 21:56:56.192788924 +0200 CEST m=+10079.683960245,66.66690826416016
2023-06-27 21:56:56.192795313 +0200 CEST m=+10079.683966633,66.87459564208984
2023-06-27 21:56:56.192800956 +0200 CEST m=+10079.683972276,67.01554107666016
2023-06-27 21:56:56.192806682 +0200 CEST m=+10079.683978002,67.08922576904297
2023-06-27 21:56:56.192813059 +0200 CEST m=+10079.683984380,67.0954360961914
2023-06-27 21:56:56.19281873 +0200 CEST m=+10079.683990051,67.03419494628906
2023-06-27 21:56:56.192824917 +0200 CEST m=+10079.683996237,66.90579986572266
2023-06-27 21:56:56.192831721 +0200 CEST m=+10079.684003041,66.7108154296875
2023-06-27 21:56:56.192838332 +0200 CEST m=+10079.684009653,69.83525085449219
2023-06-27 21:56:56.192844596 +0200 CEST m=+10079.684015916,69.47064971923828
2023-06-27 21:56:56.192880238 +0200 CEST m=+10079.684051563,69.02836608886719
2023-06-27 21:56:56.193053281 +0200 CEST m=+10079.684224601,68.61965942382812
2023-06-27 21:56:56.193247187 +0200 CEST m=+10079.684418514,68.1632080078125
2023-06-27 21:56:56.208687606 +0200 CEST m=+10079.699858945,68.13629913330078
2023-06-27 21:56:56.208756923 +0200 CEST m=+10079.699928261,68.626708984375
2023-06-27 21:56:56.208780224 +0200 CEST m=+10079.699951564,69.07079315185547
2023-06-27 21:56:56.208817704 +0200 CEST m=+10079.699989035,69.46733856201172
2023-06-27 21:56:56.208831062 +0200 CEST m=+10079.700002392,69.8152847290039
2023-06-27 21:56:56.208842479 +0200 CEST m=+10079.700013811,70.11365509033203
2023-06-27 21:56:56.208854524 +0200 CEST m=+10079.700025854,70.36162567138672
2023-06-27 21:56:56.208871281 +0200 CEST m=+10079.700042613,70.5584945678711
2023-06-27 21:56:56.208882061 +0200 CEST m=+10079.700053391,70.70367431640625
2023-06-27 21:56:56.208902645 +0200 CEST m=+10079.700073977,70.79671478271484
2023-06-27 21:56:56.208924603 +0200 CEST m=+10079.700095934,70.8373031616211
2023-06-27 21:56:56.208945085 +0200 CEST m=+10079.700116417,70.82524871826172
2023-06-27 21:56:56.208964654 +0200 CEST m=+10079.700135987,70.76050567626953
2023-06-27 21:56:56.208999029 +0200 CEST m=+10079.700170366,70.64315032958984
2023-06-27 21:56:56.2093101 +0200 CEST m=+10079.700481437,70.473388671875
2023-06-27 21:56:56.209594945 +0200 CEST m=+10079.700766283,70.2515869140625
2023-06-27 21:56:56.224824679 +0200 CEST m=+10079.715996007,69.97820281982422
2023-06-27 21:56:56.224841725 +0200 CEST m=+10079.716013054,69.65386199951172
2023-06-27 21:56:56.22485687 +0200 CEST m=+10079.716028196,69.279296875
2023-06-27 21:56:56.22487185 +0200 CEST m=+10079.716043178,68.85537719726562
2023-06-27 21:56:56.224888981 +0200 CEST m=+10079.716060307,68.38311004638672
2023-06-27 21:56:56.224904501 +0200 CEST m=+10079.716075829,67.20338439941406
2023-06-27 21:56:56.224922992 +0200 CEST m=+10079.716094318,65.58181762695312
2023-06-27 21:56:56.224939505 +0200 CEST m=+10079.716110832,63.91829299926758
2023-06-27 21:56:56.224954692 +0200 CEST m=+10079.716126018,62.21696090698242
2023-06-27 21:56:56.225035786 +0200 CEST m=+10079.716207114,60.4820671081543
2023-06-27 21:56:56.225052513 +0200 CEST m=+10079.716223839,58.71794509887695
2023-06-27 21:56:56.225069178 +0200 CEST m=+10079.716240505,56.6950798034668
2023-06-27 21:56:56.225295426 +0200 CEST m=+10079.716466752,54.94594955444336
2023-06-27 21:56:56.225322302 +0200 CEST m=+10079.716493632,53.03409194946289
2023-06-27 21:56:56.225843082 +0200 CEST m=+10079.717014409,50.918758392333984
2023-06-27 21:56:56.226356413 +0200 CEST m=+10079.717527740,48.79819869995117
2023-06-27 21:56:56.24075919 +0200 CEST m=+10079.731930511,46.68077850341797
2023-06-27 21:56:56.240766756 +0200 CEST m=+10079.731938078,44.599544525146484
2023-06-27 21:56:56.240774089 +0200 CEST m=+10079.731945412,43.19139099121094
2023-06-27 21:56:56.240781071 +0200 CEST m=+10079.731952393,41.33266067504883
2023-06-27 21:56:56.240787386 +0200 CEST m=+10079.731958708,39.50962829589844
2023-06-27 21:56:56.240793494 +0200 CEST m=+10079.731964815,37.729454040527344
2023-06-27 21:56:56.240800787 +0200 CEST m=+10079.731972109,35.999122619628906
2023-06-27 21:56:56.240808763 +0200 CEST m=+10079.731980084,34.584228515625
2023-06-27 21:56:56.240816014 +0200 CEST m=+10079.731987337,34.080989837646484
2023-06-27 21:56:56.240826762 +0200 CEST m=+10079.731998083,33.640960693359375
2023-06-27 21:56:56.240833113 +0200 CEST m=+10079.732004435,33.265830993652344
2023-06-27 21:56:56.240839917 +0200 CEST m=+10079.732011239,32.95702362060547
2023-06-27 21:56:56.240846206 +0200 CEST m=+10079.732017527,33.73345947265625
2023-06-27 21:56:56.241022723 +0200 CEST m=+10079.732194046,33.57929611206055
2023-06-27 21:56:56.241226914 +0200 CEST m=+10079.732398238,33.49019241333008
2023-06-27 21:56:56.241386416 +0200 CEST m=+10079.732557737,33.46637725830078
2023-06-27 21:56:56.256710689 +0200 CEST m=+10079.747882010,33.5078239440918
2023-06-27 21:56:56.256718038 +0200 CEST m=+10079.747889358,33.58778762817383
2023-06-27 21:56:56.256725096 +0200 CEST m=+10079.747896415,33.70907974243164
2023-06-27 21:56:56.256730968 +0200 CEST m=+10079.747902288,33.87133026123047
2023-06-27 21:56:56.256736677 +0200 CEST m=+10079.747907998,34.07406997680664
2023-06-27 21:56:56.256743683 +0200 CEST m=+10079.747915002,34.31672286987305
2023-06-27 21:56:56.256750356 +0200 CEST m=+10079.747921676,34.5986213684082
2023-06-27 21:56:56.256757531 +0200 CEST m=+10079.747928852,34.91898727416992
2023-06-27 21:56:56.256774362 +0200 CEST m=+10079.747945682,35.27696228027344
2023-06-27 21:56:56.25678013 +0200 CEST m=+10079.747951450,35.67158126831055
2023-06-27 21:56:56.256786234 +0200 CEST m=+10079.747957555,35.51815414428711
2023-06-27 21:56:56.256793011 +0200 CEST m=+10079.747964330,35.161346435546875
2023-06-27 21:56:56.25679886 +0200 CEST m=+10079.747970181,34.84254455566406
2023-06-27 21:56:56.256845816 +0200 CEST m=+10079.748017137,34.5625
2023-06-27 21:56:56.256994527 +0200 CEST m=+10079.748165847,34.32185745239258
2023-06-27 21:56:56.257202186 +0200 CEST m=+10079.748373516,34.12117004394531
2023-06-27 21:56:56.272743993 +0200 CEST m=+10079.763915322,33.96088790893555
2023-06-27 21:56:56.272772647 +0200 CEST m=+10079.763943983,33.841346740722656
2023-06-27 21:56:56.272797966 +0200 CEST m=+10079.763969295,33.76279067993164
2023-06-27 21:56:56.272817867 +0200 CEST m=+10079.763989195,33.72536087036133
2023-06-27 21:56:56.272828136 +0200 CEST m=+10079.763999465,33.72908401489258
2023-06-27 21:56:56.272838769 +0200 CEST m=+10079.764010097,33.77389144897461
2023-06-27 21:56:56.272848927 +0200 CEST m=+10079.764020256,33.8596076965332
2023-06-27 21:56:56.272860227 +0200 CEST m=+10079.764031555,33.9859504699707
2023-06-27 21:56:56.272870932 +0200 CEST m=+10079.764042261,34.15254592895508
2023-06-27 21:56:56.272880393 +0200 CEST m=+10079.764051722,34.358909606933594
2023-06-27 21:56:56.272891034 +0200 CEST m=+10079.764062363,34.60445785522461
2023-06-27 21:56:56.272900211 +0200 CEST m=+10079.764071539,34.888511657714844
2023-06-27 21:56:56.272910261 +0200 CEST m=+10079.764081589,35.210296630859375
2023-06-27 21:56:56.273024039 +0200 CEST m=+10079.764195374,35.568939208984375
2023-06-27 21:56:56.273323696 +0200 CEST m=+10079.764495031,35.96348190307617
2023-06-27 21:56:56.273588447 +0200 CEST m=+10079.764759795,37.1024055480957
2023-06-27 21:56:56.288708968 +0200 CEST m=+10079.779880302,38.69565963745117
2023-06-27 21:56:56.28872949 +0200 CEST m=+10079.779900820,40.33047103881836
2023-06-27 21:56:56.2887487 +0200 CEST m=+10079.779920029,42.000308990478516
2023-06-27 21:56:56.288772416 +0200 CEST m=+10079.779943747,43.69851303100586
2023-06-27 21:56:56.288792686 +0200 CEST m=+10079.779964017,45.418331146240234
2023-06-27 21:56:56.288817317 +0200 CEST m=+10079.779988651,47.152931213378906
2023-06-27 21:56:56.288836883 +0200 CEST m=+10079.780008213,48.89544677734375
2023-06-27 21:56:56.288857483 +0200 CEST m=+10079.780028815,50.63897705078125
2023-06-27 21:56:56.288877433 +0200 CEST m=+10079.780048765,52.376644134521484
2023-06-27 21:56:56.288897327 +0200 CEST m=+10079.780068657,54.10160446166992
2023-06-27 21:56:56.288916513 +0200 CEST m=+10079.780087842,55.80706787109375
2023-06-27 21:56:56.288942217 +0200 CEST m=+10079.780113546,57.48634338378906
2023-06-27 21:56:56.288964534 +0200 CEST m=+10079.780135867,59.13285827636719
2023-06-27 21:56:56.289017907 +0200 CEST m=+10079.780189254,60.740177154541016
2023-06-27 21:56:56.289339146 +0200 CEST m=+10079.780510483,62.302024841308594
2023-06-27 21:56:56.289626762 +0200 CEST m=+10079.780798091,63.779052734375
2023-06-27 21:56:56.304742601 +0200 CEST m=+10079.795913930,64.23518371582031
2023-06-27 21:56:56.304760511 +0200 CEST m=+10079.795931834,64.63428497314453
2023-06-27 21:56:56.30477529 +0200 CEST m=+10079.795946614,64.97489166259766
2023-06-27 21:56:56.304804375 +0200 CEST m=+10079.795975703,65.20442199707031
2023-06-27 21:56:56.304822222 +0200 CEST m=+10079.795993544,65.39519500732422
2023-06-27 21:56:56.304832442 +0200 CEST m=+10079.796003765,65.54679107666016
2023-06-27 21:56:56.304850478 +0200 CEST m=+10079.796021806,65.65889739990234
2023-06-27 21:56:56.304872795 +0200 CEST m=+10079.796044124,65.73128509521484
2023-06-27 21:56:56.304894623 +0200 CEST m=+10079.796065955,65.76383209228516
2023-06-27 21:56:56.304905073 +0200 CEST m=+10079.796076396,65.75651550292969
2023-06-27 21:56:56.304912558 +0200 CEST m=+10079.796083881,65.70942687988281
2023-06-27 21:56:56.304920968 +0200 CEST m=+10079.796092291,65.62273406982422
2023-06-27 21:56:56.304931403 +0200 CEST m=+10079.796102725,65.4967269897461
2023-06-27 21:56:56.30517838 +0200 CEST m=+10079.796349708,65.331787109375
2023-06-27 21:56:56.305376566 +0200 CEST m=+10079.796547889,65.12837982177734
2023-06-27 21:56:56.305535162 +0200 CEST m=+10079.796706484,64.8870849609375
2023-06-27 21:56:56.320754902 +0200 CEST m=+10079.811926232,64.60858154296875
2023-06-27 21:56:56.320771074 +0200 CEST m=+10079.811942405,64.29361724853516
2023-06-27 21:56:56.3207867 +0200 CEST m=+10079.811958031,70.04353332519531
2023-06-27 21:56:56.320804197 +0200 CEST m=+10079.811975536,69.53221130371094
2023-06-27 21:56:56.320820494 +0200 CEST m=+10079.811991822,70.05619812011719
2023-06-27 21:56:56.320836662 +0200 CEST m=+10079.812007991,70.5781478881836
2023-06-27 21:56:56.320851315 +0200 CEST m=+10079.812022640,71.04940032958984
2023-06-27 21:56:56.320867725 +0200 CEST m=+10079.812039051,71.46864318847656
2023-06-27 21:56:56.320889647 +0200 CEST m=+10079.812060972,71.83464813232422
2023-06-27 21:56:56.32090435 +0200 CEST m=+10079.812075675,72.14635467529297
2023-06-27 21:56:56.32093019 +0200 CEST m=+10079.812101519,72.4028091430664
2023-06-27 21:56:56.320945576 +0200 CEST m=+10079.812116900,72.60322570800781
2023-06-27 21:56:56.320954131 +0200 CEST m=+10079.812125457,72.7469253540039
2023-06-27 21:56:56.321051167 +0200 CEST m=+10079.812222499,72.8333969116211
2023-06-27 21:56:56.321338529 +0200 CEST m=+10079.812509861,72.86225891113281
2023-06-27 21:56:56.321548419 +0200 CEST m=+10079.812719742,72.83328247070312
2023-06-27 21:56:56.33676678 +0200 CEST m=+10079.827938100,72.74639129638672
2023-06-27 21:56:56.336777875 +0200 CEST m=+10079.827949195,72.60163116455078
2023-06-27 21:56:56.336784201 +0200 CEST m=+10079.827955521,72.33965301513672
2023-06-27 21:56:56.336790366 +0200 CEST m=+10079.827961686,71.98834228515625
2023-06-27 21:56:56.336796742 +0200 CEST m=+10079.827968062,71.54878234863281
2023-06-27 21:56:56.336802647 +0200 CEST m=+10079.827973967,71.02242279052734
2023-06-27 21:56:56.336816155 +0200 CEST m=+10079.827987475,70.41104888916016
2023-06-27 21:56:56.336822881 +0200 CEST m=+10079.827994201,68.98809814453125
2023-06-27 21:56:56.336829226 +0200 CEST m=+10079.828000547,66.60671997070312
2023-06-27 21:56:56.336836226 +0200 CEST m=+10079.828007546,62.84783935546875
2023-06-27 21:56:56.336843628 +0200 CEST m=+10079.828014949,60.51123809814453
2023-06-27 21:56:56.336849498 +0200 CEST m=+10079.828020818,58.39072036743164
2023-06-27 21:56:56.336855548 +0200 CEST m=+10079.828026868,56.21440124511719
2023-06-27 21:56:56.336915129 +0200 CEST m=+10079.828086449,53.76118850708008
2023-06-27 21:56:56.33702841 +0200 CEST m=+10079.828199730,51.71297836303711
2023-06-27 21:56:56.337155706 +0200 CEST m=+10079.828327026,49.65718460083008
2023-06-27 21:56:56.352778078 +0200 CEST m=+10079.843949410,47.60192108154297
2023-06-27 21:56:56.352802428 +0200 CEST m=+10079.843973760,45.555301666259766
2023-06-27 21:56:56.352821442 +0200 CEST m=+10079.843992771,43.52540969848633
2023-06-27 21:56:56.352845074 +0200 CEST m=+10079.844016400,41.520263671875
2023-06-27 21:56:56.352903689 +0200 CEST m=+10079.844075019,40.06169128417969
2023-06-27 21:56:56.35292534 +0200 CEST m=+10079.844096670,39.00558090209961
2023-06-27 21:56:56.352948189 +0200 CEST m=+10079.844119521,37.65266418457031
2023-06-27 21:56:56.3529625 +0200 CEST m=+10079.844133831,36.25422286987305
2023-06-27 21:56:56.352977407 +0200 CEST m=+10079.844148738,35.8975715637207
2023-06-27 21:56:56.352991471 +0200 CEST m=+10079.844162798,35.328121185302734
2023-06-27 21:56:56.353005063 +0200 CEST m=+10079.844176389,34.969966888427734
2023-06-27 21:56:56.35301804 +0200 CEST m=+10079.844189368,34.65027618408203
2023-06-27 21:56:56.353030816 +0200 CEST m=+10079.844202144,34.36980056762695
2023-06-27 21:56:56.353133732 +0200 CEST m=+10079.844305054,34.12919616699219
2023-06-27 21:56:56.353385172 +0200 CEST m=+10079.844556503,33.929012298583984
2023-06-27 21:56:56.353972656 +0200 CEST m=+10079.845144017,33.76969528198242
2023-06-27 21:56:56.368710419 +0200 CEST m=+10079.859881748,33.65159225463867
2023-06-27 21:56:56.368720114 +0200 CEST m=+10079.859891436,33.57494354248047
2023-06-27 21:56:56.368726873 +0200 CEST m=+10079.859898195,33.53988265991211
2023-06-27 21:56:56.368734506 +0200 CEST m=+10079.859905829,33.54643630981445
2023-06-27 21:56:56.368741562 +0200 CEST m=+10079.859912885,33.59453201293945
2023-06-27 21:56:56.368751453 +0200 CEST m=+10079.859922776,33.683990478515625
2023-06-27 21:56:56.368759878 +0200 CEST m=+10079.859931200,33.81452178955078
2023-06-27 21:56:56.368839766 +0200 CEST m=+10079.860011088,33.98573684692383
2023-06-27 21:56:56.368846584 +0200 CEST m=+10079.860017906,34.19715118408203
2023-06-27 21:56:56.368864071 +0200 CEST m=+10079.860035399,34.44816970825195
2023-06-27 21:56:56.368895236 +0200 CEST m=+10079.860066563,34.73809814453125
2023-06-27 21:56:56.36891631 +0200 CEST m=+10079.860087638,35.06615447998047
2023-06-27 21:56:56.368934415 +0200 CEST m=+10079.860105741,35.43144989013672
2023-06-27 21:56:56.368948344 +0200 CEST m=+10079.860119672,35.833011627197266
2023-06-27 21:56:56.369081226 +0200 CEST m=+10079.860252548,35.483577728271484
2023-06-27 21:56:56.384687704 +0200 CEST m=+10079.875859024,35.13713455200195
2023-06-27 21:56:56.384694382 +0200 CEST m=+10079.875865703,34.82872772216797
2023-06-27 21:56:56.384700368 +0200 CEST m=+10079.875871688,34.5590705871582
2023-06-27 21:56:56.384710588 +0200 CEST m=+10079.875881908,34.328800201416016
2023-06-27 21:56:56.384718 +0200 CEST m=+10079.875889320,34.13843536376953
2023-06-27 21:56:56.38472398 +0200 CEST m=+10079.875895301,33.95723342895508
2023-06-27 21:56:56.384731687 +0200 CEST m=+10079.875903008,33.83964157104492
2023-06-27 21:56:56.384737667 +0200 CEST m=+10079.875908987,33.7860107421875
2023-06-27 21:56:56.384743992 +0200 CEST m=+10079.875915312,33.79643249511719
2023-06-27 21:56:56.384750004 +0200 CEST m=+10079.875921325,33.87075424194336
2023-06-27 21:56:56.384756188 +0200 CEST m=+10079.875927509,34.00856399536133
2023-06-27 21:56:56.384763503 +0200 CEST m=+10079.875934823,34.20920181274414
2023-06-27 21:56:56.384773347 +0200 CEST m=+10079.875944668,34.471763610839844
2023-06-27 21:56:56.384974227 +0200 CEST m=+10079.876145560,34.795101165771484
2023-06-27 21:56:56.385177146 +0200 CEST m=+10079.876348479,35.17782974243164
2023-06-27 21:56:56.38534963 +0200 CEST m=+10079.876520952,35.618324279785156
2023-06-27 21:56:56.400711585 +0200 CEST m=+10079.891882905,36.215858459472656
2023-06-27 21:56:56.400732561 +0200 CEST m=+10079.891903881,37.77533721923828
2023-06-27 21:56:56.400752555 +0200 CEST m=+10079.891923886,39.380191802978516
2023-06-27 21:56:56.40078938 +0200 CEST m=+10079.891960707,41.02400207519531
2023-06-27 21:56:56.400855922 +0200 CEST m=+10079.892027241,42.70021057128906
2023-06-27 21:56:56.400869402 +0200 CEST m=+10079.892040724,44.40214538574219
2023-06-27 21:56:56.400880476 +0200 CEST m=+10079.892051796,46.12303924560547
2023-06-27 21:56:56.400891695 +0200 CEST m=+10079.892063017,47.8560676574707
2023-06-27 21:56:56.400902928 +0200 CEST m=+10079.892074256,49.246620178222656
2023-06-27 21:56:56.400915476 +0200 CEST m=+10079.892086796,50.637027740478516
2023-06-27 21:56:56.400921912 +0200 CEST m=+10079.892093231,52.023780822753906
2023-06-27 21:56:56.400928677 +0200 CEST m=+10079.892099997,53.40338134765625
2023-06-27 21:56:56.400936617 +0200 CEST m=+10079.892107938,54.77235412597656
2023-06-27 21:56:56.400992639 +0200 CEST m=+10079.892163964,56.127254486083984
2023-06-27 21:56:56.401108316 +0200 CEST m=+10079.892279636,57.464683532714844
2023-06-27 21:56:56.401307323 +0200 CEST m=+10079.892478643,58.78128433227539
2023-06-27 21:56:56.416758462 +0200 CEST m=+10079.907929802,60.07376480102539
2023-06-27 21:56:56.416775487 +0200 CEST m=+10079.907946822,61.338890075683594
2023-06-27 21:56:56.416793842 +0200 CEST m=+10079.907965179,62.57351303100586
2023-06-27 21:56:56.416812031 +0200 CEST m=+10079.907983367,63.74135971069336
2023-06-27 21:56:56.416829339 +0200 CEST m=+10079.908000685,64.11022186279297
2023-06-27 21:56:56.416848749 +0200 CEST m=+10079.908020090,64.44290161132812
2023-06-27 21:56:56.416870379 +0200 CEST m=+10079.908041727,64.73860931396484
2023-06-27 21:56:56.416887243 +0200 CEST m=+10079.908058579,64.99666595458984
2023-06-27 21:56:56.416905349 +0200 CEST m=+10079.908076685,65.21646118164062
2023-06-27 21:56:56.416926285 +0200 CEST m=+10079.908097630,65.39750671386719
2023-06-27 21:56:56.416948516 +0200 CEST m=+10079.908119861,65.53939819335938
2023-06-27 21:56:56.416967479 +0200 CEST m=+10079.908138815,65.64183807373047
2023-06-27 21:56:56.416990297 +0200 CEST m=+10079.908161641,65.70462799072266
2023-06-27 21:56:56.41703217 +0200 CEST m=+10079.908203514,65.72765350341797
2023-06-27 21:56:56.417392266 +0200 CEST m=+10079.908563613,65.7109375
2023-06-27 21:56:56.417703478 +0200 CEST m=+10079.908874810,65.65457153320312
2023-06-27 21:56:56.432764301 +0200 CEST m=+10079.923935632,70.52465057373047
2023-06-27 21:56:56.432782758 +0200 CEST m=+10079.923954092,70.38165283203125
2023-06-27 21:56:56.432801018 +0200 CEST m=+10079.923972340,70.18680572509766
2023-06-27 21:56:56.432815624 +0200 CEST m=+10079.923986946,69.94049835205078
2023-06-27 21:56:56.432826306 +0200 CEST m=+10079.923997632,69.64324951171875
2023-06-27 21:56:56.432838568 +0200 CEST m=+10079.924009892,69.29572296142578
2023-06-27 21:56:56.432851906 +0200 CEST m=+10079.924023233,68.89869689941406
2023-06-27 21:56:56.432868114 +0200 CEST m=+10079.924039441,68.3342056274414
2023-06-27 21:56:56.432887116 +0200 CEST m=+10079.924058438,68.43897247314453
2023-06-27 21:56:56.432895101 +0200 CEST m=+10079.924066423,69.04006958007812
2023-06-27 21:56:56.432910084 +0200 CEST m=+10079.924081420,69.56733703613281
2023-06-27 21:56:56.43293084 +0200 CEST m=+10079.924102164,70.01850128173828
2023-06-27 21:56:56.432942606 +0200 CEST m=+10079.924113930,74.19733428955078
2023-06-27 21:56:56.433004245 +0200 CEST m=+10079.924175571,74.57144165039062
2023-06-27 21:56:56.433248982 +0200 CEST m=+10079.924420306,74.84979248046875
2023-06-27 21:56:56.433456532 +0200 CEST m=+10079.924627857,75.0308609008789
2023-06-27 21:56:56.448746681 +0200 CEST m=+10079.939918005,75.03752136230469
2023-06-27 21:56:56.448763254 +0200 CEST m=+10079.939934579,75.02054595947266
2023-06-27 21:56:56.448777059 +0200 CEST m=+10079.939948383,73.5835952758789
2023-06-27 21:56:56.448790463 +0200 CEST m=+10079.939961789,73.37201690673828
2023-06-27 21:56:56.448804023 +0200 CEST m=+10079.939975347,73.06705474853516
2023-06-27 21:56:56.448816021 +0200 CEST m=+10079.939987345,72.66957092285156
2023-06-27 21:56:56.448829075 +0200 CEST m=+10079.940000399,72.1807861328125
2023-06-27 21:56:56.448840893 +0200 CEST m=+10079.940012217,71.6023178100586
2023-06-27 21:56:56.448853281 +0200 CEST m=+10079.940024605,70.93610382080078
2023-06-27 21:56:56.448866173 +0200 CEST m=+10079.940037495,68.08683013916016
2023-06-27 21:56:56.44887917 +0200 CEST m=+10079.940050495,65.56926727294922
2023-06-27 21:56:56.448891137 +0200 CEST m=+10079.940062460,62.87466812133789
2023-06-27 21:56:56.448904004 +0200 CEST m=+10079.940075328,60.0882682800293
2023-06-27 21:56:56.448938443 +0200 CEST m=+10079.940109763,58.46063232421875
2023-06-27 21:56:56.449145018 +0200 CEST m=+10079.940316342,56.30833435058594
2023-06-27 21:56:56.449310756 +0200 CEST m=+10079.940482079,54.7608642578125
2023-06-27 21:56:56.464708791 +0200 CEST m=+10079.955880119,53.201927185058594
2023-06-27 21:56:56.464819934 +0200 CEST m=+10079.955991264,51.63546371459961
2023-06-27 21:56:56.464836218 +0200 CEST m=+10079.956007551,50.06543731689453
2023-06-27 21:56:56.46485311 +0200 CEST m=+10079.956024441,48.495811462402344
2023-06-27 21:56:56.46487503 +0200 CEST m=+10079.956046368,46.9305534362793
2023-06-27 21:56:56.464889583 +0200 CEST m=+10079.956060911,45.37361145019531
2023-06-27 21:56:56.464909803 +0200 CEST m=+10079.956081134,43.828914642333984
2023-06-27 21:56:56.464929453 +0200 CEST m=+10079.956100785,42.30036544799805
2023-06-27 21:56:56.464949503 +0200 CEST m=+10079.956120839,40.79181671142578
2023-06-27 21:56:56.46497222 +0200 CEST m=+10079.956143551,39.30706787109375
2023-06-27 21:56:56.464995514 +0200 CEST m=+10079.956166846,37.966609954833984
2023-06-27 21:56:56.465011568 +0200 CEST m=+10079.956182899,36.55517578125
2023-06-27 21:56:56.465031935 +0200 CEST m=+10079.956203267,35.17839050292969
2023-06-27 21:56:56.46504931 +0200 CEST m=+10079.956220642,34.325008392333984
2023-06-27 21:56:56.465227138 +0200 CEST m=+10079.956398469,33.92218780517578
2023-06-27 21:56:56.465420154 +0200 CEST m=+10079.956591483,33.56016540527344
2023-06-27 21:56:56.480746658 +0200 CEST m=+10079.971917998,34.41318130493164
2023-06-27 21:56:56.480777133 +0200 CEST m=+10079.971948466,34.162681579589844
2023-06-27 21:56:56.480802818 +0200 CEST m=+10079.971974160,33.952545166015625
2023-06-27 21:56:56.480830111 +0200 CEST m=+10079.972001446,33.78324890136719
2023-06-27 21:56:56.480852687 +0200 CEST m=+10079.972024025,33.655155181884766
2023-06-27 21:56:56.480874515 +0200 CEST m=+10079.972045947,33.56852722167969
2023-06-27 21:56:56.4808968 +0200 CEST m=+10079.972068140,33.52352523803711
2023-06-27 21:56:56.48091775 +0200 CEST m=+10079.972089083,33.52019500732422
2023-06-27 21:56:56.48094247 +0200 CEST m=+10079.972113807,33.55849075317383
2023-06-27 21:56:56.480964083 +0200 CEST m=+10079.972135422,33.63824462890625
2023-06-27 21:56:56.480984362 +0200 CEST m=+10079.972155692,33.79583740234375
2023-06-27 21:56:56.480999847 +0200 CEST m=+10079.972171186,34.017051696777344
2023-06-27 21:56:56.481018355 +0200 CEST m=+10079.972189695,34.3009033203125
2023-06-27 21:56:56.481241076 +0200 CEST m=+10079.972412407,34.64614486694336
2023-06-27 21:56:56.481531897 +0200 CEST m=+10079.972703223,35.051307678222656
2023-06-27 21:56:56.481764947 +0200 CEST m=+10079.972936272,35.514678955078125
2023-06-27 21:56:56.496737463 +0200 CEST m=+10079.987908798,35.657718658447266
2023-06-27 21:56:56.496763158 +0200 CEST m=+10079.987934495,35.207305908203125
2023-06-27 21:56:56.496777996 +0200 CEST m=+10079.987949331,34.81609344482422
2023-06-27 21:56:56.496807378 +0200 CEST m=+10079.987978706,34.485511779785156
2023-06-27 21:56:56.496820563 +0200 CEST m=+10079.987991897,34.21675109863281
2023-06-27 21:56:56.496839755 +0200 CEST m=+10079.988011094,34.0107536315918
2023-06-27 21:56:56.49685552 +0200 CEST m=+10079.988026858,33.86821746826172
2023-06-27 21:56:56.496873805 +0200 CEST m=+10079.988045139,33.78958511352539
2023-06-27 21:56:56.496888866 +0200 CEST m=+10079.988060199,33.77504348754883
2023-06-27 21:56:56.49690835 +0200 CEST m=+10079.988079687,33.82453155517578
2023-06-27 21:56:56.496923781 +0200 CEST m=+10079.988095116,33.93772888183594
2023-06-27 21:56:56.496940743 +0200 CEST m=+10079.988112078,34.11407470703125
2023-06-27 21:56:56.496961234 +0200 CEST m=+10079.988132567,34.352745056152344
2023-06-27 21:56:56.49706675 +0200 CEST m=+10079.988238084,34.58785629272461
2023-06-27 21:56:56.497481411 +0200 CEST m=+10079.988652753,34.86153030395508
2023-06-27 21:56:56.49777728 +0200 CEST m=+10079.988948621,35.17301559448242
2023-06-27 21:56:56.512689797 +0200 CEST m=+10080.003861117,35.52146911621094
2023-06-27 21:56:56.512697012 +0200 CEST m=+10080.003868331,35.90595626831055
2023-06-27 21:56:56.512704023 +0200 CEST m=+10080.003875344,36.830841064453125
2023-06-27 21:56:56.512711518 +0200 CEST m=+10080.003882839,38.090599060058594
2023-06-27 21:56:56.512717343 +0200 CEST m=+10080.003888663,39.378509521484375
2023-06-27 21:56:56.512723793 +0200 CEST m=+10080.003895113,40.6912727355957
2023-06-27 21:56:56.51273038 +0200 CEST m=+10080.003901700,42.025535583496094
2023-06-27 21:56:56.512736192 +0200 CEST m=+10080.003907512,43.377891540527344
2023-06-27 21:56:56.512741835 +0200 CEST m=+10080.003913156,44.744895935058594
2023-06-27 21:56:56.512748232 +0200 CEST m=+10080.003919553,46.12307357788086
2023-06-27 21:56:56.512755237 +0200 CEST m=+10080.003926558,47.50893020629883
2023-06-27 21:56:56.51276156 +0200 CEST m=+10080.003932881,48.89894104003906
2023-06-27 21:56:56.512767353 +0200 CEST m=+10080.003938673,50.28960037231445
2023-06-27 21:56:56.512953809 +0200 CEST m=+10080.004125133,51.67738723754883
2023-06-27 21:56:56.513181599 +0200 CEST m=+10080.004352924,53.058799743652344
2023-06-27 21:56:56.513320096 +0200 CEST m=+10080.004491417,54.43035888671875
2023-06-27 21:56:56.528735212 +0200 CEST m=+10080.019906536,55.788612365722656
2023-06-27 21:56:56.52874683 +0200 CEST m=+10080.019918154,57.13015365600586
2023-06-27 21:56:56.528758971 +0200 CEST m=+10080.019930295,58.45161437988281
2023-06-27 21:56:56.528770786 +0200 CEST m=+10080.019942110,59.749691009521484
2023-06-27 21:56:56.528786087 +0200 CEST m=+10080.019957411,61.02113342285156
2023-06-27 21:56:56.528798236 +0200 CEST m=+10080.019969560,62.262779235839844
2023-06-27 21:56:56.5288107 +0200 CEST m=+10080.019982025,63.47153091430664
2023-06-27 21:56:56.5288225 +0200 CEST m=+10080.019993825,64.01456451416016
2023-06-27 21:56:56.528836049 +0200 CEST m=+10080.020007374,64.35570526123047
2023-06-27 21:56:56.528848037 +0200 CEST m=+10080.020019361,64.66006469726562
2023-06-27 21:56:56.528862068 +0200 CEST m=+10080.020033393,64.92693328857422
2023-06-27 21:56:56.528873732 +0200 CEST m=+10080.020045056,65.15568542480469
2023-06-27 21:56:56.528885745 +0200 CEST m=+10080.020057069,65.38725280761719
2023-06-27 21:56:56.528975514 +0200 CEST m=+10080.020146838,65.55767822265625
2023-06-27 21:56:56.529185379 +0200 CEST m=+10080.020356700,65.66639709472656
2023-06-27 21:56:56.529330678 +0200 CEST m=+10080.020502002,65.7131118774414
2023-06-27 21:56:56.544735956 +0200 CEST m=+10080.035907285,65.69774627685547
2023-06-27 21:56:56.544780406 +0200 CEST m=+10080.035951727,65.62049102783203
2023-06-27 21:56:56.544788595 +0200 CEST m=+10080.035959916,65.48177337646484
2023-06-27 21:56:56.54479957 +0200 CEST m=+10080.035970891,65.28225708007812
2023-06-27 21:56:56.544812439 +0200 CEST m=+10080.035983765,65.0228500366211
2023-06-27 21:56:56.544821923 +0200 CEST m=+10080.035993243,72.17274475097656
2023-06-27 21:56:56.544838723 +0200 CEST m=+10080.036010044,71.6715087890625
2023-06-27 21:56:56.544849898 +0200 CEST m=+10080.036021218,71.0823745727539
2023-06-27 21:56:56.544862474 +0200 CEST m=+10080.036033795,70.65558624267578
2023-06-27 21:56:56.544868984 +0200 CEST m=+10080.036040304,71.38855743408203
2023-06-27 21:56:56.544876267 +0200 CEST m=+10080.036047588,72.03971862792969
2023-06-27 21:56:56.544882603 +0200 CEST m=+10080.036053923,72.60617065429688
2023-06-27 21:56:56.544888642 +0200 CEST m=+10080.036059963,73.08531188964844
2023-06-27 21:56:56.544937524 +0200 CEST m=+10080.036108852,73.47489166259766
2023-06-27 21:56:56.545127043 +0200 CEST m=+10080.036298374,73.77301788330078
2023-06-27 21:56:56.54533969 +0200 CEST m=+10080.036511020,73.94461059570312
2023-06-27 21:56:56.56072665 +0200 CEST m=+10080.051897975,74.05604553222656
2023-06-27 21:56:56.56075106 +0200 CEST m=+10080.051922382,74.10684967041016
2023-06-27 21:56:56.56076413 +0200 CEST m=+10080.051935454,74.0967025756836
2023-06-27 21:56:56.560778113 +0200 CEST m=+10080.051949439,74.02543640136719
2023-06-27 21:56:56.560793636 +0200 CEST m=+10080.051964962,73.89303588867188
2023-06-27 21:56:56.560808552 +0200 CEST m=+10080.051979877,73.69965362548828
2023-06-27 21:56:56.560823125 +0200 CEST m=+10080.051994449,73.4455795288086
2023-06-27 21:56:56.560840415 +0200 CEST m=+10080.052011744,73.13127899169922
2023-06-27 21:56:56.560854088 +0200 CEST m=+10080.052025414,72.7573471069336
2023-06-27 21:56:56.560867419 +0200 CEST m=+10080.052038743,72.3245620727539
2023-06-27 21:56:56.560881843 +0200 CEST m=+10080.052053169,70.38563537597656
2023-06-27 21:56:56.56089751 +0200 CEST m=+10080.052068834,69.86756896972656
2023-06-27 21:56:56.560910922 +0200 CEST m=+10080.052082249,67.90314483642578
2023-06-27 21:56:56.561027849 +0200 CEST m=+10080.052199173,65.63551330566406
2023-06-27 21:56:56.561320216 +0200 CEST m=+10080.052491542,63.275901794433594
2023-06-27 21:56:56.561676004 +0200 CEST m=+10080.052847351,61.06028366088867
2023-06-27 21:56:56.576725923 +0200 CEST m=+10080.067897257,59.4212760925293
2023-06-27 21:56:56.576749878 +0200 CEST m=+10080.067921207,57.75718688964844
2023-06-27 21:56:56.576802259 +0200 CEST m=+10080.067973594,56.07221221923828
2023-06-27 21:56:56.57682201 +0200 CEST m=+10080.067993340,54.26797103881836
2023-06-27 21:56:56.576841528 +0200 CEST m=+10080.068012860,52.59385299682617
2023-06-27 21:56:56.576861099 +0200 CEST m=+10080.068032432,50.912376403808594
2023-06-27 21:56:56.57688104 +0200 CEST m=+10080.068052372,49.33994674682617
2023-06-27 21:56:56.57690227 +0200 CEST m=+10080.068073602,47.903202056884766
2023-06-27 21:56:56.57692031 +0200 CEST m=+10080.068091640,46.47404479980469
2023-06-27 21:56:56.576940128 +0200 CEST m=+10080.068111462,45.05607986450195
2023-06-27 21:56:56.576969212 +0200 CEST m=+10080.068140540,43.65286636352539
2023-06-27 21:56:56.576987619 +0200 CEST m=+10080.068158946,42.26792907714844
2023-06-27 21:56:56.577003659 +0200 CEST m=+10080.068174986,40.90473556518555
2023-06-27 21:56:56.577018347 +0200 CEST m=+10080.068189676,39.56669998168945
2023-06-27 21:56:56.577218307 +0200 CEST m=+10080.068389630,37.934608459472656
2023-06-27 21:56:56.577535818 +0200 CEST m=+10080.068707145,36.66526794433594
2023-06-27 21:56:56.592717303 +0200 CEST m=+10080.083888624,35.575748443603516
2023-06-27 21:56:56.592728155 +0200 CEST m=+10080.083899475,35.12866973876953
2023-06-27 21:56:56.592734144 +0200 CEST m=+10080.083905465,34.74114990234375
2023-06-27 21:56:56.592743825 +0200 CEST m=+10080.083915146,34.41460418701172
2023-06-27 21:56:56.592757188 +0200 CEST m=+10080.083928509,34.15019226074219
2023-06-27 21:56:56.592769601 +0200 CEST m=+10080.083940923,33.94883728027344
2023-06-27 21:56:56.592777797 +0200 CEST m=+10080.083949118,33.81120300292969
2023-06-27 21:56:56.592786271 +0200 CEST m=+10080.083957591,33.73770523071289
2023-06-27 21:56:56.592792355 +0200 CEST m=+10080.083963676,33.7285041809082
2023-06-27 21:56:56.592799109 +0200 CEST m=+10080.083970429,33.78350830078125
2023-06-27 21:56:56.592806912 +0200 CEST m=+10080.083978232,33.90237045288086
2023-06-27 21:56:56.592813349 +0200 CEST m=+10080.083984669,34.0844841003418
2023-06-27 21:56:56.592819169 +0200 CEST m=+10080.083990490,34.32901382446289
2023-06-27 21:56:56.592962309 +0200 CEST m=+10080.084133633,34.634857177734375
2023-06-27 21:56:56.593163026 +0200 CEST m=+10080.084334350,35.00068664550781
2023-06-27 21:56:56.60871402 +0200 CEST m=+10080.099885355,35.42493438720703
2023-06-27 21:56:56.608743336 +0200 CEST m=+10080.099914661,35.90581130981445
2023-06-27 21:56:56.608789942 +0200 CEST m=+10080.099961269,35.75587844848633
2023-06-27 21:56:56.608806093 +0200 CEST m=+10080.099977420,35.405941009521484
2023-06-27 21:56:56.608820297 +0200 CEST m=+10080.099991623,35.09342956542969
2023-06-27 21:56:56.608836858 +0200 CEST m=+10080.100008182,34.81907653808594
2023-06-27 21:56:56.608851052 +0200 CEST m=+10080.100022376,34.58351135253906
2023-06-27 21:56:56.608867066 +0200 CEST m=+10080.100038392,34.387264251708984
2023-06-27 21:56:56.608882447 +0200 CEST m=+10080.100053772,34.230770111083984
2023-06-27 21:56:56.608896845 +0200 CEST m=+10080.100068171,34.11435317993164
2023-06-27 21:56:56.608912316 +0200 CEST m=+10080.100083642,34.038246154785156
2023-06-27 21:56:56.608927462 +0200 CEST m=+10080.100098787,34.0025749206543
2023-06-27 21:56:56.608940275 +0200 CEST m=+10080.100111600,34.007362365722656
2023-06-27 21:56:56.608961567 +0200 CEST m=+10080.100132893,34.05252456665039
2023-06-27 21:56:56.609162935 +0200 CEST m=+10080.100334262,34.13788986206055
2023-06-27 21:56:56.609386972 +0200 CEST m=+10080.100558297,34.26316833496094
2023-06-27 21:56:56.624685328 +0200 CEST m=+10080.115856650,34.427982330322266
2023-06-27 21:56:56.624696784 +0200 CEST m=+10080.115868107,34.63185119628906
2023-06-27 21:56:56.624712357 +0200 CEST m=+10080.115883681,34.87418746948242
2023-06-27 21:56:56.624724171 +0200 CEST m=+10080.115895492,35.15432357788086
2023-06-27 21:56:56.624734698 +0200 CEST m=+10080.115906021,35.47148132324219
2023-06-27 21:56:56.624745506 +0200 CEST m=+10080.115916827,35.824806213378906
2023-06-27 21:56:56.624757806 +0200 CEST m=+10080.115929129,36.213340759277344
2023-06-27 21:56:56.624771331 +0200 CEST m=+10080.115942652,37.33289337158203
2023-06-27 21:56:56.624784347 +0200 CEST m=+10080.115955670,38.58207321166992
2023-06-27 21:56:56.624796799 +0200 CEST m=+10080.115968120,39.858001708984375
2023-06-27 21:56:56.624811263 +0200 CEST m=+10080.115982586,41.157413482666016
2023-06-27 21:56:56.624823495 +0200 CEST m=+10080.115994815,42.476985931396484
2023-06-27 21:56:56.624835057 +0200 CEST m=+10080.116006380,43.813350677490234
2023-06-27 21:56:56.62491127 +0200 CEST m=+10080.116082595,45.16310501098633
2023-06-27 21:56:56.625119798 +0200 CEST m=+10080.116291119,46.5228157043457
2023-06-27 21:56:56.625296116 +0200 CEST m=+10080.116467445,47.8890266418457
2023-06-27 21:56:56.640772713 +0200 CEST m=+10080.131944042,49.258277893066406
2023-06-27 21:56:56.640797742 +0200 CEST m=+10080.131969075,50.627105712890625
2023-06-27 21:56:56.640824852 +0200 CEST m=+10080.131996182,52.332275390625
2023-06-27 21:56:56.640843254 +0200 CEST m=+10080.132014584,54.024658203125
2023-06-27 21:56:56.640866151 +0200 CEST m=+10080.132037489,55.697608947753906
2023-06-27 21:56:56.640885887 +0200 CEST m=+10080.132057300,57.34455871582031
2023-06-27 21:56:56.64090703 +0200 CEST m=+10080.132078364,58.959068298339844
2023-06-27 21:56:56.640925816 +0200 CEST m=+10080.132097144,60.534828186035156
2023-06-27 21:56:56.640942769 +0200 CEST m=+10080.132114101,62.065704345703125
2023-06-27 21:56:56.640956905 +0200 CEST m=+10080.132128246,63.51310729980469
2023-06-27 21:56:56.640971453 +0200 CEST m=+10080.132142785,63.959144592285156
2023-06-27 21:56:56.640992269 +0200 CEST m=+10080.132163601,64.34917449951172
2023-06-27 21:56:56.641044004 +0200 CEST m=+10080.132215340,68.03924560546875
2023-06-27 21:56:56.641068772 +0200 CEST m=+10080.132240104,68.4067153930664
2023-06-27 21:56:56.641277761 +0200 CEST m=+10080.132449098,68.70193481445312
2023-06-27 21:56:56.64147176 +0200 CEST m=+10080.132643091,68.92364501953125
2023-06-27 21:56:56.656697983 +0200 CEST m=+10080.147869303,69.07088470458984
2023-06-27 21:56:56.656705018 +0200 CEST m=+10080.147876338,68.8661880493164
2023-06-27 21:56:56.656710595 +0200 CEST m=+10080.147881914,68.86078643798828
2023-06-27 21:56:56.656716794 +0200 CEST m=+10080.147888114,68.78089904785156
2023-06-27 21:56:56.65676861 +0200 CEST m=+10080.147939930,68.62676239013672
2023-06-27 21:56:56.656776197 +0200 CEST m=+10080.147947517,68.4503402709961
2023-06-27 21:56:56.656783136 +0200 CEST m=+10080.147954456,68.2271499633789
2023-06-27 21:56:56.656789611 +0200 CEST m=+10080.147960930,67.95771789550781
2023-06-27 21:56:56.65679569 +0200 CEST m=+10080.147967010,67.6426773071289
2023-06-27 21:56:56.656802874 +0200 CEST m=+10080.147974195,67.28279113769531
2023-06-27 21:56:56.656810162 +0200 CEST m=+10080.147981482,66.8789291381836
2023-06-27 21:56:56.656816233 +0200 CEST m=+10080.147987553,66.43209075927734
2023-06-27 21:56:56.656821934 +0200 CEST m=+10080.147993255,66.85627746582031
2023-06-27 21:56:56.656854443 +0200 CEST m=+10080.148025764,67.27792358398438
2023-06-27 21:56:56.656995353 +0200 CEST m=+10080.148166677,67.65624237060547
2023-06-27 21:56:56.657117054 +0200 CEST m=+10080.148288377,67.99024200439453
2023-06-27 21:56:56.672750039 +0200 CEST m=+10080.163921364,68.27903747558594
2023-06-27 21:56:56.672758186 +0200 CEST m=+10080.163929508,68.52186584472656
2023-06-27 21:56:56.6727658 +0200 CEST m=+10080.163937121,68.71807098388672
2023-06-27 21:56:56.672775174 +0200 CEST m=+10080.163946495,68.86712646484375
2023-06-27 21:56:56.672781227 +0200 CEST m=+10080.163952548,68.96862030029297
2023-06-27 21:56:56.672787445 +0200 CEST m=+10080.163958766,69.02225494384766
2023-06-27 21:56:56.67279521 +0200 CEST m=+10080.163966530,69.02784729003906
2023-06-27 21:56:56.672801977 +0200 CEST m=+10080.163973298,68.98535919189453
2023-06-27 21:56:56.672808582 +0200 CEST m=+10080.163979904,68.89485168457031
2023-06-27 21:56:56.672815163 +0200 CEST m=+10080.163986484,68.75651550292969
2023-06-27 21:56:56.672824434 +0200 CEST m=+10080.163995755,68.57066345214844
2023-06-27 21:56:56.672831339 +0200 CEST m=+10080.164002661,68.33773040771484
2023-06-27 21:56:56.672837904 +0200 CEST m=+10080.164009225,68.05826568603516
2023-06-27 21:56:56.672945649 +0200 CEST m=+10080.164116974,67.7329330444336
2023-06-27 21:56:56.673133075 +0200 CEST m=+10080.164304400,67.3625259399414
2023-06-27 21:56:56.673328719 +0200 CEST m=+10080.164500040,66.94793701171875
2023-06-27 21:56:56.688726701 +0200 CEST m=+10080.179898021,66.37010955810547
2023-06-27 21:56:56.688732495 +0200 CEST m=+10080.179903815,64.90984344482422
2023-06-27 21:56:56.688833154 +0200 CEST m=+10080.180004475,63.41073226928711
2023-06-27 21:56:56.688851065 +0200 CEST m=+10080.180022387,61.87653350830078
2023-06-27 21:56:56.688868554 +0200 CEST m=+10080.180039886,59.91531753540039
2023-06-27 21:56:56.688884506 +0200 CEST m=+10080.180055835,57.91299819946289
2023-06-27 21:56:56.688897327 +0200 CEST m=+10080.180068647,55.87744140625
2023-06-27 21:56:56.688908342 +0200 CEST m=+10080.180079666,53.816654205322266
2023-06-27 21:56:56.68892506 +0200 CEST m=+10080.180096383,51.73875427246094
2023-06-27 21:56:56.688948818 +0200 CEST m=+10080.180120142,49.65192413330078
2023-06-27 21:56:56.688961445 +0200 CEST m=+10080.180132769,47.56440353393555
2023-06-27 21:56:56.688973912 +0200 CEST m=+10080.180145237,45.484432220458984
2023-06-27 21:56:56.688987707 +0200 CEST m=+10080.180159028,43.6588249206543
2023-06-27 21:56:56.688998186 +0200 CEST m=+10080.180169508,41.69487762451172
2023-06-27 21:56:56.689145286 +0200 CEST m=+10080.180316607,39.76287078857422
2023-06-27 21:56:56.689261574 +0200 CEST m=+10080.180432894,37.981292724609375
2023-06-27 21:56:56.704719418 +0200 CEST m=+10080.195890747,36.536827087402344
2023-06-27 21:56:56.704734309 +0200 CEST m=+10080.195905634,34.81588363647461
2023-06-27 21:56:56.704793289 +0200 CEST m=+10080.195964615,34.3160400390625
2023-06-27 21:56:56.704808366 +0200 CEST m=+10080.195979691,34.10092544555664
2023-06-27 21:56:56.704820178 +0200 CEST m=+10080.195991502,33.7055778503418
2023-06-27 21:56:56.704832421 +0200 CEST m=+10080.196003746,33.883018493652344
2023-06-27 21:56:56.704848747 +0200 CEST m=+10080.196020071,33.63039779663086
2023-06-27 21:56:56.704861045 +0200 CEST m=+10080.196032369,33.683345794677734
2023-06-27 21:56:56.704875409 +0200 CEST m=+10080.196046734,33.572662353515625
2023-06-27 21:56:56.704894742 +0200 CEST m=+10080.196066067,33.50358581542969
2023-06-27 21:56:56.704916861 +0200 CEST m=+10080.196088182,33.47624206542969
2023-06-27 21:56:56.704925859 +0200 CEST m=+10080.196097179,33.49066162109375
2023-06-27 21:56:56.704937697 +0200 CEST m=+10080.196109022,33.5467529296875
2023-06-27 21:56:56.705044676 +0200 CEST m=+10080.196215997,33.64432907104492
2023-06-27 21:56:56.705187448 +0200 CEST m=+10080.196358773,33.783103942871094
2023-06-27 21:56:56.705310292 +0200 CEST m=+10080.196481614,33.96267318725586
2023-06-27 21:56:56.720710553 +0200 CEST m=+10080.211881882,34.18254089355469
2023-06-27 21:56:56.720733438 +0200 CEST m=+10080.211904764,34.442108154296875
2023-06-27 21:56:56.720751176 +0200 CEST m=+10080.211922506,34.74067306518555
2023-06-27 21:56:56.720815323 +0200 CEST m=+10080.211986646,35.07743835449219
2023-06-27 21:56:56.720823741 +0200 CEST m=+10080.211995062,35.45151138305664
2023-06-27 21:56:56.720830017 +0200 CEST m=+10080.212001338,35.689903259277344
2023-06-27 21:56:56.720836416 +0200 CEST m=+10080.212007737,35.311073303222656
2023-06-27 21:56:56.720847754 +0200 CEST m=+10080.212019076,34.969764709472656
2023-06-27 21:56:56.720855805 +0200 CEST m=+10080.212027127,34.66679382324219
2023-06-27 21:56:56.720864075 +0200 CEST m=+10080.212035396,34.40288162231445
2023-06-27 21:56:56.72087134 +0200 CEST m=+10080.212042666,34.17865753173828
2023-06-27 21:56:56.720895747 +0200 CEST m=+10080.212067069,33.994632720947266
2023-06-27 21:56:56.720909265 +0200 CEST m=+10080.212080586,33.85123825073242
2023-06-27 21:56:56.720953511 +0200 CEST m=+10080.212124833,33.748783111572266
2023-06-27 21:56:56.721136097 +0200 CEST m=+10080.212307422,33.68748092651367
2023-06-27 21:56:56.721311442 +0200 CEST m=+10080.212482774,33.66744613647461
2023-06-27 21:56:56.736732541 +0200 CEST m=+10080.227903874,33.68867492675781
2023-06-27 21:56:56.736758218 +0200 CEST m=+10080.227929546,33.75107192993164
2023-06-27 21:56:56.736779674 +0200 CEST m=+10080.227951014,33.85443115234375
2023-06-27 21:56:56.736803723 +0200 CEST m=+10080.227975049,33.99844741821289
2023-06-27 21:56:56.73681257 +0200 CEST m=+10080.227983896,34.182708740234375
2023-06-27 21:56:56.736822685 +0200 CEST m=+10080.227994012,34.40670394897461
2023-06-27 21:56:56.736832541 +0200 CEST m=+10080.228003868,34.74163818359375
2023-06-27 21:56:56.73684184 +0200 CEST m=+10080.228013167,35.13629150390625
2023-06-27 21:56:56.73685134 +0200 CEST m=+10080.228022667,35.58901596069336
2023-06-27 21:56:56.736861046 +0200 CEST m=+10080.228032373,36.40390396118164
2023-06-27 21:56:56.736871395 +0200 CEST m=+10080.228042722,37.98446273803711
2023-06-27 21:56:56.736879975 +0200 CEST m=+10080.228051302,39.61017990112305
2023-06-27 21:56:56.736889419 +0200 CEST m=+10080.228060745,41.27457809448242
2023-06-27 21:56:56.737066245 +0200 CEST m=+10080.228237579,42.97103500366211
2023-06-27 21:56:56.737361625 +0200 CEST m=+10080.228532957,44.692806243896484
2023-06-27 21:56:56.737597329 +0200 CEST m=+10080.228768663,46.433067321777344
2023-06-27 21:56:56.752745479 +0200 CEST m=+10080.243916804,48.1849250793457
2023-06-27 21:56:56.752760838 +0200 CEST m=+10080.243932165,49.94144821166992
2023-06-27 21:56:56.752782937 +0200 CEST m=+10080.243954265,51.695701599121094
2023-06-27 21:56:56.752800036 +0200 CEST m=+10080.243971363,53.440765380859375
2023-06-27 21:56:56.75282292 +0200 CEST m=+10080.243994247,55.169769287109375
2023-06-27 21:56:56.752838314 +0200 CEST m=+10080.244009642,56.87590789794922
2023-06-27 21:56:56.75285139 +0200 CEST m=+10080.244022717,58.552486419677734
2023-06-27 21:56:56.752867292 +0200 CEST m=+10080.244038616,60.19293212890625
2023-06-27 21:56:56.752882589 +0200 CEST m=+10080.244053913,61.79082489013672
2023-06-27 21:56:56.752896739 +0200 CEST m=+10080.244068069,63.03429412841797
2023-06-27 21:56:56.752910187 +0200 CEST m=+10080.244081510,64.00825500488281
2023-06-27 21:56:56.752922834 +0200 CEST m=+10080.244094158,64.37503051757812
2023-06-27 21:56:56.752936508 +0200 CEST m=+10080.244107835,64.705078125
2023-06-27 21:56:56.753004762 +0200 CEST m=+10080.244176084,64.99761199951172
2023-06-27 21:56:56.753123432 +0200 CEST m=+10080.244294754,65.25193786621094
2023-06-27 21:56:56.753354849 +0200 CEST m=+10080.244526175,65.46746063232422
2023-06-27 21:56:56.768693118 +0200 CEST m=+10080.259864447,65.64366912841797
2023-06-27 21:56:56.768713382 +0200 CEST m=+10080.259884706,65.7801742553711
2023-06-27 21:56:56.768725269 +0200 CEST m=+10080.259896589,65.87667083740234
2023-06-27 21:56:56.768732591 +0200 CEST m=+10080.259903911,65.9329605102539
2023-06-27 21:56:56.768780627 +0200 CEST m=+10080.259951952,65.9489517211914
2023-06-27 21:56:56.768801932 +0200 CEST m=+10080.259973256,65.92465209960938
2023-06-27 21:56:56.768814543 +0200 CEST m=+10080.259985872,65.86016082763672
2023-06-27 21:56:56.768831036 +0200 CEST m=+10080.260002359,65.75569915771484
2023-06-27 21:56:56.768846048 +0200 CEST m=+10080.260017379,65.61156463623047
2023-06-27 21:56:56.768860103 +0200 CEST m=+10080.260031431,65.42817687988281
2023-06-27 21:56:56.768878429 +0200 CEST m=+10080.260049755,65.20603942871094
2023-06-27 21:56:56.768893436 +0200 CEST m=+10080.260064765,64.94575500488281
2023-06-27 21:56:56.768907246 +0200 CEST m=+10080.260078570,64.64803314208984
2023-06-27 21:56:56.768946622 +0200 CEST m=+10080.260117945,64.31366729736328
2023-06-27 21:56:56.769217432 +0200 CEST m=+10080.260388761,69.92884826660156
2023-06-27 21:56:56.769468566 +0200 CEST m=+10080.260640129,69.91339874267578
2023-06-27 21:56:56.78491514 +0200 CEST m=+10080.276086462,70.4662857055664
2023-06-27 21:56:56.78493891 +0200 CEST m=+10080.276110231,70.9689712524414
2023-06-27 21:56:56.784945669 +0200 CEST m=+10080.276116990,71.4200210571289
2023-06-27 21:56:56.784952983 +0200 CEST m=+10080.276124303,71.81813049316406
2023-06-27 21:56:56.784962747 +0200 CEST m=+10080.276134068,72.16214752197266
2023-06-27 21:56:56.78497019 +0200 CEST m=+10080.276141511,72.45101928710938
2023-06-27 21:56:56.784978613 +0200 CEST m=+10080.276149935,72.68385314941406
2023-06-27 21:56:56.784986508 +0200 CEST m=+10080.276157830,72.85990142822266
2023-06-27 21:56:56.784997873 +0200 CEST m=+10080.276169195,72.9991683959961
2023-06-27 21:56:56.785004314 +0200 CEST m=+10080.276175635,73.0478515625
2023-06-27 21:56:56.785011803 +0200 CEST m=+10080.276183123,73.00543975830078
2023-06-27 21:56:56.78502066 +0200 CEST m=+10080.276191981,72.87174987792969
2023-06-27 21:56:56.785028768 +0200 CEST m=+10080.276200089,72.64698028564453
2023-06-27 21:56:56.785386109 +0200 CEST m=+10080.276557434,72.33168029785156
2023-06-27 21:56:56.785654519 +0200 CEST m=+10080.276825842,71.9267807006836
2023-06-27 21:56:56.785889424 +0200 CEST m=+10080.277060748,71.43355560302734
2023-06-27 21:56:56.800779464 +0200 CEST m=+10080.291950799,70.85363006591797
2023-06-27 21:56:56.800804749 +0200 CEST m=+10080.291976084,70.0419921875
2023-06-27 21:56:56.800824617 +0200 CEST m=+10080.291995963,67.82319641113281
2023-06-27 21:56:56.800846372 +0200 CEST m=+10080.292017722,64.87008666992188
2023-06-27 21:56:56.800875348 +0200 CEST m=+10080.292046692,61.7704963684082
2023-06-27 21:56:56.800901923 +0200 CEST m=+10080.292073264,59.453826904296875
2023-06-27 21:56:56.80092722 +0200 CEST m=+10080.292098560,56.91064453125
2023-06-27 21:56:56.80095142 +0200 CEST m=+10080.292122762,54.77668762207031
2023-06-27 21:56:56.800976291 +0200 CEST m=+10080.292147635,52.56886291503906
2023-06-27 21:56:56.801000246 +0200 CEST m=+10080.292171589,50.48666000366211
2023-06-27 21:56:56.801023402 +0200 CEST m=+10080.292194744,48.578712463378906
2023-06-27 21:56:56.801046752 +0200 CEST m=+10080.292218094,47.10048294067383
2023-06-27 21:56:56.801074743 +0200 CEST m=+10080.292246085,45.63088607788086
2023-06-27 21:56:56.801138174 +0200 CEST m=+10080.292309527,44.17362976074219
2023-06-27 21:56:56.801493044 +0200 CEST m=+10080.292664380,42.732383728027344
2023-06-27 21:56:56.801913301 +0200 CEST m=+10080.293084636,41.310768127441406
2023-06-27 21:56:56.816729692 +0200 CEST m=+10080.307901032,39.91236114501953
2023-06-27 21:56:56.816753191 +0200 CEST m=+10080.307924524,38.540672302246094
2023-06-27 21:56:56.81676784 +0200 CEST m=+10080.307939166,37.19914245605469
2023-06-27 21:56:56.81677659 +0200 CEST m=+10080.307947916,35.891136169433594
2023-06-27 21:56:56.816784713 +0200 CEST m=+10080.307956039,35.08179473876953
2023-06-27 21:56:56.81679816 +0200 CEST m=+10080.307969486,34.70149612426758
2023-06-27 21:56:56.816806567 +0200 CEST m=+10080.307977893,34.36017608642578
2023-06-27 21:56:56.816841956 +0200 CEST m=+10080.308013281,34.05865478515625
2023-06-27 21:56:56.81685037 +0200 CEST m=+10080.308021697,33.79766082763672
2023-06-27 21:56:56.816860519 +0200 CEST m=+10080.308031844,33.577816009521484
2023-06-27 21:56:56.816868809 +0200 CEST m=+10080.308040134,33.399635314941406
2023-06-27 21:56:56.81687684 +0200 CEST m=+10080.308048166,33.26354217529297
2023-06-27 21:56:56.816885952 +0200 CEST m=+10080.308057277,33.169830322265625
2023-06-27 21:56:56.817067152 +0200 CEST m=+10080.308238483,33.118709564208984
2023-06-27 21:56:56.817242792 +0200 CEST m=+10080.308414118,33.11026382446289
2023-06-27 21:56:56.832797345 +0200 CEST m=+10080.323968685,33.14447784423828
2023-06-27 21:56:56.832820488 +0200 CEST m=+10080.323991814,33.221229553222656
2023-06-27 21:56:56.83283351 +0200 CEST m=+10080.324004837,33.34028244018555
2023-06-27 21:56:56.832849557 +0200 CEST m=+10080.324020883,33.50130081176758
2023-06-27 21:56:56.832862329 +0200 CEST m=+10080.324033656,33.70383834838867
2023-06-27 21:56:56.832874966 +0200 CEST m=+10080.324046292,33.947349548339844
2023-06-27 21:56:56.832892609 +0200 CEST m=+10080.324063935,34.23118209838867
2023-06-27 21:56:56.83290613 +0200 CEST m=+10080.324077457,34.55458068847656
2023-06-27 21:56:56.83291946 +0200 CEST m=+10080.324090786,34.91669464111328
2023-06-27 21:56:56.83293276 +0200 CEST m=+10080.324104086,35.31657028198242
2023-06-27 21:56:56.832945395 +0200 CEST m=+10080.324116720,35.15489196777344
2023-06-27 21:56:56.832958468 +0200 CEST m=+10080.324129794,34.69800567626953
2023-06-27 21:56:56.832974442 +0200 CEST m=+10080.324145768,34.302001953125
2023-06-27 21:56:56.832987341 +0200 CEST m=+10080.324158666,33.9683723449707
2023-06-27 21:56:56.833198854 +0200 CEST m=+10080.324370180,33.698360443115234
2023-06-27 21:56:56.83334366 +0200 CEST m=+10080.324514983,33.49296188354492
2023-06-27 21:56:56.848729598 +0200 CEST m=+10080.339900923,33.35291290283203
2023-06-27 21:56:56.848745817 +0200 CEST m=+10080.339917141,33.2786979675293
2023-06-27 21:56:56.848758696 +0200 CEST m=+10080.339930020,33.27052688598633
2023-06-27 21:56:56.848770044 +0200 CEST m=+10080.339941369,33.328365325927734
2023-06-27 21:56:56.848784205 +0200 CEST m=+10080.339955533,33.451904296875
2023-06-27 21:56:56.848798384 +0200 CEST m=+10080.339969709,33.640586853027344
2023-06-27 21:56:56.848810014 +0200 CEST m=+10080.339981339,33.893592834472656
2023-06-27 21:56:56.848821879 +0200 CEST m=+10080.339993203,34.20985412597656
2023-06-27 21:56:56.84883324 +0200 CEST m=+10080.340004564,34.588043212890625
2023-06-27 21:56:56.848845593 +0200 CEST m=+10080.340016918,35.026607513427734
2023-06-27 21:56:56.848859838 +0200 CEST m=+10080.340031162,35.52374267578125
2023-06-27 21:56:56.848871381 +0200 CEST m=+10080.340042706,37.01823806762695
2023-06-27 21:56:56.848883668 +0200 CEST m=+10080.340054992,38.666786193847656
2023-06-27 21:56:56.848971593 +0200 CEST m=+10080.340142922,40.3581657409668
2023-06-27 21:56:56.849128926 +0200 CEST m=+10080.340300246,42.085662841796875
2023-06-27 21:56:56.849258074 +0200 CEST m=+10080.340429394,43.48905944824219
2023-06-27 21:56:56.864827101 +0200 CEST m=+10080.355998429,44.90761947631836
2023-06-27 21:56:56.864853637 +0200 CEST m=+10080.356024961,46.337745666503906
2023-06-27 21:56:56.864870615 +0200 CEST m=+10080.356041941,47.775821685791016
2023-06-27 21:56:56.864888423 +0200 CEST m=+10080.356059752,49.218204498291016
2023-06-27 21:56:56.864903138 +0200 CEST m=+10080.356074468,50.6612434387207
2023-06-27 21:56:56.864922576 +0200 CEST m=+10080.356093903,52.101295471191406
2023-06-27 21:56:56.864941088 +0200 CEST m=+10080.356112412,53.53472900390625
2023-06-27 21:56:56.864955874 +0200 CEST m=+10080.356127199,54.95792770385742
2023-06-27 21:56:56.864969821 +0200 CEST m=+10080.356141146,56.367305755615234
2023-06-27 21:56:56.864988192 +0200 CEST m=+10080.356159521,57.759315490722656
2023-06-27 21:56:56.865008463 +0200 CEST m=+10080.356179790,59.13045883178711
2023-06-27 21:56:56.865022368 +0200 CEST m=+10080.356193693,60.47728729248047
2023-06-27 21:56:56.865041118 +0200 CEST m=+10080.356212445,61.79642868041992
2023-06-27 21:56:56.86509749 +0200 CEST m=+10080.356268818,63.084571838378906
2023-06-27 21:56:56.865280962 +0200 CEST m=+10080.356452286,64.30393981933594
2023-06-27 21:56:56.86550687 +0200 CEST m=+10080.356678205,64.69206237792969
2023-06-27 21:56:56.880709658 +0200 CEST m=+10080.371880978,65.04273223876953
2023-06-27 21:56:56.880719147 +0200 CEST m=+10080.371890472,66.8486557006836
2023-06-27 21:56:56.880733196 +0200 CEST m=+10080.371904520,67.1589126586914
2023-06-27 21:56:56.880758944 +0200 CEST m=+10080.371930268,67.4259033203125
2023-06-27 21:56:56.880806003 +0200 CEST m=+10080.371977326,67.64895629882812
2023-06-27 21:56:56.880816514 +0200 CEST m=+10080.371987835,67.82747650146484
2023-06-27 21:56:56.88082432 +0200 CEST m=+10080.371995640,67.96100616455078
2023-06-27 21:56:56.880833271 +0200 CEST m=+10080.372004591,68.04920196533203
2023-06-27 21:56:56.880842675 +0200 CEST m=+10080.372013995,68.0918197631836
2023-06-27 21:56:56.880859281 +0200 CEST m=+10080.372030602,68.08873748779297
2023-06-27 21:56:56.880871805 +0200 CEST m=+10080.372043125,68.03995513916016
2023-06-27 21:56:56.880879548 +0200 CEST m=+10080.372050869,67.9455795288086
2023-06-27 21:56:56.880885281 +0200 CEST m=+10080.372056601,67.80583953857422
2023-06-27 21:56:56.881113121 +0200 CEST m=+10080.372284445,67.62107849121094
2023-06-27 21:56:56.881241091 +0200 CEST m=+10080.372412411,67.39173126220703
2023-06-27 21:56:56.881392544 +0200 CEST m=+10080.372563869,67.04325103759766
2023-06-27 21:56:56.896702605 +0200 CEST m=+10080.387873949,68.27732849121094
2023-06-27 21:56:56.896786026 +0200 CEST m=+10080.387957360,67.76029205322266
2023-06-27 21:56:56.896809968 +0200 CEST m=+10080.387981304,67.3810806274414
2023-06-27 21:56:56.89683565 +0200 CEST m=+10080.388006989,67.9775619506836
2023-06-27 21:56:56.896860446 +0200 CEST m=+10080.388031788,68.5040512084961
2023-06-27 21:56:56.896886109 +0200 CEST m=+10080.388057449,68.9583511352539
2023-06-27 21:56:56.896910776 +0200 CEST m=+10080.388082117,69.33853149414062
2023-06-27 21:56:56.896938009 +0200 CEST m=+10080.388109344,69.64295959472656
2023-06-27 21:56:56.896952283 +0200 CEST m=+10080.388123617,69.87030792236328
2023-06-27 21:56:56.896968069 +0200 CEST m=+10080.388139407,70.01953887939453
2023-06-27 21:56:56.896980405 +0200 CEST m=+10080.388151741,70.08992004394531
2023-06-27 21:56:56.896993017 +0200 CEST m=+10080.388164353,70.08103942871094
2023-06-27 21:56:56.897005994 +0200 CEST m=+10080.388177328,69.99279022216797
2023-06-27 21:56:56.897039406 +0200 CEST m=+10080.388210750,69.82538604736328
2023-06-27 21:56:56.897365743 +0200 CEST m=+10080.388537088,69.57935333251953
2023-06-27 21:56:56.897775431 +0200 CEST m=+10080.388946776,69.2555160522461
2023-06-27 21:56:56.912727411 +0200 CEST m=+10080.403898750,68.94119262695312
2023-06-27 21:56:56.912748623 +0200 CEST m=+10080.403919949,68.57853698730469
2023-06-27 21:56:56.91275727 +0200 CEST m=+10080.403928597,68.16838836669922
2023-06-27 21:56:56.912766817 +0200 CEST m=+10080.403938143,67.71173095703125
2023-06-27 21:56:56.912778506 +0200 CEST m=+10080.403949832,66.57360076904297
2023-06-27 21:56:56.912786954 +0200 CEST m=+10080.403958280,65.01004791259766
2023-06-27 21:56:56.912795184 +0200 CEST m=+10080.403966511,63.406368255615234
2023-06-27 21:56:56.912842862 +0200 CEST m=+10080.404014194,61.766563415527344
2023-06-27 21:56:56.912853371 +0200 CEST m=+10080.404024699,60.094722747802734
2023-06-27 21:56:56.912883055 +0200 CEST m=+10080.404054381,58.395042419433594
2023-06-27 21:56:56.912893273 +0200 CEST m=+10080.404064600,56.67177963256836
2023-06-27 21:56:56.912902763 +0200 CEST m=+10080.404074089,54.929256439208984
2023-06-27 21:56:56.912912599 +0200 CEST m=+10080.404083926,53.17185974121094
2023-06-27 21:56:56.913080294 +0200 CEST m=+10080.404251621,51.404014587402344
2023-06-27 21:56:56.913370273 +0200 CEST m=+10080.404541606,49.63017654418945
2023-06-27 21:56:56.913576127 +0200 CEST m=+10080.404747460,47.907981872558594
2023-06-27 21:56:56.928791309 +0200 CEST m=+10080.419962640,46.727577209472656
2023-06-27 21:56:56.928812674 +0200 CEST m=+10080.419984005,45.25860595703125
2023-06-27 21:56:56.928829695 +0200 CEST m=+10080.420001018,43.8028678894043
2023-06-27 21:56:56.928846569 +0200 CEST m=+10080.420017890,42.36402893066406
2023-06-27 21:56:56.928855326 +0200 CEST m=+10080.420026647,40.94571304321289
2023-06-27 21:56:56.928861911 +0200 CEST m=+10080.420033233,39.55147933959961
2023-06-27 21:56:56.928868412 +0200 CEST m=+10080.420039734,38.18483352661133
2023-06-27 21:56:56.928875467 +0200 CEST m=+10080.420046790,36.84919738769531
2023-06-27 21:56:56.928883767 +0200 CEST m=+10080.420055089,35.54792022705078
2023-06-27 21:56:56.92889034 +0200 CEST m=+10080.420061662,34.960166931152344
2023-06-27 21:56:56.928898273 +0200 CEST m=+10080.420069596,34.58872985839844
2023-06-27 21:56:56.928906529 +0200 CEST m=+10080.420077851,34.25653839111328
2023-06-27 21:56:56.928916041 +0200 CEST m=+10080.420087363,33.96438980102539
2023-06-27 21:56:56.92909725 +0200 CEST m=+10080.420268576,33.71298599243164
2023-06-27 21:56:56.929358289 +0200 CEST m=+10080.420529612,33.502933502197266
2023-06-27 21:56:56.929538632 +0200 CEST m=+10080.420709954,33.334720611572266
2023-06-27 21:56:56.944725867 +0200 CEST m=+10080.435897189,33.18387985229492
2023-06-27 21:56:56.944771821 +0200 CEST m=+10080.435943144,33.09954071044922
2023-06-27 21:56:56.944790507 +0200 CEST m=+10080.435961830,33.081966400146484
2023-06-27 21:56:56.944803262 +0200 CEST m=+10080.435974586,33.13114929199219
2023-06-27 21:56:56.944819174 +0200 CEST m=+10080.435990496,33.246829986572266
2023-06-27 21:56:56.944833899 +0200 CEST m=+10080.436005225,33.42847442626953
2023-06-27 21:56:56.944853925 +0200 CEST m=+10080.436025251,33.675296783447266
2023-06-27 21:56:56.944869027 +0200 CEST m=+10080.436040353,33.98625183105469
2023-06-27 21:56:56.944884726 +0200 CEST m=+10080.436056057,34.36004638671875
2023-06-27 21:56:56.944896456 +0200 CEST m=+10080.436067778,34.79513168334961
2023-06-27 21:56:56.944909778 +0200 CEST m=+10080.436081110,35.289730072021484
2023-06-27 21:56:56.944919739 +0200 CEST m=+10080.436091061,35.0311279296875
2023-06-27 21:56:56.944937404 +0200 CEST m=+10080.436108726,34.58517074584961
2023-06-27 21:56:56.944944401 +0200 CEST m=+10080.436115723,34.20051193237305
2023-06-27 21:56:56.94507232 +0200 CEST m=+10080.436243643,33.878597259521484
2023-06-27 21:56:56.945263876 +0200 CEST m=+10080.436435202,33.62063217163086
2023-06-27 21:56:56.960705346 +0200 CEST m=+10080.451876668,33.42756652832031
2023-06-27 21:56:56.960826486 +0200 CEST m=+10080.451997808,33.300086975097656
2023-06-27 21:56:56.960843499 +0200 CEST m=+10080.452014823,33.23862838745117
2023-06-27 21:56:56.960856512 +0200 CEST m=+10080.452027837,33.237117767333984
2023-06-27 21:56:56.960868723 +0200 CEST m=+10080.452040047,33.2779426574707
2023-06-27 21:56:56.960881902 +0200 CEST m=+10080.452053231,33.360958099365234
2023-06-27 21:56:56.960900869 +0200 CEST m=+10080.452072196,33.485923767089844
2023-06-27 21:56:56.960913436 +0200 CEST m=+10080.452084755,33.65248489379883
2023-06-27 21:56:56.960924894 +0200 CEST m=+10080.452096216,33.86017990112305
2023-06-27 21:56:56.960935781 +0200 CEST m=+10080.452107101,34.108455657958984
2023-06-27 21:56:56.960946649 +0200 CEST m=+10080.452117969,34.396644592285156
2023-06-27 21:56:56.960958227 +0200 CEST m=+10080.452129549,34.7239875793457
2023-06-27 21:56:56.960969505 +0200 CEST m=+10080.452140828,35.08961868286133
2023-06-27 21:56:56.96098343 +0200 CEST m=+10080.452154755,35.492584228515625
2023-06-27 21:56:56.961106262 +0200 CEST m=+10080.452277584,36.6654052734375
2023-06-27 21:56:56.961271053 +0200 CEST m=+10080.452442373,37.97565460205078
2023-06-27 21:56:56.976739777 +0200 CEST m=+10080.467911104,39.31512451171875
2023-06-27 21:56:56.976763425 +0200 CEST m=+10080.467934753,40.680397033691406
2023-06-27 21:56:56.976783134 +0200 CEST m=+10080.467954456,42.06800842285156
2023-06-27 21:56:56.976829553 +0200 CEST m=+10080.468000886,43.47443389892578
2023-06-27 21:56:56.976848364 +0200 CEST m=+10080.468019692,44.89609909057617
2023-06-27 21:56:56.976866699 +0200 CEST m=+10080.468038026,46.32940673828125
2023-06-27 21:56:56.97688497 +0200 CEST m=+10080.468056298,47.770721435546875
2023-06-27 21:56:56.976903945 +0200 CEST m=+10080.468075273,49.21639633178711
2023-06-27 21:56:56.976923273 +0200 CEST m=+10080.468094607,50.66278076171875
2023-06-27 21:56:56.976940117 +0200 CEST m=+10080.468111443,52.10621643066406
2023-06-27 21:56:56.976953042 +0200 CEST m=+10080.468124372,53.543060302734375
2023-06-27 21:56:56.976966722 +0200 CEST m=+10080.468138049,54.969688415527344
2023-06-27 21:56:56.976980453 +0200 CEST m=+10080.468151785,56.382511138916016
2023-06-27 21:56:56.977002998 +0200 CEST m=+10080.468174324,57.7779655456543
2023-06-27 21:56:56.977181004 +0200 CEST m=+10080.468352327,59.152549743652344
2023-06-27 21:56:56.977331139 +0200 CEST m=+10080.468502466,60.502803802490234
2023-06-27 21:56:56.992724247 +0200 CEST m=+10080.483895589,61.82534408569336
2023-06-27 21:56:56.992754062 +0200 CEST m=+10080.483925403,63.116851806640625
2023-06-27 21:56:56.992790647 +0200 CEST m=+10080.483961995,64.3394546508789
2023-06-27 21:56:56.992819384 +0200 CEST m=+10080.483990735,64.82028198242188
2023-06-27 21:56:56.992847482 +0200 CEST m=+10080.484018814,65.24211120605469
2023-06-27 21:56:56.992867894 +0200 CEST m=+10080.484039229,65.60334014892578
2023-06-27 21:56:56.992886633 +0200 CEST m=+10080.484057970,67.86125946044922
2023-06-27 21:56:56.992909606 +0200 CEST m=+10080.484080938,68.14346313476562
2023-06-27 21:56:56.992931387 +0200 CEST m=+10080.484102724,68.35424041748047
2023-06-27 21:56:56.992952514 +0200 CEST m=+10080.484123850,68.49271392822266
2023-06-27 21:56:56.992978041 +0200 CEST m=+10080.484149376,68.55827331542969
2023-06-27 21:56:56.993003052 +0200 CEST m=+10080.484174386,68.55060577392578
2023-06-27 21:56:56.99302426 +0200 CEST m=+10080.484195595,68.46968841552734
2023-06-27 21:56:56.993092681 +0200 CEST m=+10080.484264025,68.3157958984375
2023-06-27 21:56:56.993335401 +0200 CEST m=+10080.484506733,68.08946228027344
2023-06-27 21:56:56.993680338 +0200 CEST m=+10080.484851671,67.79153442382812
2023-06-27 21:56:57.00873969 +0200 CEST m=+10080.499911012,67.42314147949219
2023-06-27 21:56:57.008749404 +0200 CEST m=+10080.499920727,68.87771606445312
2023-06-27 21:56:57.008757387 +0200 CEST m=+10080.499928710,68.33050537109375
2023-06-27 21:56:57.008765138 +0200 CEST m=+10080.499936461,68.18714141845703
2023-06-27 21:56:57.00877463 +0200 CEST m=+10080.499945954,68.79719543457031
2023-06-27 21:56:57.008782553 +0200 CEST m=+10080.499953875,69.23284912109375
2023-06-27 21:56:57.008789372 +0200 CEST m=+10080.499960697,69.62062072753906
2023-06-27 21:56:57.008796781 +0200 CEST m=+10080.499968104,69.95945739746094
2023-06-27 21:56:57.008803851 +0200 CEST m=+10080.499975173,70.24840545654297
2023-06-27 21:56:57.008817229 +0200 CEST m=+10080.499988552,70.48665618896484
2023-06-27 21:56:57.008825751 +0200 CEST m=+10080.499997074,70.67350006103516
2023-06-27 21:56:57.008833062 +0200 CEST m=+10080.500004385,70.8083724975586
2023-06-27 21:56:57.008840654 +0200 CEST m=+10080.500011978,70.8908462524414
2023-06-27 21:56:57.009019042 +0200 CEST m=+10080.500190369,70.92061614990234
2023-06-27 21:56:57.009150355 +0200 CEST m=+10080.500321679,70.89750671386719
2023-06-27 21:56:57.009319419 +0200 CEST m=+10080.500490742,70.82148742675781
2023-06-27 21:56:57.024740305 +0200 CEST m=+10080.515911638,70.69265747070312
2023-06-27 21:56:57.02475672 +0200 CEST m=+10080.515928050,70.51124572753906
2023-06-27 21:56:57.024775113 +0200 CEST m=+10080.515946443,70.27761840820312
2023-06-27 21:56:57.024790512 +0200 CEST m=+10080.515961846,69.99226379394531
2023-06-27 21:56:57.024804645 +0200 CEST m=+10080.515975968,69.65583038330078
2023-06-27 21:56:57.024818544 +0200 CEST m=+10080.515989871,69.26905822753906
2023-06-27 21:56:57.024829815 +0200 CEST m=+10080.516001141,68.83285522460938
2023-06-27 21:56:57.024856145 +0200 CEST m=+10080.516027472,68.34822845458984
2023-06-27 21:56:57.02486951 +0200 CEST m=+10080.516040836,66.8873062133789
2023-06-27 21:56:57.024883087 +0200 CEST m=+10080.516054415,65.24817657470703
2023-06-27 21:56:57.024896982 +0200 CEST m=+10080.516068307,63.56756591796875
2023-06-27 21:56:57.024913777 +0200 CEST m=+10080.516085102,61.849647521972656
2023-06-27 21:56:57.024928135 +0200 CEST m=+10080.516099462,60.09870529174805
2023-06-27 21:56:57.024999342 +0200 CEST m=+10080.516170669,58.31911087036133
2023-06-27 21:56:57.025193081 +0200 CEST m=+10080.516364411,56.171504974365234
2023-06-27 21:56:57.040912454 +0200 CEST m=+10080.532083785,54.442909240722656
2023-06-27 21:56:57.040925882 +0200 CEST m=+10080.532097212,52.398681640625
2023-06-27 21:56:57.040970955 +0200 CEST m=+10080.532142293,50.84339141845703
2023-06-27 21:56:57.041045994 +0200 CEST m=+10080.532217330,49.28644561767578
2023-06-27 21:56:57.04106714 +0200 CEST m=+10080.532238477,47.731773376464844
2023-06-27 21:56:57.041091289 +0200 CEST m=+10080.532262627,46.18330383300781
2023-06-27 21:56:57.041117244 +0200 CEST m=+10080.532288580,44.26239013671875
2023-06-27 21:56:57.041138525 +0200 CEST m=+10080.532309861,42.36484909057617
2023-06-27 21:56:57.041159055 +0200 CEST m=+10080.532330393,40.4981575012207
2023-06-27 21:56:57.041180828 +0200 CEST m=+10080.532352171,38.6696662902832
2023-06-27 21:56:57.041203644 +0200 CEST m=+10080.532374981,36.88657760620117
2023-06-27 21:56:57.041225359 +0200 CEST m=+10080.532396699,35.155914306640625
2023-06-27 21:56:57.041246411 +0200 CEST m=+10080.532417748,34.19478225708008
2023-06-27 21:56:57.041270639 +0200 CEST m=+10080.532441975,34.44552993774414
2023-06-27 21:56:57.041446236 +0200 CEST m=+10080.532617560,34.048126220703125
2023-06-27 21:56:57.041598154 +0200 CEST m=+10080.532769479,33.714107513427734
2023-06-27 21:56:57.056723551 +0200 CEST m=+10080.547894913,33.44472122192383
2023-06-27 21:56:57.056757357 +0200 CEST m=+10080.547928707,33.2409553527832
2023-06-27 21:56:57.056791785 +0200 CEST m=+10080.547963148,33.10353469848633
2023-06-27 21:56:57.056819992 +0200 CEST m=+10080.547991337,33.03293228149414
2023-06-27 21:56:57.056855845 +0200 CEST m=+10080.548027186,33.02934265136719
2023-06-27 21:56:57.056885841 +0200 CEST m=+10080.548057180,33.092708587646484
2023-06-27 21:56:57.056911328 +0200 CEST m=+10080.548082670,33.22269821166992
2023-06-27 21:56:57.05693582 +0200 CEST m=+10080.548107159,33.41872024536133
2023-06-27 21:56:57.056950907 +0200 CEST m=+10080.548122243,33.679927825927734
2023-06-27 21:56:57.056966547 +0200 CEST m=+10080.548137887,33.93509292602539
2023-06-27 21:56:57.056982222 +0200 CEST m=+10080.548153561,34.2305908203125
2023-06-27 21:56:57.056996981 +0200 CEST m=+10080.548168319,34.565635681152344
2023-06-27 21:56:57.057011291 +0200 CEST m=+10080.548182629,34.93935012817383
2023-06-27 21:56:57.057026217 +0200 CEST m=+10080.548197553,35.350746154785156
2023-06-27 21:56:57.057533599 +0200 CEST m=+10080.548704938,34.985595703125
2023-06-27 21:56:57.057980887 +0200 CEST m=+10080.549152226,34.623348236083984
2023-06-27 21:56:57.072723939 +0200 CEST m=+10080.563895265,34.30026626586914
2023-06-27 21:56:57.072734259 +0200 CEST m=+10080.563905585,34.01713562011719
2023-06-27 21:56:57.072742908 +0200 CEST m=+10080.563914234,33.77463150024414
2023-06-27 21:56:57.072751486 +0200 CEST m=+10080.563922811,33.57332229614258
2023-06-27 21:56:57.072759597 +0200 CEST m=+10080.563930922,33.41368865966797
2023-06-27 21:56:57.072767889 +0200 CEST m=+10080.563939216,33.29608917236328
2023-06-27 21:56:57.072776128 +0200 CEST m=+10080.563947453,33.22078323364258
2023-06-27 21:56:57.072784164 +0200 CEST m=+10080.563955490,33.18791961669922
2023-06-27 21:56:57.072798652 +0200 CEST m=+10080.563969977,33.19754409790039
2023-06-27 21:56:57.072818371 +0200 CEST m=+10080.563989702,33.24958801269531
2023-06-27 21:56:57.072839304 +0200 CEST m=+10080.564010644,33.34388732910156
2023-06-27 21:56:57.072859636 +0200 CEST m=+10080.564030967,33.480159759521484
2023-06-27 21:56:57.072876067 +0200 CEST m=+10080.564047398,33.658023834228516
2023-06-27 21:56:57.072964125 +0200 CEST m=+10080.564135452,33.876991271972656
2023-06-27 21:56:57.073197882 +0200 CEST m=+10080.564369213,34.13646697998047
2023-06-27 21:56:57.073417545 +0200 CEST m=+10080.564588875,34.43576431274414
2023-06-27 21:56:57.088716433 +0200 CEST m=+10080.579887755,34.77408218383789
2023-06-27 21:56:57.088736544 +0200 CEST m=+10080.579907865,35.150535583496094
2023-06-27 21:56:57.08874564 +0200 CEST m=+10080.579916961,35.669254302978516
2023-06-27 21:56:57.088751899 +0200 CEST m=+10080.579923220,36.958919525146484
2023-06-27 21:56:57.088764294 +0200 CEST m=+10080.579935616,38.28030776977539
2023-06-27 21:56:57.088843271 +0200 CEST m=+10080.580014593,39.63005065917969
2023-06-27 21:56:57.088856575 +0200 CEST m=+10080.580027897,41.00471496582031
2023-06-27 21:56:57.088868478 +0200 CEST m=+10080.580039800,42.40079879760742
2023-06-27 21:56:57.08887752 +0200 CEST m=+10080.580048841,44.170623779296875
2023-06-27 21:56:57.08891176 +0200 CEST m=+10080.580083082,45.96136474609375
2023-06-27 21:56:57.088950008 +0200 CEST m=+10080.580121330,47.76593017578125
2023-06-27 21:56:57.088958041 +0200 CEST m=+10080.580129362,49.577178955078125
2023-06-27 21:56:57.088967329 +0200 CEST m=+10080.580138650,51.387962341308594
2023-06-27 21:56:57.088995779 +0200 CEST m=+10080.580167105,53.19113540649414
2023-06-27 21:56:57.089237817 +0200 CEST m=+10080.580409142,54.979591369628906
2023-06-27 21:56:57.089484244 +0200 CEST m=+10080.580655575,56.74628829956055
2023-06-27 21:56:57.104698066 +0200 CEST m=+10080.595869387,58.48428726196289
2023-06-27 21:56:57.104712798 +0200 CEST m=+10080.595884117,60.18675994873047
2023-06-27 21:56:57.10472471 +0200 CEST m=+10080.595896029,61.8470344543457
2023-06-27 21:56:57.104732034 +0200 CEST m=+10080.595903354,63.4586067199707
2023-06-27 21:56:57.104739404 +0200 CEST m=+10080.595910724,64.56427001953125
2023-06-27 21:56:57.104751127 +0200 CEST m=+10080.595922446,65.02191162109375
2023-06-27 21:56:57.104758097 +0200 CEST m=+10080.595929418,65.41974639892578
2023-06-27 21:56:57.104767232 +0200 CEST m=+10080.595938553,65.75628662109375
2023-06-27 21:56:57.104774358 +0200 CEST m=+10080.595945677,66.03026580810547
2023-06-27 21:56:57.104788221 +0200 CEST m=+10080.595959550,66.24068450927734
2023-06-27 21:56:57.104798262 +0200 CEST m=+10080.595969581,66.38677978515625
2023-06-27 21:56:57.104803868 +0200 CEST m=+10080.595975188,66.4570083618164
2023-06-27 21:56:57.104814093 +0200 CEST m=+10080.595985414,66.48560333251953
2023-06-27 21:56:57.105265268 +0200 CEST m=+10080.596436597,66.47254943847656
2023-06-27 21:56:57.105464594 +0200 CEST m=+10080.596635922,66.41790008544922
2023-06-27 21:56:57.105661946 +0200 CEST m=+10080.596833271,66.32184600830078
2023-06-27 21:56:57.120747033 +0200 CEST m=+10080.611918368,66.1846694946289
2023-06-27 21:56:57.120765008 +0200 CEST m=+10080.611936343,71.5790786743164
2023-06-27 21:56:57.120779049 +0200 CEST m=+10080.611950383,71.32257843017578
2023-06-27 21:56:57.120791534 +0200 CEST m=+10080.611962872,71.01141357421875
2023-06-27 21:56:57.120804772 +0200 CEST m=+10080.611976107,70.64622497558594
2023-06-27 21:56:57.120819029 +0200 CEST m=+10080.611990365,70.22781372070312
2023-06-27 21:56:57.12083387 +0200 CEST m=+10080.612005205,69.7571029663086
2023-06-27 21:56:57.120846915 +0200 CEST m=+10080.612018251,69.46916198730469
2023-06-27 21:56:57.120859226 +0200 CEST m=+10080.612030560,70.02134704589844
2023-06-27 21:56:57.120871638 +0200 CEST m=+10080.612042972,70.52423858642578
2023-06-27 21:56:57.120885214 +0200 CEST m=+10080.612056550,70.97643280029297
2023-06-27 21:56:57.120898738 +0200 CEST m=+10080.612070073,71.37666320800781
2023-06-27 21:56:57.120911708 +0200 CEST m=+10080.612083045,71.7237777709961
2023-06-27 21:56:57.121042441 +0200 CEST m=+10080.612213783,72.01675415039062
2023-06-27 21:56:57.121377891 +0200 CEST m=+10080.612549228,72.25471496582031
2023-06-27 21:56:57.121626508 +0200 CEST m=+10080.612797843,72.43692779541016
2023-06-27 21:56:57.136760765 +0200 CEST m=+10080.627932100,72.56277465820312
2023-06-27 21:56:57.136791687 +0200 CEST m=+10080.627963023,72.63180541992188
2023-06-27 21:56:57.136808669 +0200 CEST m=+10080.627979996,72.6436996459961
2023-06-27 21:56:57.136819437 +0200 CEST m=+10080.627990763,72.5982666015625
2023-06-27 21:56:57.136829699 +0200 CEST m=+10080.628001026,72.4955062866211
2023-06-27 21:56:57.136838488 +0200 CEST m=+10080.628009814,72.33550262451172
2023-06-27 21:56:57.136850448 +0200 CEST m=+10080.628021776,72.11854553222656
2023-06-27 21:56:57.136859753 +0200 CEST m=+10080.628031079,71.84502410888672
2023-06-27 21:56:57.136868265 +0200 CEST m=+10080.628039591,71.51549530029297
2023-06-27 21:56:57.136878037 +0200 CEST m=+10080.628049363,71.13066101074219
2023-06-27 21:56:57.136886543 +0200 CEST m=+10080.628057870,70.57311248779297
2023-06-27 21:56:57.136895132 +0200 CEST m=+10080.628066459,69.93241119384766
2023-06-27 21:56:57.136906902 +0200 CEST m=+10080.628078228,67.91265106201172
2023-06-27 21:56:57.137072468 +0200 CEST m=+10080.628243795,65.6711654663086
2023-06-27 21:56:57.137429535 +0200 CEST m=+10080.628600875,61.96449279785156
2023-06-27 21:56:57.137644794 +0200 CEST m=+10080.628816120,59.42099380493164
2023-06-27 21:56:57.152711811 +0200 CEST m=+10080.643883140,57.337581634521484
2023-06-27 21:56:57.152734396 +0200 CEST m=+10080.643905724,55.22314453125
2023-06-27 21:56:57.152841923 +0200 CEST m=+10080.644013249,52.924407958984375
2023-06-27 21:56:57.15285979 +0200 CEST m=+10080.644031113,50.88528060913086
2023-06-27 21:56:57.152872657 +0200 CEST m=+10080.644043985,48.84233474731445
2023-06-27 21:56:57.152884325 +0200 CEST m=+10080.644055651,46.80363845825195
2023-06-27 21:56:57.15289764 +0200 CEST m=+10080.644068964,44.77723693847656
2023-06-27 21:56:57.152913128 +0200 CEST m=+10080.644084453,42.7711296081543
2023-06-27 21:56:57.152927128 +0200 CEST m=+10080.644098450,40.84511947631836
2023-06-27 21:56:57.152941114 +0200 CEST m=+10080.644112435,39.316795349121094
2023-06-27 21:56:57.152947699 +0200 CEST m=+10080.644119021,37.50214767456055
2023-06-27 21:56:57.152954029 +0200 CEST m=+10080.644125352,36.42913055419922
2023-06-27 21:56:57.152962458 +0200 CEST m=+10080.644133779,35.06184387207031
2023-06-27 21:56:57.152969181 +0200 CEST m=+10080.644140503,34.6702995300293
2023-06-27 21:56:57.15313346 +0200 CEST m=+10080.644304782,34.31789016723633
2023-06-27 21:56:57.153319426 +0200 CEST m=+10080.644490752,34.005470275878906
2023-06-27 21:56:57.168723063 +0200 CEST m=+10080.659894383,33.73378372192383
2023-06-27 21:56:57.168730695 +0200 CEST m=+10080.659902015,33.50347137451172
2023-06-27 21:56:57.168800758 +0200 CEST m=+10080.659972079,33.31507110595703
2023-06-27 21:56:57.168808785 +0200 CEST m=+10080.659980106,33.16900634765625
2023-06-27 21:56:57.16882063 +0200 CEST m=+10080.659991954,33.065608978271484
2023-06-27 21:56:57.168834341 +0200 CEST m=+10080.660005661,33.005088806152344
2023-06-27 21:56:57.168842213 +0200 CEST m=+10080.660013533,32.987552642822266
2023-06-27 21:56:57.168848342 +0200 CEST m=+10080.660019662,33.012996673583984
2023-06-27 21:56:57.168856413 +0200 CEST m=+10080.660027734,33.0813102722168
2023-06-27 21:56:57.168862154 +0200 CEST m=+10080.660033475,33.1922721862793
2023-06-27 21:56:57.168868103 +0200 CEST m=+10080.660039423,33.345558166503906
2023-06-27 21:56:57.168874429 +0200 CEST m=+10080.660045748,33.540733337402344
2023-06-27 21:56:57.1688807 +0200 CEST m=+10080.660052021,33.777259826660156
2023-06-27 21:56:57.168932763 +0200 CEST m=+10080.660104092,34.05448913574219
2023-06-27 21:56:57.169117339 +0200 CEST m=+10080.660288659,34.37168502807617
2023-06-27 21:56:57.169242298 +0200 CEST m=+10080.660413617,34.72799301147461
2023-06-27 21:56:57.18477355 +0200 CEST m=+10080.675944873,35.12247848510742
2023-06-27 21:56:57.184787706 +0200 CEST m=+10080.675959026,35.16455078125
2023-06-27 21:56:57.184795483 +0200 CEST m=+10080.675966804,34.783939361572266
2023-06-27 21:56:57.184803451 +0200 CEST m=+10080.675974771,34.44217300415039
2023-06-27 21:56:57.184809328 +0200 CEST m=+10080.675980649,34.14007568359375
2023-06-27 21:56:57.184816182 +0200 CEST m=+10080.675987503,33.878360748291016
2023-06-27 21:56:57.184825253 +0200 CEST m=+10080.675996573,33.65764617919922
2023-06-27 21:56:57.184831331 +0200 CEST m=+10080.676002651,33.47844696044922
2023-06-27 21:56:57.184838301 +0200 CEST m=+10080.676009622,33.34116744995117
2023-06-27 21:56:57.184844795 +0200 CEST m=+10080.676016116,33.24610900878906
2023-06-27 21:56:57.184851533 +0200 CEST m=+10080.676022854,33.19346237182617
2023-06-27 21:56:57.184857594 +0200 CEST m=+10080.676028914,33.183319091796875
2023-06-27 21:56:57.184863979 +0200 CEST m=+10080.676035299,33.21565246582031
2023-06-27 21:56:57.184899599 +0200 CEST m=+10080.676070924,33.31559753417969
2023-06-27 21:56:57.185080435 +0200 CEST m=+10080.676251768,33.48122024536133
2023-06-27 21:56:57.185272432 +0200 CEST m=+10080.676443762,33.71177673339844
2023-06-27 21:56:57.200733009 +0200 CEST m=+10080.691904343,34.006263732910156
2023-06-27 21:56:57.200744697 +0200 CEST m=+10080.691916029,34.363433837890625
2023-06-27 21:56:57.200804533 +0200 CEST m=+10080.691975865,34.78178787231445
2023-06-27 21:56:57.20086855 +0200 CEST m=+10080.692039884,35.25959396362305
2023-06-27 21:56:57.200880881 +0200 CEST m=+10080.692052215,36.31987762451172
2023-06-27 21:56:57.200892109 +0200 CEST m=+10080.692063441,37.95728302001953
2023-06-27 21:56:57.200906158 +0200 CEST m=+10080.692077492,39.6399040222168
2023-06-27 21:56:57.200918315 +0200 CEST m=+10080.692089648,41.36104202270508
2023-06-27 21:56:57.200930204 +0200 CEST m=+10080.692101534,43.113853454589844
2023-06-27 21:56:57.200943602 +0200 CEST m=+10080.692114936,44.89137649536133
2023-06-27 21:56:57.200958789 +0200 CEST m=+10080.692130121,46.68656539916992
2023-06-27 21:56:57.200969929 +0200 CEST m=+10080.692141263,48.492305755615234
2023-06-27 21:56:57.200980833 +0200 CEST m=+10080.692152166,50.30146026611328
2023-06-27 21:56:57.201007405 +0200 CEST m=+10080.692178738,52.10688781738281
2023-06-27 21:56:57.20137328 +0200 CEST m=+10080.692544621,53.90147018432617
2023-06-27 21:56:57.201673526 +0200 CEST m=+10080.692844866,55.3245735168457
2023-06-27 21:56:57.216707564 +0200 CEST m=+10080.707878891,56.73263168334961
2023-06-27 21:56:57.216736372 +0200 CEST m=+10080.707907697,58.122100830078125
2023-06-27 21:56:57.216756552 +0200 CEST m=+10080.707927881,59.489498138427734
2023-06-27 21:56:57.216777654 +0200 CEST m=+10080.707948983,60.83138656616211
2023-06-27 21:56:57.216794575 +0200 CEST m=+10080.707965903,62.144412994384766
2023-06-27 21:56:57.216812699 +0200 CEST m=+10080.707984027,63.42528533935547
2023-06-27 21:56:57.216831052 +0200 CEST m=+10080.708002388,64.4285888671875
2023-06-27 21:56:57.216847764 +0200 CEST m=+10080.708019090,64.80648803710938
2023-06-27 21:56:57.2168647 +0200 CEST m=+10080.708036028,65.14657592773438
2023-06-27 21:56:57.216881349 +0200 CEST m=+10080.708052676,65.44802856445312
2023-06-27 21:56:57.216900665 +0200 CEST m=+10080.708071992,65.71012878417969
2023-06-27 21:56:57.216916235 +0200 CEST m=+10080.708087561,65.93225860595703
2023-06-27 21:56:57.216937963 +0200 CEST m=+10080.708109293,66.11390686035156
2023-06-27 21:56:57.217025049 +0200 CEST m=+10080.708196380,66.25465393066406
2023-06-27 21:56:57.217275643 +0200 CEST m=+10080.708446974,66.35419464111328
2023-06-27 21:56:57.217575318 +0200 CEST m=+10080.708746654,66.41232299804688
2023-06-27 21:56:57.232755355 +0200 CEST m=+10080.723926683,66.4289321899414
2023-06-27 21:56:57.232788156 +0200 CEST m=+10080.723959482,70.3739242553711
2023-06-27 21:56:57.232806462 +0200 CEST m=+10080.723977793,70.31902313232422
2023-06-27 21:56:57.232825191 +0200 CEST m=+10080.723996520,70.21263885498047
2023-06-27 21:56:57.232838479 +0200 CEST m=+10080.724009800,70.05496978759766
2023-06-27 21:56:57.232847154 +0200 CEST m=+10080.724018475,69.84632873535156
2023-06-27 21:56:57.23286216 +0200 CEST m=+10080.724033483,69.58716583251953
2023-06-27 21:56:57.232875289 +0200 CEST m=+10080.724046610,69.2780532836914
2023-06-27 21:56:57.232881858 +0200 CEST m=+10080.724053179,68.9197006225586
2023-06-27 21:56:57.232888873 +0200 CEST m=+10080.724060195,68.512939453125
2023-06-27 21:56:57.232895823 +0200 CEST m=+10080.724067145,68.05872344970703
2023-06-27 21:56:57.232902515 +0200 CEST m=+10080.724073837,68.0315933227539
2023-06-27 21:56:57.232908598 +0200 CEST m=+10080.724079918,68.51878356933594
2023-06-27 21:56:57.232957628 +0200 CEST m=+10080.724128949,68.95988464355469
2023-06-27 21:56:57.233181731 +0200 CEST m=+10080.724353052,71.099609375
2023-06-27 21:56:57.233362384 +0200 CEST m=+10080.724533715,71.57453918457031
2023-06-27 21:56:57.252713339 +0200 CEST m=+10080.743884661,71.9655532836914
2023-06-27 21:56:57.252725042 +0200 CEST m=+10080.743896366,72.2708511352539
2023-06-27 21:56:57.25281909 +0200 CEST m=+10080.743990425,72.48895263671875
2023-06-27 21:56:57.252855471 +0200 CEST m=+10080.744026802,72.61873626708984
2023-06-27 21:56:57.252870552 +0200 CEST m=+10080.744041885,72.6594009399414
2023-06-27 21:56:57.252884606 +0200 CEST m=+10080.744055939,72.61052703857422
2023-06-27 21:56:57.252900982 +0200 CEST m=+10080.744072314,72.47203063964844
2023-06-27 21:56:57.252918184 +0200 CEST m=+10080.744089518,72.24417877197266
2023-06-27 21:56:57.25293332 +0200 CEST m=+10080.744104652,71.92760467529297
2023-06-27 21:56:57.252950931 +0200 CEST m=+10080.744122265,71.5232925415039
2023-06-27 21:56:57.25296508 +0200 CEST m=+10080.744136413,71.03257751464844
2023-06-27 21:56:57.252978576 +0200 CEST m=+10080.744149910,70.45714569091797
2023-06-27 21:56:57.252992341 +0200 CEST m=+10080.744163670,69.65483856201172
2023-06-27 21:56:57.253007453 +0200 CEST m=+10080.744178786,67.4735107421875
2023-06-27 21:56:57.253174371 +0200 CEST m=+10080.744345703,65.02426147460938
2023-06-27 21:56:57.253362303 +0200 CEST m=+10080.744533637,62.72846221923828
2023-06-27 21:56:57.25366922 +0200 CEST m=+10080.744840556,59.585365295410156
2023-06-27 21:56:57.253982567 +0200 CEST m=+10080.745153901,57.24545669555664
2023-06-27 21:56:57.254268906 +0200 CEST m=+10080.745440239,55.136234283447266
2023-06-27 21:56:57.268888801 +0200 CEST m=+10080.760060141,53.45582962036133
2023-06-27 21:56:57.268929431 +0200 CEST m=+10080.760100767,51.765892028808594
2023-06-27 21:56:57.268975677 +0200 CEST m=+10080.760147011,50.070682525634766
2023-06-27 21:56:57.269004648 +0200 CEST m=+10080.760175987,48.530860900878906
2023-06-27 21:56:57.269028967 +0200 CEST m=+10080.760200302,47.002777099609375
2023-06-27 21:56:57.269050598 +0200 CEST m=+10080.760221934,45.48352813720703
2023-06-27 21:56:57.269070967 +0200 CEST m=+10080.760242305,43.9769401550293
2023-06-27 21:56:57.269098728 +0200 CEST m=+10080.760270062,42.48681640625
2023-06-27 21:56:57.269144046 +0200 CEST m=+10080.760315383,41.01689529418945
2023-06-27 21:56:57.269171989 +0200 CEST m=+10080.760343327,39.570884704589844
2023-06-27 21:56:57.269225506 +0200 CEST m=+10080.760396840,38.152408599853516
2023-06-27 21:56:57.26925113 +0200 CEST m=+10080.760422465,37.35758590698242
2023-06-27 21:56:57.269273602 +0200 CEST m=+10080.760444942,36.06978225708008
2023-06-27 21:56:57.269297089 +0200 CEST m=+10080.760468428,35.274932861328125
2023-06-27 21:56:57.269845387 +0200 CEST m=+10080.761016729,34.90392303466797
2023-06-27 21:56:57.270119582 +0200 CEST m=+10080.761290924,34.57157516479492
2023-06-27 21:56:57.284748198 +0200 CEST m=+10080.775919528,34.27867889404297
2023-06-27 21:56:57.284773978 +0200 CEST m=+10080.775945319,34.025917053222656
2023-06-27 21:56:57.28479371 +0200 CEST m=+10080.775965050,33.81386184692383
2023-06-27 21:56:57.28481604 +0200 CEST m=+10080.775987366,33.64299774169922
2023-06-27 21:56:57.284839369 +0200 CEST m=+10080.776010722,33.51369094848633
2023-06-27 21:56:57.284850575 +0200 CEST m=+10080.776021900,33.42620849609375
2023-06-27 21:56:57.284861133 +0200 CEST m=+10080.776032460,33.38071060180664
2023-06-27 21:56:57.284870609 +0200 CEST m=+10080.776041935,33.37724685668945
2023-06-27 21:56:57.284878899 +0200 CEST m=+10080.776050226,33.41576385498047
2023-06-27 21:56:57.284888494 +0200 CEST m=+10080.776059820,33.49610900878906
2023-06-27 21:56:57.284907442 +0200 CEST m=+10080.776078768,33.61800765991211
2023-06-27 21:56:57.284915981 +0200 CEST m=+10080.776087306,33.781097412109375
2023-06-27 21:56:57.284926086 +0200 CEST m=+10080.776097412,33.98490524291992
2023-06-27 21:56:57.28497109 +0200 CEST m=+10080.776142437,34.228851318359375
2023-06-27 21:56:57.285253092 +0200 CEST m=+10080.776424423,34.589195251464844
2023-06-27 21:56:57.285563536 +0200 CEST m=+10080.776734877,35.0096549987793
2023-06-27 21:56:57.304741468 +0200 CEST m=+10080.795912790,35.488468170166016
2023-06-27 21:56:57.304755062 +0200 CEST m=+10080.795926384,35.436710357666016
2023-06-27 21:56:57.304763831 +0200 CEST m=+10080.795935151,34.99405288696289
2023-06-27 21:56:57.304770487 +0200 CEST m=+10080.795941809,34.611412048339844
2023-06-27 21:56:57.304778445 +0200 CEST m=+10080.795949767,34.290191650390625
2023-06-27 21:56:57.304785469 +0200 CEST m=+10080.795956792,34.03153610229492
2023-06-27 21:56:57.304791861 +0200 CEST m=+10080.795963182,33.83635330200195
2023-06-27 21:56:57.304798423 +0200 CEST m=+10080.795969745,33.70529556274414
2023-06-27 21:56:57.304805272 +0200 CEST m=+10080.795976594,33.63875961303711
2023-06-27 21:56:57.304813434 +0200 CEST m=+10080.795984756,33.63688659667969
2023-06-27 21:56:57.304820781 +0200 CEST m=+10080.795992103,33.699562072753906
2023-06-27 21:56:57.304828078 +0200 CEST m=+10080.795999400,33.826419830322266
2023-06-27 21:56:57.304834787 +0200 CEST m=+10080.796006109,34.01683807373047
2023-06-27 21:56:57.305192468 +0200 CEST m=+10080.796363794,34.26994705200195
2023-06-27 21:56:57.305381127 +0200 CEST m=+10080.796552453,34.584625244140625
2023-06-27 21:56:57.305595162 +0200 CEST m=+10080.796766488,34.95951461791992
2023-06-27 21:56:57.305745321 +0200 CEST m=+10080.796916647,35.393028259277344
2023-06-27 21:56:57.305903447 +0200 CEST m=+10080.797074777,35.78083038330078
2023-06-27 21:56:57.306094843 +0200 CEST m=+10080.797266164,36.71383285522461
2023-06-27 21:56:57.306216044 +0200 CEST m=+10080.797387370,37.98470687866211
2023-06-27 21:56:57.32079767 +0200 CEST m=+10080.811969032,39.28399658203125
2023-06-27 21:56:57.320852294 +0200 CEST m=+10080.812023657,40.60837936401367
2023-06-27 21:56:57.320892955 +0200 CEST m=+10080.812064324,41.9544677734375
2023-06-27 21:56:57.320938735 +0200 CEST m=+10080.812110099,43.31882858276367
2023-06-27 21:56:57.320977286 +0200 CEST m=+10080.812148649,44.69799041748047
2023-06-27 21:56:57.321022759 +0200 CEST m=+10080.812194120,46.088443756103516
2023-06-27 21:56:57.321057441 +0200 CEST m=+10080.812228795,47.48666000366211
2023-06-27 21:56:57.32109521 +0200 CEST m=+10080.812266580,48.88909149169922
2023-06-27 21:56:57.321127603 +0200 CEST m=+10080.812298953,50.29219436645508
2023-06-27 21:56:57.321170063 +0200 CEST m=+10080.812341425,51.69241714477539
2023-06-27 21:56:57.321217571 +0200 CEST m=+10080.812388930,53.08622741699219
2023-06-27 21:56:57.321253205 +0200 CEST m=+10080.812424559,54.470115661621094
2023-06-27 21:56:57.321288602 +0200 CEST m=+10080.812459952,55.840599060058594
2023-06-27 21:56:57.321326715 +0200 CEST m=+10080.812498083,57.194236755371094
2023-06-27 21:56:57.321908628 +0200 CEST m=+10080.813079990,58.52763366699219
2023-06-27 21:56:57.322513011 +0200 CEST m=+10080.813684365,59.83745193481445
2023-06-27 21:56:57.336759744 +0200 CEST m=+10080.827931083,61.120418548583984
2023-06-27 21:56:57.336783939 +0200 CEST m=+10080.827955281,62.37333679199219
2023-06-27 21:56:57.336811907 +0200 CEST m=+10080.827983247,63.593082427978516
2023-06-27 21:56:57.336838643 +0200 CEST m=+10080.828009976,64.14111328125
2023-06-27 21:56:57.336858891 +0200 CEST m=+10080.828030223,64.48543548583984
2023-06-27 21:56:57.336877483 +0200 CEST m=+10080.828048817,64.79264831542969
2023-06-27 21:56:57.33689794 +0200 CEST m=+10080.828069272,65.0620346069336
2023-06-27 21:56:57.336923056 +0200 CEST m=+10080.828094393,65.29296112060547
2023-06-27 21:56:57.3369455 +0200 CEST m=+10080.828116833,65.48491668701172
2023-06-27 21:56:57.336970961 +0200 CEST m=+10080.828142295,65.6374740600586
2023-06-27 21:56:57.336999348 +0200 CEST m=+10080.828170687,65.75030517578125
2023-06-27 21:56:57.337022746 +0200 CEST m=+10080.828194089,65.82318115234375
2023-06-27 21:56:57.337048491 +0200 CEST m=+10080.828219824,65.85792541503906
2023-06-27 21:56:57.337130429 +0200 CEST m=+10080.828301768,65.8300552368164
2023-06-27 21:56:57.337394321 +0200 CEST m=+10080.828565663,70.79177856445312
2023-06-27 21:56:57.337584489 +0200 CEST m=+10080.828755824,70.6353988647461
2023-06-27 21:56:57.352724243 +0200 CEST m=+10080.843895569,70.39704895019531
2023-06-27 21:56:57.352732375 +0200 CEST m=+10080.843903701,70.07747650146484
2023-06-27 21:56:57.35274137 +0200 CEST m=+10080.843912695,69.6777572631836
2023-06-27 21:56:57.352750846 +0200 CEST m=+10080.843922171,69.19927978515625
2023-06-27 21:56:57.352762506 +0200 CEST m=+10080.843933831,68.64374542236328
2023-06-27 21:56:57.352784399 +0200 CEST m=+10080.843955723,68.49891662597656
2023-06-27 21:56:57.352797107 +0200 CEST m=+10080.843968432,69.12045288085938
2023-06-27 21:56:57.352807148 +0200 CEST m=+10080.843978473,69.66786193847656
2023-06-27 21:56:57.352821139 +0200 CEST m=+10080.843992464,72.49447631835938
2023-06-27 21:56:57.352833048 +0200 CEST m=+10080.844004373,72.94902038574219
2023-06-27 21:56:57.352846413 +0200 CEST m=+10080.844017738,73.31437683105469
2023-06-27 21:56:57.352859547 +0200 CEST m=+10080.844030873,73.58876037597656
2023-06-27 21:56:57.352870702 +0200 CEST m=+10080.844042026,73.77073669433594
2023-06-27 21:56:57.353062042 +0200 CEST m=+10080.844233382,73.85924530029297
2023-06-27 21:56:57.353300554 +0200 CEST m=+10080.844471884,73.85358428955078
2023-06-27 21:56:57.353495837 +0200 CEST m=+10080.844667162,73.78101348876953
2023-06-27 21:56:57.368689933 +0200 CEST m=+10080.859861257,73.64795684814453
2023-06-27 21:56:57.368702455 +0200 CEST m=+10080.859873781,73.45457458496094
2023-06-27 21:56:57.368714723 +0200 CEST m=+10080.859886050,73.201171875
2023-06-27 21:56:57.368730436 +0200 CEST m=+10080.859901762,72.88822174072266
2023-06-27 21:56:57.368745023 +0200 CEST m=+10080.859916351,72.5163345336914
2023-06-27 21:56:57.368758514 +0200 CEST m=+10080.859929839,72.0862808227539
2023-06-27 21:56:57.36877273 +0200 CEST m=+10080.859944055,71.59898376464844
2023-06-27 21:56:57.368787137 +0200 CEST m=+10080.859958463,71.05551147460938
2023-06-27 21:56:57.368799777 +0200 CEST m=+10080.859971103,67.81877136230469
2023-06-27 21:56:57.368817294 +0200 CEST m=+10080.859988620,65.68479919433594
2023-06-27 21:56:57.368832687 +0200 CEST m=+10080.860004016,63.129798889160156
2023-06-27 21:56:57.368846846 +0200 CEST m=+10080.860018168,60.57685089111328
2023-06-27 21:56:57.368853578 +0200 CEST m=+10080.860024899,59.006629943847656
2023-06-27 21:56:57.368984258 +0200 CEST m=+10080.860155588,57.41343307495117
2023-06-27 21:56:57.369241681 +0200 CEST m=+10080.860413003,55.80128860473633
2023-06-27 21:56:57.369445591 +0200 CEST m=+10080.860616913,54.17426300048828
2023-06-27 21:56:57.388773408 +0200 CEST m=+10080.879944752,52.536468505859375
2023-06-27 21:56:57.388803844 +0200 CEST m=+10080.879975198,50.89203643798828
2023-06-27 21:56:57.388834511 +0200 CEST m=+10080.880005854,49.245121002197266
2023-06-27 21:56:57.388868118 +0200 CEST m=+10080.880039464,47.599884033203125
2023-06-27 21:56:57.38889611 +0200 CEST m=+10080.880067459,45.960479736328125
2023-06-27 21:56:57.3889279 +0200 CEST m=+10080.880099243,44.3310546875
2023-06-27 21:56:57.388952897 +0200 CEST m=+10080.880124240,42.71572494506836
2023-06-27 21:56:57.388982364 +0200 CEST m=+10080.880153707,41.118568420410156
2023-06-27 21:56:57.389006715 +0200 CEST m=+10080.880178060,40.31656265258789
2023-06-27 21:56:57.389034275 +0200 CEST m=+10080.880205621,38.88788986206055
2023-06-27 21:56:57.389064336 +0200 CEST m=+10080.880235681,37.4885139465332
2023-06-27 21:56:57.389092107 +0200 CEST m=+10080.880263453,36.121944427490234
2023-06-27 21:56:57.389117622 +0200 CEST m=+10080.880288965,34.8282585144043
2023-06-27 21:56:57.389191593 +0200 CEST m=+10080.880362936,34.54804611206055
2023-06-27 21:56:57.389504861 +0200 CEST m=+10080.880676207,35.62656021118164
2023-06-27 21:56:57.389864065 +0200 CEST m=+10080.881035395,35.27262878417969
2023-06-27 21:56:57.390160394 +0200 CEST m=+10080.881331744,34.977840423583984
2023-06-27 21:56:57.3904949 +0200 CEST m=+10080.881666229,34.74319076538086
2023-06-27 21:56:57.390703542 +0200 CEST m=+10080.881874874,34.56942367553711
2023-06-27 21:56:57.390977126 +0200 CEST m=+10080.882148471,34.45704650878906
2023-06-27 21:56:57.404720153 +0200 CEST m=+10080.895891487,34.40632629394531
2023-06-27 21:56:57.404735845 +0200 CEST m=+10080.895907185,34.41727066040039
2023-06-27 21:56:57.404770737 +0200 CEST m=+10080.895942061,34.489662170410156
2023-06-27 21:56:57.404780086 +0200 CEST m=+10080.895951410,34.623023986816406
2023-06-27 21:56:57.404789689 +0200 CEST m=+10080.895961014,34.816654205322266
2023-06-27 21:56:57.404799777 +0200 CEST m=+10080.895971101,35.06959915161133
2023-06-27 21:56:57.404810791 +0200 CEST m=+10080.895982115,35.38069152832031
2023-06-27 21:56:57.404818917 +0200 CEST m=+10080.895990242,35.7485237121582
2023-06-27 21:56:57.404827314 +0200 CEST m=+10080.895998639,36.17147445678711
2023-06-27 21:56:57.40483537 +0200 CEST m=+10080.896006694,36.647705078125
2023-06-27 21:56:57.404844069 +0200 CEST m=+10080.896015393,36.24184799194336
2023-06-27 21:56:57.404854075 +0200 CEST m=+10080.896025399,35.859336853027344
2023-06-27 21:56:57.404894542 +0200 CEST m=+10080.896065866,35.533775329589844
2023-06-27 21:56:57.405416198 +0200 CEST m=+10080.896587534,35.31508255004883
2023-06-27 21:56:57.405699631 +0200 CEST m=+10080.896870956,35.134010314941406
2023-06-27 21:56:57.405921947 +0200 CEST m=+10080.897093277,34.99093246459961
2023-06-27 21:56:57.424698375 +0200 CEST m=+10080.915869702,34.88611602783203
2023-06-27 21:56:57.424707797 +0200 CEST m=+10080.915879124,34.819732666015625
2023-06-27 21:56:57.424717506 +0200 CEST m=+10080.915888832,34.79185485839844
2023-06-27 21:56:57.424790682 +0200 CEST m=+10080.915962015,34.80246353149414
2023-06-27 21:56:57.42481176 +0200 CEST m=+10080.915983099,34.85143280029297
2023-06-27 21:56:57.42483278 +0200 CEST m=+10080.916004112,34.93854904174805
2023-06-27 21:56:57.42485111 +0200 CEST m=+10080.916022442,35.06349563598633
2023-06-27 21:56:57.424869806 +0200 CEST m=+10080.916041134,35.22586441040039
2023-06-27 21:56:57.424885617 +0200 CEST m=+10080.916056944,35.42515182495117
2023-06-27 21:56:57.424908873 +0200 CEST m=+10080.916080199,35.660770416259766
2023-06-27 21:56:57.424932807 +0200 CEST m=+10080.916104143,35.93202209472656
2023-06-27 21:56:57.424959035 +0200 CEST m=+10080.916130374,36.23814392089844
2023-06-27 21:56:57.424983943 +0200 CEST m=+10080.916155284,36.57827377319336
2023-06-27 21:56:57.425007699 +0200 CEST m=+10080.916179046,36.95146179199219
2023-06-27 21:56:57.425214005 +0200 CEST m=+10080.916385332,38.01596450805664
2023-06-27 21:56:57.425487026 +0200 CEST m=+10080.916658362,39.20219039916992
2023-06-27 21:56:57.425751914 +0200 CEST m=+10080.916923243,40.412750244140625
2023-06-27 21:56:57.426063271 +0200 CEST m=+10080.917234604,41.64451217651367
2023-06-27 21:56:57.426323373 +0200 CEST m=+10080.917494705,42.894317626953125
2023-06-27 21:56:57.426562928 +0200 CEST m=+10080.917734262,44.158958435058594
2023-06-27 21:56:57.444720814 +0200 CEST m=+10080.935892134,45.43519592285156
2023-06-27 21:56:57.444731147 +0200 CEST m=+10080.935902468,46.71977233886719
2023-06-27 21:56:57.444737099 +0200 CEST m=+10080.935908419,48.009422302246094
2023-06-27 21:56:57.444792805 +0200 CEST m=+10080.935964127,49.300872802734375
2023-06-27 21:56:57.444813638 +0200 CEST m=+10080.935984960,50.59084701538086
2023-06-27 21:56:57.444830813 +0200 CEST m=+10080.936002140,51.87609100341797
2023-06-27 21:56:57.44484678 +0200 CEST m=+10080.936018101,53.15336227416992
2023-06-27 21:56:57.444861659 +0200 CEST m=+10080.936032980,54.41945266723633
2023-06-27 21:56:57.444872318 +0200 CEST m=+10080.936043639,55.67118835449219
2023-06-27 21:56:57.444883245 +0200 CEST m=+10080.936054566,57.210906982421875
2023-06-27 21:56:57.4448899 +0200 CEST m=+10080.936061221,58.71731185913086
2023-06-27 21:56:57.444896309 +0200 CEST m=+10080.936067630,60.1845588684082
2023-06-27 21:56:57.444902273 +0200 CEST m=+10080.936073592,61.606971740722656
2023-06-27 21:56:57.444933613 +0200 CEST m=+10080.936104945,62.76478576660156
2023-06-27 21:56:57.445204366 +0200 CEST m=+10080.936375694,63.16581344604492
2023-06-27 21:56:57.445421236 +0200 CEST m=+10080.936592565,63.51362228393555
2023-06-27 21:56:57.445538218 +0200 CEST m=+10080.936709538,63.8070068359375
2023-06-27 21:56:57.445668062 +0200 CEST m=+10080.936839381,64.04498291015625
2023-06-27 21:56:57.445796276 +0200 CEST m=+10080.936967596,64.2267837524414
2023-06-27 21:56:57.445905692 +0200 CEST m=+10080.937077013,64.35186767578125
2023-06-27 21:56:57.460733178 +0200 CEST m=+10080.951904499,64.41992950439453
2023-06-27 21:56:57.460742884 +0200 CEST m=+10080.951914206,64.4308853149414
2023-06-27 21:56:57.460752118 +0200 CEST m=+10080.951923440,64.3848648071289
2023-06-27 21:56:57.460758394 +0200 CEST m=+10080.951929716,64.28224182128906
2023-06-27 21:56:57.460765441 +0200 CEST m=+10080.951936763,64.12360382080078
2023-06-27 21:56:57.460772883 +0200 CEST m=+10080.951944205,74.34309387207031
2023-06-27 21:56:57.460779025 +0200 CEST m=+10080.951950346,73.9720458984375
2023-06-27 21:56:57.460785268 +0200 CEST m=+10080.951956590,73.22628021240234
2023-06-27 21:56:57.46079357 +0200 CEST m=+10080.951964891,72.55550384521484
2023-06-27 21:56:57.46079972 +0200 CEST m=+10080.951971042,70.91193389892578
2023-06-27 21:56:57.460806417 +0200 CEST m=+10080.951977738,70.38311004638672
2023-06-27 21:56:57.460812999 +0200 CEST m=+10080.951984320,70.93470001220703
2023-06-27 21:56:57.460819402 +0200 CEST m=+10080.951990724,71.48438262939453
2023-06-27 21:56:57.460999643 +0200 CEST m=+10080.952170969,71.98137664794922
2023-06-27 21:56:57.461140531 +0200 CEST m=+10080.952311860,72.41240692138672
2023-06-27 21:56:57.480724824 +0200 CEST m=+10080.971896161,72.79957580566406
2023-06-27 21:56:57.480738133 +0200 CEST m=+10080.971909461,72.61498260498047
2023-06-27 21:56:57.480747487 +0200 CEST m=+10080.971918815,72.87944793701172
2023-06-27 21:56:57.480761898 +0200 CEST m=+10080.971933227,73.08672332763672
2023-06-27 21:56:57.480773585 +0200 CEST m=+10080.971944913,73.2361068725586
2023-06-27 21:56:57.480783253 +0200 CEST m=+10080.971954581,73.32704162597656
2023-06-27 21:56:57.48079299 +0200 CEST m=+10080.971964318,73.35913848876953
2023-06-27 21:56:57.480803596 +0200 CEST m=+10080.971974924,73.3321304321289
2023-06-27 21:56:57.480812865 +0200 CEST m=+10080.971984194,73.24591064453125
2023-06-27 21:56:57.480822934 +0200 CEST m=+10080.971994263,73.10053253173828
2023-06-27 21:56:57.480832438 +0200 CEST m=+10080.972003766,72.89618682861328
2023-06-27 21:56:57.480842557 +0200 CEST m=+10080.972013885,72.63321685791016
2023-06-27 21:56:57.48085344 +0200 CEST m=+10080.972024768,72.3121109008789
2023-06-27 21:56:57.481010482 +0200 CEST m=+10080.972181827,71.93352508544922
2023-06-27 21:56:57.481335505 +0200 CEST m=+10080.972506845,71.49825286865234
2023-06-27 21:56:57.481736218 +0200 CEST m=+10080.972907551,71.0072250366211
2023-06-27 21:56:57.482002446 +0200 CEST m=+10080.973173774,69.4771499633789
2023-06-27 21:56:57.482228518 +0200 CEST m=+10080.973399844,65.76018524169922
2023-06-27 21:56:57.4824522 +0200 CEST m=+10080.973623526,64.17840576171875
2023-06-27 21:56:57.4826659 +0200 CEST m=+10080.973837227,62.558895111083984
2023-06-27 21:56:57.500749472 +0200 CEST m=+10080.991920798,60.503780364990234
2023-06-27 21:56:57.500762745 +0200 CEST m=+10080.991934071,58.88108825683594
2023-06-27 21:56:57.50077812 +0200 CEST m=+10080.991949446,57.2347297668457
2023-06-27 21:56:57.50079107 +0200 CEST m=+10080.991962396,55.033992767333984
2023-06-27 21:56:57.500808036 +0200 CEST m=+10080.991979362,53.51202392578125
2023-06-27 21:56:57.500821013 +0200 CEST m=+10080.991992340,51.59865951538086
2023-06-27 21:56:57.500833318 +0200 CEST m=+10080.992004644,49.680233001708984
2023-06-27 21:56:57.50084705 +0200 CEST m=+10080.992018376,47.764320373535156
2023-06-27 21:56:57.500860467 +0200 CEST m=+10080.992031793,45.85847854614258
2023-06-27 21:56:57.500873783 +0200 CEST m=+10080.992045114,43.97022247314453
2023-06-27 21:56:57.500889889 +0200 CEST m=+10080.992061215,42.10698699951172
2023-06-27 21:56:57.50090286 +0200 CEST m=+10080.992074186,40.2761116027832
2023-06-27 21:56:57.500916024 +0200 CEST m=+10080.992087349,38.48480224609375
2023-06-27 21:56:57.500992809 +0200 CEST m=+10080.992164139,36.74009323120117
2023-06-27 21:56:57.501242911 +0200 CEST m=+10080.992414237,35.0488395690918
2023-06-27 21:56:57.501378077 +0200 CEST m=+10080.992549403,34.3376579284668
2023-06-27 21:56:57.501518663 +0200 CEST m=+10080.992689987,33.87275314331055
2023-06-27 21:56:57.501702443 +0200 CEST m=+10080.992873770,33.47178268432617
2023-06-27 21:56:57.501893205 +0200 CEST m=+10080.993064529,33.136287689208984
2023-06-27 21:56:57.50207623 +0200 CEST m=+10080.993247557,32.8675422668457
2023-06-27 21:56:57.51675691 +0200 CEST m=+10081.007928236,32.66657257080078
2023-06-27 21:56:57.516773302 +0200 CEST m=+10081.007944629,32.534122467041016
2023-06-27 21:56:57.516791275 +0200 CEST m=+10081.007962601,32.47066879272461
2023-06-27 21:56:57.516810515 +0200 CEST m=+10081.007981844,32.46973419189453
2023-06-27 21:56:57.516821996 +0200 CEST m=+10081.007993316,32.51306915283203
2023-06-27 21:56:57.516836574 +0200 CEST m=+10081.008007896,32.60055160522461
2023-06-27 21:56:57.516847576 +0200 CEST m=+10081.008018899,32.73192596435547
2023-06-27 21:56:57.516857258 +0200 CEST m=+10081.008028579,32.90684509277344
2023-06-27 21:56:57.51686427 +0200 CEST m=+10081.008035593,33.12484359741211
2023-06-27 21:56:57.516873145 +0200 CEST m=+10081.008044468,33.385345458984375
2023-06-27 21:56:57.516881756 +0200 CEST m=+10081.008053077,33.68767166137695
2023-06-27 21:56:57.516891166 +0200 CEST m=+10081.008062488,34.031036376953125
2023-06-27 21:56:57.516898873 +0200 CEST m=+10081.008070195,34.41455078125
2023-06-27 21:56:57.517103645 +0200 CEST m=+10081.008274968,34.83722686767578
2023-06-27 21:56:57.517316642 +0200 CEST m=+10081.008487969,34.45613479614258
2023-06-27 21:56:57.517500014 +0200 CEST m=+10081.008671334,34.07789611816406
2023-06-27 21:56:57.532864307 +0200 CEST m=+10081.024035636,33.74007034301758
2023-06-27 21:56:57.532879767 +0200 CEST m=+10081.024051092,33.443485260009766
2023-06-27 21:56:57.532891569 +0200 CEST m=+10081.024062895,33.18886947631836
2023-06-27 21:56:57.53290508 +0200 CEST m=+10081.024076405,32.97684860229492
2023-06-27 21:56:57.532916912 +0200 CEST m=+10081.024088237,32.80793380737305
2023-06-27 21:56:57.532928579 +0200 CEST m=+10081.024099904,32.68252182006836
2023-06-27 21:56:57.532944623 +0200 CEST m=+10081.024115948,32.60091781616211
2023-06-27 21:56:57.532958164 +0200 CEST m=+10081.024129488,32.563297271728516
2023-06-27 21:56:57.532970986 +0200 CEST m=+10081.024142311,32.569732666015625
2023-06-27 21:56:57.533022911 +0200 CEST m=+10081.024194238,32.62018966674805
2023-06-27 21:56:57.533036718 +0200 CEST m=+10081.024208042,32.71451187133789
2023-06-27 21:56:57.533049216 +0200 CEST m=+10081.024220540,32.85243606567383
2023-06-27 21:56:57.533060979 +0200 CEST m=+10081.024232305,33.033599853515625
2023-06-27 21:56:57.533171459 +0200 CEST m=+10081.024342790,33.25751495361328
2023-06-27 21:56:57.533372733 +0200 CEST m=+10081.024544064,33.523597717285156
2023-06-27 21:56:57.533660157 +0200 CEST m=+10081.024831487,33.83115005493164
2023-06-27 21:56:57.548717171 +0200 CEST m=+10081.039888505,34.17937469482422
2023-06-27 21:56:57.548742138 +0200 CEST m=+10081.039913487,34.5673713684082
2023-06-27 21:56:57.54877546 +0200 CEST m=+10081.039946803,35.43452835083008
2023-06-27 21:56:57.548798113 +0200 CEST m=+10081.039969457,37.1229133605957
2023-06-27 21:56:57.548826144 +0200 CEST m=+10081.039997485,38.86098861694336
2023-06-27 21:56:57.548847358 +0200 CEST m=+10081.040018698,40.6418571472168
2023-06-27 21:56:57.548926931 +0200 CEST m=+10081.040098269,42.458473205566406
2023-06-27 21:56:57.548951863 +0200 CEST m=+10081.040123204,44.30363845825195
2023-06-27 21:56:57.548972818 +0200 CEST m=+10081.040144158,46.1700553894043
2023-06-27 21:56:57.548993491 +0200 CEST m=+10081.040164830,48.05034637451172
2023-06-27 21:56:57.549016765 +0200 CEST m=+10081.040188105,49.93708419799805
2023-06-27 21:56:57.549045984 +0200 CEST m=+10081.040217315,51.822818756103516
2023-06-27 21:56:57.549130865 +0200 CEST m=+10081.040302208,53.700111389160156
2023-06-27 21:56:57.549154311 +0200 CEST m=+10081.040325652,55.56155776977539
2023-06-27 21:56:57.549486354 +0200 CEST m=+10081.040657694,57.39982604980469
2023-06-27 21:56:57.549687795 +0200 CEST m=+10081.040859134,59.20767593383789
2023-06-27 21:56:57.564739994 +0200 CEST m=+10081.055911321,60.97800064086914
2023-06-27 21:56:57.564758035 +0200 CEST m=+10081.055929361,62.703834533691406
2023-06-27 21:56:57.564772683 +0200 CEST m=+10081.055944009,64.4278335571289
2023-06-27 21:56:57.564787682 +0200 CEST m=+10081.055959009,65.36026763916016
2023-06-27 21:56:57.564805815 +0200 CEST m=+10081.055977141,65.8319320678711
2023-06-27 21:56:57.564821248 +0200 CEST m=+10081.055992575,66.1641616821289
2023-06-27 21:56:57.564838251 +0200 CEST m=+10081.056009576,66.45539855957031
2023-06-27 21:56:57.564853801 +0200 CEST m=+10081.056025129,66.70494079589844
2023-06-27 21:56:57.56486909 +0200 CEST m=+10081.056040418,66.91217041015625
2023-06-27 21:56:57.564884137 +0200 CEST m=+10081.056055463,67.07658386230469
2023-06-27 21:56:57.564901209 +0200 CEST m=+10081.056072534,67.19779205322266
2023-06-27 21:56:57.564917414 +0200 CEST m=+10081.056088743,67.27550506591797
2023-06-27 21:56:57.564936086 +0200 CEST m=+10081.056107413,67.3095474243164
2023-06-27 21:56:57.565090811 +0200 CEST m=+10081.056262141,67.29985809326172
2023-06-27 21:56:57.565310353 +0200 CEST m=+10081.056481682,67.2464828491211
2023-06-27 21:56:57.56559045 +0200 CEST m=+10081.056761788,67.14957427978516
2023-06-27 21:56:57.584708696 +0200 CEST m=+10081.075880030,70.0634536743164
2023-06-27 21:56:57.584729648 +0200 CEST m=+10081.075900975,69.86748504638672
2023-06-27 21:56:57.584743975 +0200 CEST m=+10081.075915309,69.62097930908203
2023-06-27 21:56:57.58475901 +0200 CEST m=+10081.075930341,69.32447052001953
2023-06-27 21:56:57.584774507 +0200 CEST m=+10081.075945840,68.9786376953125
2023-06-27 21:56:57.584789194 +0200 CEST m=+10081.075960525,68.58427429199219
2023-06-27 21:56:57.584805291 +0200 CEST m=+10081.075976625,68.1423110961914
2023-06-27 21:56:57.584821668 +0200 CEST m=+10081.075993002,67.86856842041016
2023-06-27 21:56:57.584836437 +0200 CEST m=+10081.076007766,68.36578369140625
2023-06-27 21:56:57.584850781 +0200 CEST m=+10081.076022114,68.81730651855469
2023-06-27 21:56:57.584867449 +0200 CEST m=+10081.076038783,69.22191619873047
2023-06-27 21:56:57.584882048 +0200 CEST m=+10081.076053382,69.57852935791016
2023-06-27 21:56:57.584896744 +0200 CEST m=+10081.076068079,69.88616180419922
2023-06-27 21:56:57.584962796 +0200 CEST m=+10081.076134123,70.14395904541016
2023-06-27 21:56:57.585136696 +0200 CEST m=+10081.076308019,70.35120391845703
2023-06-27 21:56:57.5852989 +0200 CEST m=+10081.076470222,70.50729370117188
2023-06-27 21:56:57.585481646 +0200 CEST m=+10081.076652979,70.61174774169922
2023-06-27 21:56:57.585656087 +0200 CEST m=+10081.076827421,70.66423034667969
2023-06-27 21:56:57.585861858 +0200 CEST m=+10081.077033184,70.66453552246094
2023-06-27 21:56:57.586046072 +0200 CEST m=+10081.077217398,70.6125717163086
2023-06-27 21:56:57.59671328 +0200 CEST m=+10081.087884613,70.5083999633789
2023-06-27 21:56:57.596725544 +0200 CEST m=+10081.087896869,70.30506134033203
2023-06-27 21:56:57.596744784 +0200 CEST m=+10081.087916111,70.0210952758789
2023-06-27 21:56:57.596757664 +0200 CEST m=+10081.087928993,69.657470703125
2023-06-27 21:56:57.596771592 +0200 CEST m=+10081.087942921,69.21548461914062
2023-06-27 21:56:57.596788457 +0200 CEST m=+10081.087959787,68.69673156738281
2023-06-27 21:56:57.59680086 +0200 CEST m=+10081.087972191,68.10311889648438
2023-06-27 21:56:57.596812703 +0200 CEST m=+10081.087984033,66.25856018066406
2023-06-27 21:56:57.596827121 +0200 CEST m=+10081.087998467,64.21519470214844
2023-06-27 21:56:57.596839539 +0200 CEST m=+10081.088010871,62.111839294433594
2023-06-27 21:56:57.596851313 +0200 CEST m=+10081.088022641,59.95670700073242
2023-06-27 21:56:57.596864982 +0200 CEST m=+10081.088036310,57.758216857910156
2023-06-27 21:56:57.612738185 +0200 CEST m=+10081.103909525,55.49856185913086
2023-06-27 21:56:57.612757922 +0200 CEST m=+10081.103929262,53.25004196166992
2023-06-27 21:56:57.612772283 +0200 CEST m=+10081.103943624,50.984657287597656
2023-06-27 21:56:57.612786135 +0200 CEST m=+10081.103957473,48.741355895996094
2023-06-27 21:56:57.612800829 +0200 CEST m=+10081.103972169,46.717185974121094
2023-06-27 21:56:57.612814333 +0200 CEST m=+10081.103985672,44.63481903076172
2023-06-27 21:56:57.612829547 +0200 CEST m=+10081.104000887,42.57240295410156
2023-06-27 21:56:57.612846809 +0200 CEST m=+10081.104018148,41.5592041015625
2023-06-27 21:56:57.61286058 +0200 CEST m=+10081.104031919,40.06520462036133
2023-06-27 21:56:57.612876219 +0200 CEST m=+10081.104047556,38.59693145751953
2023-06-27 21:56:57.612891006 +0200 CEST m=+10081.104062344,37.1580810546875
2023-06-27 21:56:57.612906159 +0200 CEST m=+10081.104077499,36.037147521972656
2023-06-27 21:56:57.61292252 +0200 CEST m=+10081.104093860,34.734230041503906
2023-06-27 21:56:57.613262689 +0200 CEST m=+10081.104434038,34.31825256347656
2023-06-27 21:56:57.61353965 +0200 CEST m=+10081.104710995,33.942169189453125
2023-06-27 21:56:57.613844227 +0200 CEST m=+10081.105015575,34.19791793823242
2023-06-27 21:56:57.62875369 +0200 CEST m=+10081.119925025,33.918907165527344
2023-06-27 21:56:57.628773531 +0200 CEST m=+10081.119944866,33.68083953857422
2023-06-27 21:56:57.628794074 +0200 CEST m=+10081.119965418,33.48426818847656
2023-06-27 21:56:57.628816999 +0200 CEST m=+10081.119988335,33.32963943481445
2023-06-27 21:56:57.628835382 +0200 CEST m=+10081.120006716,33.21729278564453
2023-06-27 21:56:57.628854943 +0200 CEST m=+10081.120026277,33.1474609375
2023-06-27 21:56:57.628888737 +0200 CEST m=+10081.120060076,33.12027359008789
2023-06-27 21:56:57.628909058 +0200 CEST m=+10081.120080393,33.1357421875
2023-06-27 21:56:57.628928568 +0200 CEST m=+10081.120099902,33.193782806396484
2023-06-27 21:56:57.62895403 +0200 CEST m=+10081.120125372,33.294189453125
2023-06-27 21:56:57.628975595 +0200 CEST m=+10081.120146930,33.43666458129883
2023-06-27 21:56:57.628993786 +0200 CEST m=+10081.120165121,33.62079620361328
2023-06-27 21:56:57.629013739 +0200 CEST m=+10081.120185081,33.8460693359375
2023-06-27 21:56:57.629102814 +0200 CEST m=+10081.120274144,34.11186218261719
2023-06-27 21:56:57.629353737 +0200 CEST m=+10081.120525067,34.417457580566406
2023-06-27 21:56:57.629659854 +0200 CEST m=+10081.120831181,34.76203536987305
2023-06-27 21:56:57.648743863 +0200 CEST m=+10081.139915185,35.144676208496094
2023-06-27 21:56:57.648750878 +0200 CEST m=+10081.139922199,35.38874435424805
2023-06-27 21:56:57.648758311 +0200 CEST m=+10081.139929632,35.00260925292969
2023-06-27 21:56:57.648765593 +0200 CEST m=+10081.139936914,34.65481948852539
2023-06-27 21:56:57.648772308 +0200 CEST m=+10081.139943630,34.34619903564453
2023-06-27 21:56:57.648778796 +0200 CEST m=+10081.139950117,34.077484130859375
2023-06-27 21:56:57.648786056 +0200 CEST m=+10081.139957378,33.849300384521484
2023-06-27 21:56:57.648830083 +0200 CEST m=+10081.140001414,33.62187194824219
2023-06-27 21:56:57.648846477 +0200 CEST m=+10081.140017803,33.45939254760742
2023-06-27 21:56:57.648860881 +0200 CEST m=+10081.140032207,33.362403869628906
2023-06-27 21:56:57.648873427 +0200 CEST m=+10081.140044753,33.331199645996094
2023-06-27 21:56:57.648886635 +0200 CEST m=+10081.140057961,33.36579132080078
2023-06-27 21:56:57.648900546 +0200 CEST m=+10081.140071867,33.46595001220703
2023-06-27 21:56:57.648965878 +0200 CEST m=+10081.140137198,33.63117599487305
2023-06-27 21:56:57.64909606 +0200 CEST m=+10081.140267382,33.8607177734375
2023-06-27 21:56:57.649225259 +0200 CEST m=+10081.140396580,34.15357971191406
2023-06-27 21:56:57.649443013 +0200 CEST m=+10081.140614334,34.50850296020508
2023-06-27 21:56:57.649661637 +0200 CEST m=+10081.140832958,34.92399215698242
2023-06-27 21:56:57.649762607 +0200 CEST m=+10081.140933928,35.3983154296875
2023-06-27 21:56:57.649884748 +0200 CEST m=+10081.141056068,36.44953536987305
2023-06-27 21:56:57.66474751 +0200 CEST m=+10081.155918852,38.072227478027344
2023-06-27 21:56:57.664780435 +0200 CEST m=+10081.155951788,39.73948669433594
2023-06-27 21:56:57.664806425 +0200 CEST m=+10081.155977777,41.444664001464844
2023-06-27 21:56:57.664833489 +0200 CEST m=+10081.156004833,43.180973052978516
2023-06-27 21:56:57.664861248 +0200 CEST m=+10081.156032592,44.94151306152344
2023-06-27 21:56:57.664888223 +0200 CEST m=+10081.156059568,46.36270523071289
2023-06-27 21:56:57.664916577 +0200 CEST m=+10081.156087920,47.79133224487305
2023-06-27 21:56:57.664952735 +0200 CEST m=+10081.156124081,49.223777770996094
2023-06-27 21:56:57.664980327 +0200 CEST m=+10081.156151667,50.65642166137695
2023-06-27 21:56:57.665010374 +0200 CEST m=+10081.156181719,52.08563995361328
2023-06-27 21:56:57.665037494 +0200 CEST m=+10081.156208834,53.50783157348633
2023-06-27 21:56:57.665064619 +0200 CEST m=+10081.156235966,54.91940689086914
2023-06-27 21:56:57.66509348 +0200 CEST m=+10081.156264828,56.31681823730469
2023-06-27 21:56:57.665272957 +0200 CEST m=+10081.156444319,57.69655227661133
2023-06-27 21:56:57.665723938 +0200 CEST m=+10081.156895279,59.055145263671875
2023-06-27 21:56:57.666032782 +0200 CEST m=+10081.157204124,60.389190673828125
2023-06-27 21:56:57.684768297 +0200 CEST m=+10081.175939622,61.69534683227539
2023-06-27 21:56:57.684780296 +0200 CEST m=+10081.175951623,62.97035217285156
2023-06-27 21:56:57.684797648 +0200 CEST m=+10081.175968973,64.1767807006836
2023-06-27 21:56:57.684812039 +0200 CEST m=+10081.175983364,64.55909729003906
2023-06-27 21:56:57.684826566 +0200 CEST m=+10081.175997892,64.9041748046875
2023-06-27 21:56:57.684838394 +0200 CEST m=+10081.176009720,65.21118927001953
2023-06-27 21:56:57.68485233 +0200 CEST m=+10081.176023656,65.47940826416016
2023-06-27 21:56:57.684870692 +0200 CEST m=+10081.176042017,65.70819854736328
2023-06-27 21:56:57.684885554 +0200 CEST m=+10081.176056879,65.89704132080078
2023-06-27 21:56:57.684901659 +0200 CEST m=+10081.176072985,66.04550170898438
2023-06-27 21:56:57.684914575 +0200 CEST m=+10081.176085900,66.15325927734375
2023-06-27 21:56:57.684932008 +0200 CEST m=+10081.176103333,66.2200927734375
2023-06-27 21:56:57.684945355 +0200 CEST m=+10081.176116682,66.24588012695312
2023-06-27 21:56:57.68503387 +0200 CEST m=+10081.176205195,66.2306137084961
2023-06-27 21:56:57.685311159 +0200 CEST m=+10081.176482487,66.17437744140625
2023-06-27 21:56:57.685718616 +0200 CEST m=+10081.176889941,66.07736206054688
2023-06-27 21:56:57.685951132 +0200 CEST m=+10081.177122463,65.93987274169922
2023-06-27 21:56:57.686185651 +0200 CEST m=+10081.177356983,65.76229858398438
2023-06-27 21:56:57.686402764 +0200 CEST m=+10081.177574096,71.28944396972656
2023-06-27 21:56:57.686574512 +0200 CEST m=+10081.177745840,70.9781723022461
2023-06-27 21:56:57.704790518 +0200 CEST m=+10081.195961849,70.61299896240234
2023-06-27 21:56:57.704894394 +0200 CEST m=+10081.196065715,70.08193969726562
2023-06-27 21:56:57.704943233 +0200 CEST m=+10081.196114555,69.4697265625
2023-06-27 21:56:57.704966942 +0200 CEST m=+10081.196138264,69.85380554199219
2023-06-27 21:56:57.704978259 +0200 CEST m=+10081.196149580,70.48838806152344
2023-06-27 21:56:57.704990339 +0200 CEST m=+10081.196161661,71.04386901855469
2023-06-27 21:56:57.705006909 +0200 CEST m=+10081.196178233,71.51780700683594
2023-06-27 21:56:57.705021076 +0200 CEST m=+10081.196192400,71.9080581665039
2023-06-27 21:56:57.70503306 +0200 CEST m=+10081.196204382,72.21282958984375
2023-06-27 21:56:57.705050722 +0200 CEST m=+10081.196222044,75.66097259521484
2023-06-27 21:56:57.705062837 +0200 CEST m=+10081.196234160,74.73206329345703
2023-06-27 21:56:57.70507258 +0200 CEST m=+10081.196243903,74.79052734375
2023-06-27 21:56:57.70508385 +0200 CEST m=+10081.196255173,74.75096893310547
2023-06-27 21:56:57.705655753 +0200 CEST m=+10081.196827078,74.61314392089844
2023-06-27 21:56:57.705893476 +0200 CEST m=+10081.197064806,74.37718200683594
2023-06-27 21:56:57.706103339 +0200 CEST m=+10081.197274671,74.04363250732422
2023-06-27 21:56:57.706319978 +0200 CEST m=+10081.197491310,73.61338806152344
2023-06-27 21:56:57.706523444 +0200 CEST m=+10081.197694774,73.0877685546875
2023-06-27 21:56:57.706691477 +0200 CEST m=+10081.197862806,72.32588195800781
2023-06-27 21:56:57.720718239 +0200 CEST m=+10081.211889562,70.77759552001953
2023-06-27 21:56:57.720741652 +0200 CEST m=+10081.211912975,67.01570892333984
2023-06-27 21:56:57.720752074 +0200 CEST m=+10081.211923395,65.3126220703125
2023-06-27 21:56:57.720759034 +0200 CEST m=+10081.211930357,63.56771469116211
2023-06-27 21:56:57.720765771 +0200 CEST m=+10081.211937094,60.81407165527344
2023-06-27 21:56:57.720775594 +0200 CEST m=+10081.211946916,59.14377212524414
2023-06-27 21:56:57.720784222 +0200 CEST m=+10081.211955545,57.44350814819336
2023-06-27 21:56:57.720791349 +0200 CEST m=+10081.211962672,55.560916900634766
2023-06-27 21:56:57.720800135 +0200 CEST m=+10081.211971458,53.881526947021484
2023-06-27 21:56:57.720808193 +0200 CEST m=+10081.211979516,51.9302864074707
2023-06-27 21:56:57.720815607 +0200 CEST m=+10081.211986930,50.43589782714844
2023-06-27 21:56:57.72082287 +0200 CEST m=+10081.211994192,48.94221496582031
2023-06-27 21:56:57.720829641 +0200 CEST m=+10081.212000963,47.4530143737793
2023-06-27 21:56:57.720881495 +0200 CEST m=+10081.212052819,45.9720458984375
2023-06-27 21:56:57.721174428 +0200 CEST m=+10081.212345756,44.503047943115234
2023-06-27 21:56:57.721368261 +0200 CEST m=+10081.212539587,43.04970932006836
2023-06-27 21:56:57.736694291 +0200 CEST m=+10081.227865617,41.615684509277344
2023-06-27 21:56:57.736711136 +0200 CEST m=+10081.227882462,40.20457458496094
2023-06-27 21:56:57.736734401 +0200 CEST m=+10081.227905732,38.81991195678711
2023-06-27 21:56:57.736750827 +0200 CEST m=+10081.227922157,37.46516799926758
2023-06-27 21:56:57.736766352 +0200 CEST m=+10081.227937682,36.14372253417969
2023-06-27 21:56:57.736786648 +0200 CEST m=+10081.227957972,35.10887145996094
2023-06-27 21:56:57.736799965 +0200 CEST m=+10081.227971301,34.71952438354492
2023-06-27 21:56:57.736817496 +0200 CEST m=+10081.227988821,34.369239807128906
2023-06-27 21:56:57.736834179 +0200 CEST m=+10081.228005505,34.05885696411133
2023-06-27 21:56:57.736849009 +0200 CEST m=+10081.228020335,33.78910827636719
2023-06-27 21:56:57.736866623 +0200 CEST m=+10081.228037953,33.56062698364258
2023-06-27 21:56:57.736882462 +0200 CEST m=+10081.228053793,33.37393569946289
2023-06-27 21:56:57.736897778 +0200 CEST m=+10081.228069107,33.22945785522461
2023-06-27 21:56:57.736915488 +0200 CEST m=+10081.228086814,33.12751007080078
2023-06-27 21:56:57.737129928 +0200 CEST m=+10081.228301260,33.068294525146484
2023-06-27 21:56:57.737351159 +0200 CEST m=+10081.228522485,33.05190658569336
2023-06-27 21:56:57.756704429 +0200 CEST m=+10081.247875753,33.09162521362305
2023-06-27 21:56:57.756719382 +0200 CEST m=+10081.247890705,33.19798278808594
2023-06-27 21:56:57.756731745 +0200 CEST m=+10081.247903069,33.37045669555664
2023-06-27 21:56:57.756744071 +0200 CEST m=+10081.247915395,33.60826110839844
2023-06-27 21:56:57.756755514 +0200 CEST m=+10081.247926838,33.910362243652344
2023-06-27 21:56:57.756772637 +0200 CEST m=+10081.247943958,34.27547073364258
2023-06-27 21:56:57.756782639 +0200 CEST m=+10081.247953961,34.70204162597656
2023-06-27 21:56:57.756791633 +0200 CEST m=+10081.247962956,35.18830490112305
2023-06-27 21:56:57.756801313 +0200 CEST m=+10081.247972634,35.133087158203125
2023-06-27 21:56:57.756811665 +0200 CEST m=+10081.247982987,34.67873764038086
2023-06-27 21:56:57.756822714 +0200 CEST m=+10081.247994034,34.2855224609375
2023-06-27 21:56:57.756848176 +0200 CEST m=+10081.248019498,33.95490646362305
2023-06-27 21:56:57.756860189 +0200 CEST m=+10081.248031509,33.68809127807617
2023-06-27 21:56:57.756928208 +0200 CEST m=+10081.248099532,33.48603820800781
2023-06-27 21:56:57.757183904 +0200 CEST m=+10081.248355225,33.34943771362305
2023-06-27 21:56:57.757367696 +0200 CEST m=+10081.248539021,33.27872848510742
2023-06-27 21:56:57.75766641 +0200 CEST m=+10081.248837736,33.27408981323242
2023-06-27 21:56:57.757955556 +0200 CEST m=+10081.249126894,33.3354377746582
2023-06-27 21:56:57.758248433 +0200 CEST m=+10081.249419765,33.462425231933594
2023-06-27 21:56:57.758487448 +0200 CEST m=+10081.249658783,33.61088180541992
2023-06-27 21:56:57.776737373 +0200 CEST m=+10081.267908701,33.800540924072266
2023-06-27 21:56:57.776831815 +0200 CEST m=+10081.268003139,34.0308723449707
2023-06-27 21:56:57.776845613 +0200 CEST m=+10081.268016940,34.30124282836914
2023-06-27 21:56:57.776860873 +0200 CEST m=+10081.268032199,34.61091995239258
2023-06-27 21:56:57.776878822 +0200 CEST m=+10081.268050152,34.959075927734375
2023-06-27 21:56:57.776899631 +0200 CEST m=+10081.268070961,35.34477615356445
2023-06-27 21:56:57.776915889 +0200 CEST m=+10081.268087218,36.08024215698242
2023-06-27 21:56:57.776930722 +0200 CEST m=+10081.268102047,37.37161636352539
2023-06-27 21:56:57.776940783 +0200 CEST m=+10081.268112112,38.693267822265625
2023-06-27 21:56:57.776952299 +0200 CEST m=+10081.268123626,40.04181671142578
2023-06-27 21:56:57.776963684 +0200 CEST m=+10081.268135015,41.4138298034668
2023-06-27 21:56:57.776975727 +0200 CEST m=+10081.268147055,42.80580139160156
2023-06-27 21:56:57.776991491 +0200 CEST m=+10081.268162818,44.21419906616211
2023-06-27 21:56:57.777010341 +0200 CEST m=+10081.268181670,45.63544464111328
2023-06-27 21:56:57.777079868 +0200 CEST m=+10081.268251193,47.06592559814453
2023-06-27 21:56:57.777209213 +0200 CEST m=+10081.268380535,48.502017974853516
2023-06-27 21:56:57.777429368 +0200 CEST m=+10081.268600698,49.94009017944336
2023-06-27 21:56:57.777585178 +0200 CEST m=+10081.268756499,51.37650680541992
2023-06-27 21:56:57.777688329 +0200 CEST m=+10081.268859652,52.807640075683594
2023-06-27 21:56:57.77782544 +0200 CEST m=+10081.268996766,54.22988510131836
2023-06-27 21:56:57.796787712 +0200 CEST m=+10081.287959036,55.639652252197266
2023-06-27 21:56:57.79680111 +0200 CEST m=+10081.287972431,57.03340148925781
2023-06-27 21:56:57.79680709 +0200 CEST m=+10081.287978411,58.40763473510742
2023-06-27 21:56:57.796813796 +0200 CEST m=+10081.287985116,59.7588996887207
2023-06-27 21:56:57.796822452 +0200 CEST m=+10081.287993773,61.08381652832031
2023-06-27 21:56:57.796831625 +0200 CEST m=+10081.288002945,62.37907028198242
2023-06-27 21:56:57.796837687 +0200 CEST m=+10081.288009008,63.641422271728516
2023-06-27 21:56:57.796846478 +0200 CEST m=+10081.288017798,64.42124938964844
2023-06-27 21:56:57.79685327 +0200 CEST m=+10081.288024591,66.87999725341797
2023-06-27 21:56:57.796859513 +0200 CEST m=+10081.288030834,67.26834869384766
2023-06-27 21:56:57.796866661 +0200 CEST m=+10081.288037981,67.61325073242188
2023-06-27 21:56:57.796873645 +0200 CEST m=+10081.288044965,67.98191833496094
2023-06-27 21:56:57.796879941 +0200 CEST m=+10081.288051261,68.27981567382812
2023-06-27 21:56:57.79696845 +0200 CEST m=+10081.288139772,68.50572204589844
2023-06-27 21:56:57.797112899 +0200 CEST m=+10081.288284219,68.65870666503906
2023-06-27 21:56:57.797307415 +0200 CEST m=+10081.288478736,68.73811340332031
2023-06-27 21:56:57.79751734 +0200 CEST m=+10081.288688667,68.74359130859375
2023-06-27 21:56:57.797719927 +0200 CEST m=+10081.288891253,68.67507934570312
2023-06-27 21:56:57.79790298 +0200 CEST m=+10081.289074301,68.53279876708984
2023-06-27 21:56:57.798033449 +0200 CEST m=+10081.289204770,68.31726837158203
2023-06-27 21:56:57.816705845 +0200 CEST m=+10081.307877165,68.12928771972656
2023-06-27 21:56:57.816717143 +0200 CEST m=+10081.307888463,67.76873016357422
2023-06-27 21:56:57.81677415 +0200 CEST m=+10081.307945469,67.33777618408203
2023-06-27 21:56:57.816782666 +0200 CEST m=+10081.307953986,66.83808898925781
2023-06-27 21:56:57.816790288 +0200 CEST m=+10081.307961608,66.46954345703125
2023-06-27 21:56:57.816797696 +0200 CEST m=+10081.307969015,67.02542877197266
2023-06-27 21:56:57.816804167 +0200 CEST m=+10081.307975487,67.51446533203125
2023-06-27 21:56:57.816810603 +0200 CEST m=+10081.307981923,67.93467712402344
2023-06-27 21:56:57.81681903 +0200 CEST m=+10081.307990351,68.28437042236328
2023-06-27 21:56:57.816825484 +0200 CEST m=+10081.307996805,68.51236724853516
2023-06-27 21:56:57.81683287 +0200 CEST m=+10081.308004190,68.69371032714844
2023-06-27 21:56:57.816839233 +0200 CEST m=+10081.308010553,68.82791900634766
2023-06-27 21:56:57.816845542 +0200 CEST m=+10081.308016863,68.91461944580078
2023-06-27 21:56:57.816895903 +0200 CEST m=+10081.308067227,68.95356750488281
2023-06-27 21:56:57.817020171 +0200 CEST m=+10081.308191492,68.94464111328125
2023-06-27 21:56:57.817153158 +0200 CEST m=+10081.308324481,68.8878402709961
2023-06-27 21:56:57.817270668 +0200 CEST m=+10081.308441987,68.78328704833984
2023-06-27 21:56:57.81738632 +0200 CEST m=+10081.308557641,68.63121032714844
2023-06-27 21:56:57.817565844 +0200 CEST m=+10081.308737167,68.43197631835938
2023-06-27 21:56:57.817709281 +0200 CEST m=+10081.308880604,68.18605041503906
2023-06-27 21:56:57.832731521 +0200 CEST m=+10081.323902870,67.89405059814453
2023-06-27 21:56:57.832814902 +0200 CEST m=+10081.323986257,67.55667114257812
2023-06-27 21:56:57.832850082 +0200 CEST m=+10081.324021429,67.17475891113281
2023-06-27 21:56:57.832879415 +0200 CEST m=+10081.324050750,66.74923706054688
2023-06-27 21:56:57.832896388 +0200 CEST m=+10081.324067725,65.92285919189453
2023-06-27 21:56:57.832908801 +0200 CEST m=+10081.324080136,64.4585189819336
2023-06-27 21:56:57.832923494 +0200 CEST m=+10081.324094829,62.956871032714844
2023-06-27 21:56:57.832936667 +0200 CEST m=+10081.324108001,61.42168426513672
2023-06-27 21:56:57.832949202 +0200 CEST m=+10081.324120537,59.85681915283203
2023-06-27 21:56:57.832962668 +0200 CEST m=+10081.324134002,58.26622009277344
2023-06-27 21:56:57.832977332 +0200 CEST m=+10081.324148669,56.65388870239258
2023-06-27 21:56:57.832991925 +0200 CEST m=+10081.324163259,55.023887634277344
2023-06-27 21:56:57.833007685 +0200 CEST m=+10081.324179022,53.38032913208008
2023-06-27 21:56:57.833111721 +0200 CEST m=+10081.324283094,51.72735595703125
2023-06-27 21:56:57.833499047 +0200 CEST m=+10081.324670414,50.06914520263672
2023-06-27 21:56:57.833856385 +0200 CEST m=+10081.325027741,48.40987777709961
2023-06-27 21:56:57.852721204 +0200 CEST m=+10081.343892531,46.75374984741211
2023-06-27 21:56:57.85273092 +0200 CEST m=+10081.343902247,45.104949951171875
2023-06-27 21:56:57.852803123 +0200 CEST m=+10081.343974449,43.467647552490234
2023-06-27 21:56:57.852815169 +0200 CEST m=+10081.343986495,42.21550369262695
2023-06-27 21:56:57.852824578 +0200 CEST m=+10081.343995904,40.31075668334961
2023-06-27 21:56:57.852833493 +0200 CEST m=+10081.344004820,38.73975372314453
2023-06-27 21:56:57.852843278 +0200 CEST m=+10081.344014606,36.96834945678711
2023-06-27 21:56:57.852871629 +0200 CEST m=+10081.344042956,35.24922180175781
2023-06-27 21:56:57.852883996 +0200 CEST m=+10081.344055322,35.41940689086914
2023-06-27 21:56:57.852893753 +0200 CEST m=+10081.344065081,35.27007293701172
2023-06-27 21:56:57.852902223 +0200 CEST m=+10081.344073550,34.90083694458008
2023-06-27 21:56:57.852913225 +0200 CEST m=+10081.344084551,34.59193420410156
2023-06-27 21:56:57.852922361 +0200 CEST m=+10081.344093687,34.34445571899414
2023-06-27 21:56:57.852931429 +0200 CEST m=+10081.344102756,34.15925216674805
2023-06-27 21:56:57.853161676 +0200 CEST m=+10081.344333002,34.036922454833984
2023-06-27 21:56:57.853382757 +0200 CEST m=+10081.344554084,33.977813720703125
2023-06-27 21:56:57.853649997 +0200 CEST m=+10081.344821329,33.98203659057617
2023-06-27 21:56:57.853991007 +0200 CEST m=+10081.345162334,34.04943084716797
2023-06-27 21:56:57.854289452 +0200 CEST m=+10081.345460925,34.179603576660156
2023-06-27 21:56:57.854565493 +0200 CEST m=+10081.345736822,34.37190628051758
2023-06-27 21:56:57.872733074 +0200 CEST m=+10081.363904394,34.625450134277344
2023-06-27 21:56:57.872739261 +0200 CEST m=+10081.363910582,34.93910217285156
2023-06-27 21:56:57.87277294 +0200 CEST m=+10081.363944266,35.31150436401367
2023-06-27 21:56:57.872780629 +0200 CEST m=+10081.363951951,35.741050720214844
2023-06-27 21:56:57.872788046 +0200 CEST m=+10081.363959367,36.124629974365234
2023-06-27 21:56:57.87279588 +0200 CEST m=+10081.363967200,35.97746658325195
2023-06-27 21:56:57.872801839 +0200 CEST m=+10081.363973159,35.6334228515625
2023-06-27 21:56:57.872811377 +0200 CEST m=+10081.363982697,35.32624816894531
2023-06-27 21:56:57.8728181 +0200 CEST m=+10081.363989421,35.0566520690918
2023-06-27 21:56:57.872824059 +0200 CEST m=+10081.363995379,34.82525634765625
2023-06-27 21:56:57.872830693 +0200 CEST m=+10081.364002013,34.632572174072266
2023-06-27 21:56:57.872836685 +0200 CEST m=+10081.364008004,34.47903060913086
2023-06-27 21:56:57.872843722 +0200 CEST m=+10081.364015042,34.36494445800781
2023-06-27 21:56:57.872866771 +0200 CEST m=+10081.364038091,34.2905387878418
2023-06-27 21:56:57.873038767 +0200 CEST m=+10081.364210088,34.25593185424805
2023-06-27 21:56:57.873201336 +0200 CEST m=+10081.364372657,34.261146545410156
2023-06-27 21:56:57.873326325 +0200 CEST m=+10081.364497646,34.30609893798828
2023-06-27 21:56:57.873433313 +0200 CEST m=+10081.364604633,34.39060592651367
2023-06-27 21:56:57.873529414 +0200 CEST m=+10081.364700734,34.51438903808594
2023-06-27 21:56:57.873652518 +0200 CEST m=+10081.364823839,34.677066802978516
2023-06-27 21:56:57.88472954 +0200 CEST m=+10081.375900863,34.87815856933594
2023-06-27 21:56:57.884738019 +0200 CEST m=+10081.375909342,35.117095947265625
2023-06-27 21:56:57.88476828 +0200 CEST m=+10081.375939603,35.39320373535156
2023-06-27 21:56:57.884778198 +0200 CEST m=+10081.375949520,35.705726623535156
2023-06-27 21:56:57.884787409 +0200 CEST m=+10081.375958732,36.05380630493164
2023-06-27 21:56:57.88479441 +0200 CEST m=+10081.375965732,36.436500549316406
2023-06-27 21:56:57.884803654 +0200 CEST m=+10081.375974976,37.5383415222168
2023-06-27 21:56:57.884810376 +0200 CEST m=+10081.375981699,38.76762390136719
2023-06-27 21:56:57.884818849 +0200 CEST m=+10081.375990172,40.02314758300781
2023-06-27 21:56:57.884825857 +0200 CEST m=+10081.375997180,41.30168533325195
2023-06-27 21:56:57.884832733 +0200 CEST m=+10081.376004057,42.599971771240234
2023-06-27 21:56:57.884848762 +0200 CEST m=+10081.376020085,43.91469192504883
2023-06-27 21:56:57.900801385 +0200 CEST m=+10081.391972704,45.24249267578125
2023-06-27 21:56:57.900833935 +0200 CEST m=+10081.392005259,46.57999801635742
2023-06-27 21:56:57.900850072 +0200 CEST m=+10081.392021402,47.92380905151367
2023-06-27 21:56:57.900862308 +0200 CEST m=+10081.392033639,49.60725784301758
2023-06-27 21:56:57.900874973 +0200 CEST m=+10081.392046301,51.28858184814453
2023-06-27 21:56:57.900887906 +0200 CEST m=+10081.392059234,52.961151123046875
2023-06-27 21:56:57.900901377 +0200 CEST m=+10081.392072706,54.618385314941406
2023-06-27 21:56:57.90091646 +0200 CEST m=+10081.392087788,56.25377655029297
2023-06-27 21:56:57.90093334 +0200 CEST m=+10081.392104669,57.86091613769531
2023-06-27 21:56:57.900944854 +0200 CEST m=+10081.392116184,59.43352508544922
2023-06-27 21:56:57.900957795 +0200 CEST m=+10081.392129122,60.96546936035156
2023-06-27 21:56:57.900970478 +0200 CEST m=+10081.392141807,62.45079040527344
2023-06-27 21:56:57.900982414 +0200 CEST m=+10081.392153747,63.466800689697266
2023-06-27 21:56:57.901015321 +0200 CEST m=+10081.392186652,63.88287353515625
2023-06-27 21:56:57.901192274 +0200 CEST m=+10081.392363594,64.24327087402344
2023-06-27 21:56:57.916766847 +0200 CEST m=+10081.407938183,64.54668426513672
2023-06-27 21:56:57.916792435 +0200 CEST m=+10081.407963770,64.79204559326172
2023-06-27 21:56:57.91681709 +0200 CEST m=+10081.407988436,64.97852325439453
2023-06-27 21:56:57.916841851 +0200 CEST m=+10081.408013186,65.1054916381836
2023-06-27 21:56:57.91686731 +0200 CEST m=+10081.408038646,65.17259979248047
2023-06-27 21:56:57.916894369 +0200 CEST m=+10081.408065714,65.1797103881836
2023-06-27 21:56:57.916915092 +0200 CEST m=+10081.408086430,65.12692260742188
2023-06-27 21:56:57.916935055 +0200 CEST m=+10081.408106390,65.04179382324219
2023-06-27 21:56:57.916956101 +0200 CEST m=+10081.408127430,64.91883087158203
2023-06-27 21:56:57.916976599 +0200 CEST m=+10081.408147929,73.52529907226562
2023-06-27 21:56:57.917000071 +0200 CEST m=+10081.408171407,73.2734603881836
2023-06-27 21:56:57.917023146 +0200 CEST m=+10081.408194483,72.96165466308594
2023-06-27 21:56:57.917064923 +0200 CEST m=+10081.408236264,71.78118133544922
2023-06-27 21:56:57.917085561 +0200 CEST m=+10081.408256896,71.36312103271484
2023-06-27 21:56:57.917953362 +0200 CEST m=+10081.409124693,70.8895263671875
2023-06-27 21:56:57.918472224 +0200 CEST m=+10081.409643552,70.3614273071289
2023-06-27 21:56:57.932741378 +0200 CEST m=+10081.423912699,70.91258239746094
2023-06-27 21:56:57.932749189 +0200 CEST m=+10081.423920512,71.46184539794922
2023-06-27 21:56:57.932758148 +0200 CEST m=+10081.423929470,71.57318878173828
2023-06-27 21:56:57.932765222 +0200 CEST m=+10081.423936544,71.14466857910156
2023-06-27 21:56:57.932771492 +0200 CEST m=+10081.423942814,71.50410461425781
2023-06-27 21:56:57.932778768 +0200 CEST m=+10081.423950090,71.8100357055664
2023-06-27 21:56:57.932790458 +0200 CEST m=+10081.423961781,72.06153106689453
2023-06-27 21:56:57.932798137 +0200 CEST m=+10081.423969458,72.2578125
2023-06-27 21:56:57.932805482 +0200 CEST m=+10081.423976804,72.39823913574219
2023-06-27 21:56:57.9328342 +0200 CEST m=+10081.424005527,72.4822998046875
2023-06-27 21:56:57.932864978 +0200 CEST m=+10081.424036299,72.5096435546875
2023-06-27 21:56:57.93287171 +0200 CEST m=+10081.424043031,72.48004150390625
2023-06-27 21:56:57.932878225 +0200 CEST m=+10081.424049546,72.39342498779297
2023-06-27 21:56:57.932922246 +0200 CEST m=+10081.424093572,72.2498550415039
2023-06-27 21:56:57.933150572 +0200 CEST m=+10081.424321898,72.049560546875
2023-06-27 21:56:57.933324043 +0200 CEST m=+10081.424495369,71.79288482666016
2023-06-27 21:56:57.948735769 +0200 CEST m=+10081.439907090,71.48033142089844
2023-06-27 21:56:57.948748541 +0200 CEST m=+10081.439919860,71.11255645751953
2023-06-27 21:56:57.948755389 +0200 CEST m=+10081.439926708,70.69035339355469
2023-06-27 21:56:57.948762223 +0200 CEST m=+10081.439933543,70.21463012695312
2023-06-27 21:56:57.948768531 +0200 CEST m=+10081.439939851,69.5431137084961
2023-06-27 21:56:57.948774142 +0200 CEST m=+10081.439945463,66.80806732177734
2023-06-27 21:56:57.94877991 +0200 CEST m=+10081.439951231,64.40753936767578
2023-06-27 21:56:57.948787756 +0200 CEST m=+10081.439959076,61.54130935668945
2023-06-27 21:56:57.948795833 +0200 CEST m=+10081.439967154,59.4852409362793
2023-06-27 21:56:57.948801549 +0200 CEST m=+10081.439972869,56.95174789428711
2023-06-27 21:56:57.948807826 +0200 CEST m=+10081.439979146,54.545047760009766
2023-06-27 21:56:57.948815108 +0200 CEST m=+10081.439986438,52.68278121948242
2023-06-27 21:56:57.948841488 +0200 CEST m=+10081.440012814,50.81168746948242
2023-06-27 21:56:57.949032792 +0200 CEST m=+10081.440204111,48.939151763916016
2023-06-27 21:56:57.949206614 +0200 CEST m=+10081.440377935,47.072566986083984
2023-06-27 21:56:57.949325005 +0200 CEST m=+10081.440496328,45.21928787231445
2023-06-27 21:56:57.968740022 +0200 CEST m=+10081.459911344,43.386619567871094
2023-06-27 21:56:57.968751095 +0200 CEST m=+10081.459922418,41.58176803588867
2023-06-27 21:56:57.968829434 +0200 CEST m=+10081.460000758,39.811832427978516
2023-06-27 21:56:57.968844106 +0200 CEST m=+10081.460015428,38.08375930786133
2023-06-27 21:56:57.968856765 +0200 CEST m=+10081.460028089,36.40433120727539
2023-06-27 21:56:57.968868754 +0200 CEST m=+10081.460040077,35.03141784667969
2023-06-27 21:56:57.968880608 +0200 CEST m=+10081.460051930,34.543846130371094
2023-06-27 21:56:57.968894808 +0200 CEST m=+10081.460066130,34.11771011352539
2023-06-27 21:56:57.968906782 +0200 CEST m=+10081.460078107,33.754634857177734
2023-06-27 21:56:57.96891966 +0200 CEST m=+10081.460090984,33.5105094909668
2023-06-27 21:56:57.968935309 +0200 CEST m=+10081.460106630,33.3082160949707
2023-06-27 21:56:57.968947005 +0200 CEST m=+10081.460118329,33.148223876953125
2023-06-27 21:56:57.96895953 +0200 CEST m=+10081.460130852,33.030914306640625
2023-06-27 21:56:57.968972133 +0200 CEST m=+10081.460143456,32.956546783447266
2023-06-27 21:56:57.969099102 +0200 CEST m=+10081.460270424,32.92527770996094
2023-06-27 21:56:57.969248843 +0200 CEST m=+10081.460420164,32.93715286254883
2023-06-27 21:56:57.969414772 +0200 CEST m=+10081.460586093,32.99211120605469
2023-06-27 21:56:57.969576192 +0200 CEST m=+10081.460747519,33.0899772644043
2023-06-27 21:56:57.969707483 +0200 CEST m=+10081.460878805,33.23047637939453
2023-06-27 21:56:57.969870386 +0200 CEST m=+10081.461041708,33.4132194519043
2023-06-27 21:56:57.988711965 +0200 CEST m=+10081.479883285,33.6377067565918
2023-06-27 21:56:57.988721536 +0200 CEST m=+10081.479892858,33.903350830078125
2023-06-27 21:56:57.988728822 +0200 CEST m=+10081.479900143,34.20943832397461
2023-06-27 21:56:57.988734947 +0200 CEST m=+10081.479906267,34.555171966552734
2023-06-27 21:56:57.988743322 +0200 CEST m=+10081.479914643,34.93964767456055
2023-06-27 21:56:57.988750526 +0200 CEST m=+10081.479921847,35.18377685546875
2023-06-27 21:56:57.988756506 +0200 CEST m=+10081.479927826,34.7888298034668
2023-06-27 21:56:57.988762968 +0200 CEST m=+10081.479934289,34.43259811401367
2023-06-27 21:56:57.988769866 +0200 CEST m=+10081.479941188,34.11594772338867
2023-06-27 21:56:57.988776025 +0200 CEST m=+10081.479947345,33.839656829833984
2023-06-27 21:56:57.988783004 +0200 CEST m=+10081.479954325,33.60438919067383
2023-06-27 21:56:57.988790033 +0200 CEST m=+10081.479961353,33.41070556640625
2023-06-27 21:56:57.988796382 +0200 CEST m=+10081.479967703,33.25906753540039
2023-06-27 21:56:57.988917512 +0200 CEST m=+10081.480088832,33.149818420410156
2023-06-27 21:56:57.989057565 +0200 CEST m=+10081.480228898,33.08320999145508
2023-06-27 21:56:57.9892271 +0200 CEST m=+10081.480398425,33.05937194824219
2023-06-27 21:56:57.989478265 +0200 CEST m=+10081.480649599,33.07833480834961
2023-06-27 21:56:57.989692486 +0200 CEST m=+10081.480863826,33.140018463134766
2023-06-27 21:56:57.989933438 +0200 CEST m=+10081.481104780,33.244232177734375
2023-06-27 21:56:57.990158821 +0200 CEST m=+10081.481330149,33.390682220458984
2023-06-27 21:56:58.004713613 +0200 CEST m=+10081.495884935,33.63251495361328
2023-06-27 21:56:58.004725921 +0200 CEST m=+10081.495897245,33.938690185546875
2023-06-27 21:56:58.004738939 +0200 CEST m=+10081.495910262,34.30792999267578
2023-06-27 21:56:58.004751313 +0200 CEST m=+10081.495922634,34.73872756958008
2023-06-27 21:56:58.004762285 +0200 CEST m=+10081.495933606,35.22931671142578
2023-06-27 21:56:58.004779688 +0200 CEST m=+10081.495951011,36.51931381225586
2023-06-27 21:56:58.004790796 +0200 CEST m=+10081.495962118,38.179019927978516
2023-06-27 21:56:58.004801688 +0200 CEST m=+10081.495973011,39.883766174316406
2023-06-27 21:56:58.00481396 +0200 CEST m=+10081.495985283,41.62678146362305
2023-06-27 21:56:58.004826644 +0200 CEST m=+10081.495997967,43.40114974975586
2023-06-27 21:56:58.004839123 +0200 CEST m=+10081.496010446,45.19984817504883
2023-06-27 21:56:58.004850879 +0200 CEST m=+10081.496022201,47.0157470703125
2023-06-27 21:56:58.004861854 +0200 CEST m=+10081.496033174,48.841670989990234
2023-06-27 21:56:58.005319305 +0200 CEST m=+10081.496490635,50.670406341552734
2023-06-27 21:56:58.005759591 +0200 CEST m=+10081.496930937,52.49473190307617
2023-06-27 21:56:58.00619444 +0200 CEST m=+10081.497365777,54.30745315551758
2023-06-27 21:56:58.024768656 +0200 CEST m=+10081.515939984,56.10143280029297
2023-06-27 21:56:58.024783258 +0200 CEST m=+10081.515954587,57.869606018066406
2023-06-27 21:56:58.024802497 +0200 CEST m=+10081.515973817,59.60502624511719
2023-06-27 21:56:58.024812106 +0200 CEST m=+10081.515983428,60.96519470214844
2023-06-27 21:56:58.024821409 +0200 CEST m=+10081.515992730,62.29661560058594
2023-06-27 21:56:58.024832314 +0200 CEST m=+10081.516003637,64.82858276367188
2023-06-27 21:56:58.024848281 +0200 CEST m=+10081.516019603,65.94852447509766
2023-06-27 21:56:58.024867551 +0200 CEST m=+10081.516038892,66.37834167480469
2023-06-27 21:56:58.02487457 +0200 CEST m=+10081.516045890,66.76692199707031
2023-06-27 21:56:58.024880302 +0200 CEST m=+10081.516051622,67.11327362060547
2023-06-27 21:56:58.024886331 +0200 CEST m=+10081.516057651,67.41651153564453
2023-06-27 21:56:58.024893866 +0200 CEST m=+10081.516065186,67.67584991455078
2023-06-27 21:56:58.024900182 +0200 CEST m=+10081.516071502,67.89061737060547
2023-06-27 21:56:58.025016295 +0200 CEST m=+10081.516187619,68.06025695800781
2023-06-27 21:56:58.025273532 +0200 CEST m=+10081.516444854,68.184326171875
2023-06-27 21:56:58.02560219 +0200 CEST m=+10081.516773529,68.26248931884766
2023-06-27 21:56:58.026034723 +0200 CEST m=+10081.517206072,68.29454040527344
2023-06-27 21:56:58.02643359 +0200 CEST m=+10081.517604919,68.28038024902344
2023-06-27 21:56:58.026659377 +0200 CEST m=+10081.517830708,68.22003173828125
2023-06-27 21:56:58.026902245 +0200 CEST m=+10081.518073580,68.1136245727539
2023-06-27 21:56:58.044739415 +0200 CEST m=+10081.535910748,68.99659729003906
2023-06-27 21:56:58.044823534 +0200 CEST m=+10081.535994875,68.79389953613281
2023-06-27 21:56:58.044888129 +0200 CEST m=+10081.536059479,68.54348754882812
2023-06-27 21:56:58.044921027 +0200 CEST m=+10081.536092376,68.24594116210938
2023-06-27 21:56:58.044962685 +0200 CEST m=+10081.536134036,67.90196990966797
2023-06-27 21:56:58.044989142 +0200 CEST m=+10081.536160490,67.51239013671875
2023-06-27 21:56:58.045018823 +0200 CEST m=+10081.536190169,67.0781478881836
2023-06-27 21:56:58.045050457 +0200 CEST m=+10081.536221798,67.04793548583984
2023-06-27 21:56:58.045082427 +0200 CEST m=+10081.536253781,67.50386810302734
2023-06-27 21:56:58.045112614 +0200 CEST m=+10081.536283965,67.91602325439453
2023-06-27 21:56:58.045142058 +0200 CEST m=+10081.536313408,68.2833023071289
2023-06-27 21:56:58.045161373 +0200 CEST m=+10081.536332712,68.60474395751953
2023-06-27 21:56:58.045191797 +0200 CEST m=+10081.536363145,68.87947845458984
2023-06-27 21:56:58.045217936 +0200 CEST m=+10081.536389279,69.10676574707031
2023-06-27 21:56:58.045439849 +0200 CEST m=+10081.536611205,69.2859878540039
2023-06-27 21:56:58.045764352 +0200 CEST m=+10081.536935693,69.44165802001953
2023-06-27 21:56:58.046098798 +0200 CEST m=+10081.537270140,69.52073669433594
2023-06-27 21:56:58.04640902 +0200 CEST m=+10081.537580365,69.52281188964844
2023-06-27 21:56:58.04679703 +0200 CEST m=+10081.537968379,69.44778442382812
2023-06-27 21:56:58.047086273 +0200 CEST m=+10081.538257615,69.29583740234375
2023-06-27 21:56:58.060837977 +0200 CEST m=+10081.552009303,69.06748962402344
2023-06-27 21:56:58.060856383 +0200 CEST m=+10081.552027709,68.76353454589844
2023-06-27 21:56:58.060873159 +0200 CEST m=+10081.552044484,68.38508605957031
2023-06-27 21:56:58.060881882 +0200 CEST m=+10081.552053208,67.93354034423828
2023-06-27 21:56:58.060889998 +0200 CEST m=+10081.552061324,67.41059112548828
2023-06-27 21:56:58.060905705 +0200 CEST m=+10081.552077032,66.44808197021484
2023-06-27 21:56:58.060924268 +0200 CEST m=+10081.552095599,64.55543518066406
2023-06-27 21:56:58.060941442 +0200 CEST m=+10081.552112773,62.60292434692383
2023-06-27 21:56:58.060958339 +0200 CEST m=+10081.552129670,60.59817123413086
2023-06-27 21:56:58.060974674 +0200 CEST m=+10081.552146005,58.549041748046875
2023-06-27 21:56:58.060992397 +0200 CEST m=+10081.552163732,56.463565826416016
2023-06-27 21:56:58.061013515 +0200 CEST m=+10081.552184847,54.34994125366211
2023-06-27 21:56:58.061029807 +0200 CEST m=+10081.552201138,52.21648406982422
2023-06-27 21:56:58.061117129 +0200 CEST m=+10081.552288458,50.07159423828125
2023-06-27 21:56:58.061350337 +0200 CEST m=+10081.552521668,48.3531379699707
2023-06-27 21:56:58.061603121 +0200 CEST m=+10081.552774453,46.63711929321289
2023-06-27 21:56:58.076716091 +0200 CEST m=+10081.567887416,44.92788314819336
2023-06-27 21:56:58.076728652 +0200 CEST m=+10081.567899979,43.58375930786133
2023-06-27 21:56:58.076743898 +0200 CEST m=+10081.567915223,41.99162292480469
2023-06-27 21:56:58.076777767 +0200 CEST m=+10081.567949093,40.89444351196289
2023-06-27 21:56:58.076791936 +0200 CEST m=+10081.567963262,39.425880432128906
2023-06-27 21:56:58.076806279 +0200 CEST m=+10081.567977600,37.98445510864258
2023-06-27 21:56:58.076816113 +0200 CEST m=+10081.567987435,36.57379913330078
2023-06-27 21:56:58.07682778 +0200 CEST m=+10081.567999103,35.197471618652344
2023-06-27 21:56:58.076838179 +0200 CEST m=+10081.568009505,34.343658447265625
2023-06-27 21:56:58.076847521 +0200 CEST m=+10081.568018844,34.43550109863281
2023-06-27 21:56:58.076859632 +0200 CEST m=+10081.568030953,34.0867805480957
2023-06-27 21:56:58.076868244 +0200 CEST m=+10081.568039564,34.07676315307617
2023-06-27 21:56:58.076877296 +0200 CEST m=+10081.568048617,33.816612243652344
2023-06-27 21:56:58.077016216 +0200 CEST m=+10081.568187542,33.59757995605469
2023-06-27 21:56:58.077239841 +0200 CEST m=+10081.568411169,33.42018127441406
2023-06-27 21:56:58.077638863 +0200 CEST m=+10081.568810193,33.28481674194336
2023-06-27 21:56:58.096758147 +0200 CEST m=+10081.587929469,33.19179916381836
2023-06-27 21:56:58.096784413 +0200 CEST m=+10081.587955740,33.14131546020508
2023-06-27 21:56:58.096812499 +0200 CEST m=+10081.587983820,33.13345718383789
2023-06-27 21:56:58.096820049 +0200 CEST m=+10081.587991370,33.16819381713867
2023-06-27 21:56:58.096826937 +0200 CEST m=+10081.587998259,33.24540710449219
2023-06-27 21:56:58.096834479 +0200 CEST m=+10081.588005801,33.3648567199707
2023-06-27 21:56:58.096842518 +0200 CEST m=+10081.588013840,33.52619934082031
2023-06-27 21:56:58.09684944 +0200 CEST m=+10081.588020763,33.72898864746094
2023-06-27 21:56:58.096855841 +0200 CEST m=+10081.588027163,33.97267532348633
2023-06-27 21:56:58.09686204 +0200 CEST m=+10081.588033360,34.256595611572266
2023-06-27 21:56:58.096871972 +0200 CEST m=+10081.588043294,34.58000183105469
2023-06-27 21:56:58.096878421 +0200 CEST m=+10081.588049743,34.94203567504883
2023-06-27 21:56:58.096885528 +0200 CEST m=+10081.588056850,35.34174346923828
2023-06-27 21:56:58.09700167 +0200 CEST m=+10081.588172991,35.08498001098633
2023-06-27 21:56:58.097203122 +0200 CEST m=+10081.588374443,34.64158248901367
2023-06-27 21:56:58.097318051 +0200 CEST m=+10081.588489373,34.259307861328125
2023-06-27 21:56:58.097527832 +0200 CEST m=+10081.588699165,33.93959426879883
2023-06-27 21:56:58.097770245 +0200 CEST m=+10081.588941574,33.683624267578125
2023-06-27 21:56:58.097949642 +0200 CEST m=+10081.589120970,33.49232864379883
2023-06-27 21:56:58.098117292 +0200 CEST m=+10081.589288615,33.36638641357422
2023-06-27 21:56:58.116741075 +0200 CEST m=+10081.607912402,33.30621337890625
2023-06-27 21:56:58.116758365 +0200 CEST m=+10081.607929692,33.311973571777344
2023-06-27 21:56:58.116773892 +0200 CEST m=+10081.607945215,33.38355255126953
2023-06-27 21:56:58.116782065 +0200 CEST m=+10081.607953387,33.520599365234375
2023-06-27 21:56:58.116789752 +0200 CEST m=+10081.607961074,33.72248840332031
2023-06-27 21:56:58.116796265 +0200 CEST m=+10081.607967586,33.98834228515625
2023-06-27 21:56:58.116803554 +0200 CEST m=+10081.607974876,34.31703567504883
2023-06-27 21:56:58.116815632 +0200 CEST m=+10081.607986955,34.70719909667969
2023-06-27 21:56:58.116823038 +0200 CEST m=+10081.607994360,35.15721130371094
2023-06-27 21:56:58.116831357 +0200 CEST m=+10081.608002679,35.76960754394531
2023-06-27 21:56:58.116838168 +0200 CEST m=+10081.608009491,37.375762939453125
2023-06-27 21:56:58.116845371 +0200 CEST m=+10081.608016692,39.029754638671875
2023-06-27 21:56:58.116860898 +0200 CEST m=+10081.608032219,40.38296890258789
2023-06-27 21:56:58.117072691 +0200 CEST m=+10081.608244018,41.7591438293457
2023-06-27 21:56:58.11721298 +0200 CEST m=+10081.608384301,43.15478515625
2023-06-27 21:56:58.117373347 +0200 CEST m=+10081.608544670,44.566341400146484
2023-06-27 21:56:58.117491336 +0200 CEST m=+10081.608662665,45.990234375
2023-06-27 21:56:58.117654372 +0200 CEST m=+10081.608825699,47.42285919189453
2023-06-27 21:56:58.117778475 +0200 CEST m=+10081.608949798,48.8605842590332
2023-06-27 21:56:58.132742083 +0200 CEST m=+10081.623913429,50.299774169921875
2023-06-27 21:56:58.132766401 +0200 CEST m=+10081.623937738,51.736793518066406
2023-06-27 21:56:58.132786006 +0200 CEST m=+10081.623957336,53.16801071166992
2023-06-27 21:56:58.132797163 +0200 CEST m=+10081.623968493,54.58982467651367
2023-06-27 21:56:58.132806706 +0200 CEST m=+10081.623978035,55.9986457824707
2023-06-27 21:56:58.13281777 +0200 CEST m=+10081.623989101,57.39093017578125
2023-06-27 21:56:58.132828051 +0200 CEST m=+10081.623999381,58.763179779052734
2023-06-27 21:56:58.132837932 +0200 CEST m=+10081.624009262,60.11194610595703
2023-06-27 21:56:58.132848767 +0200 CEST m=+10081.624020097,61.43384552001953
2023-06-27 21:56:58.132859648 +0200 CEST m=+10081.624030977,62.72556686401367
2023-06-27 21:56:58.132871215 +0200 CEST m=+10081.624042545,63.98387908935547
2023-06-27 21:56:58.13288077 +0200 CEST m=+10081.624052100,64.55166625976562
2023-06-27 21:56:58.132890932 +0200 CEST m=+10081.624062260,64.91010284423828
2023-06-27 21:56:58.133004181 +0200 CEST m=+10081.624175512,65.23052215576172
2023-06-27 21:56:58.13323962 +0200 CEST m=+10081.624410956,65.51216125488281
2023-06-27 21:56:58.133513911 +0200 CEST m=+10081.624685236,65.75435638427734
2023-06-27 21:56:58.133676225 +0200 CEST m=+10081.624847556,65.9565200805664
2023-06-27 21:56:58.1487286 +0200 CEST m=+10081.639899921,66.11819458007812
2023-06-27 21:56:58.148740755 +0200 CEST m=+10081.639912076,66.23899841308594
2023-06-27 21:56:58.148751948 +0200 CEST m=+10081.639923271,66.31867980957031
2023-06-27 21:56:58.148763796 +0200 CEST m=+10081.639935118,66.35706329345703
2023-06-27 21:56:58.1487753 +0200 CEST m=+10081.639946622,66.35411071777344
2023-06-27 21:56:58.148789519 +0200 CEST m=+10081.639960843,66.30986022949219
2023-06-27 21:56:58.148803564 +0200 CEST m=+10081.639974884,66.2244644165039
2023-06-27 21:56:58.148815111 +0200 CEST m=+10081.639986432,66.06025695800781
2023-06-27 21:56:58.148825593 +0200 CEST m=+10081.639996915,65.8329086303711
2023-06-27 21:56:58.148837574 +0200 CEST m=+10081.640008894,70.96886444091797
2023-06-27 21:56:58.148849191 +0200 CEST m=+10081.640020513,70.54148864746094
2023-06-27 21:56:58.14885972 +0200 CEST m=+10081.640031042,70.03145599365234
2023-06-27 21:56:58.148871307 +0200 CEST m=+10081.640042628,69.44051361083984
2023-06-27 21:56:58.149098652 +0200 CEST m=+10081.640269974,69.55901336669922
2023-06-27 21:56:58.14928259 +0200 CEST m=+10081.640453913,70.20426177978516
2023-06-27 21:56:58.168719192 +0200 CEST m=+10081.659890525,70.77159118652344
2023-06-27 21:56:58.168798838 +0200 CEST m=+10081.659970162,71.25850677490234
2023-06-27 21:56:58.168812819 +0200 CEST m=+10081.659984144,71.6628189086914
2023-06-27 21:56:58.168825528 +0200 CEST m=+10081.659996851,71.98267364501953
2023-06-27 21:56:58.168838623 +0200 CEST m=+10081.660009945,72.21653747558594
2023-06-27 21:56:58.16885009 +0200 CEST m=+10081.660021419,72.36320495605469
2023-06-27 21:56:58.168864359 +0200 CEST m=+10081.660035684,72.42182922363281
2023-06-27 21:56:58.168878483 +0200 CEST m=+10081.660049808,72.39190673828125
2023-06-27 21:56:58.168886472 +0200 CEST m=+10081.660057795,72.27326202392578
2023-06-27 21:56:58.168896204 +0200 CEST m=+10081.660067528,72.06610870361328
2023-06-27 21:56:58.168904983 +0200 CEST m=+10081.660076308,71.7709732055664
2023-06-27 21:56:58.168912119 +0200 CEST m=+10081.660083442,71.47211456298828
2023-06-27 21:56:58.168919681 +0200 CEST m=+10081.660091004,71.11814880371094
2023-06-27 21:56:58.168926818 +0200 CEST m=+10081.660098140,70.7098159790039
2023-06-27 21:56:58.169027607 +0200 CEST m=+10081.660198930,70.24803161621094
2023-06-27 21:56:58.169256839 +0200 CEST m=+10081.660428162,69.73383331298828
2023-06-27 21:56:58.169445415 +0200 CEST m=+10081.660616740,68.16886138916016
2023-06-27 21:56:58.169629749 +0200 CEST m=+10081.660801078,66.41101837158203
2023-06-27 21:56:58.169788551 +0200 CEST m=+10081.660959877,64.2586669921875
2023-06-27 21:56:58.169955165 +0200 CEST m=+10081.661126486,62.145042419433594
2023-06-27 21:56:58.184711985 +0200 CEST m=+10081.675883313,59.941566467285156
2023-06-27 21:56:58.18477373 +0200 CEST m=+10081.675945051,57.8049201965332
2023-06-27 21:56:58.18478246 +0200 CEST m=+10081.675953779,56.11008071899414
2023-06-27 21:56:58.184792988 +0200 CEST m=+10081.675964316,54.13372802734375
2023-06-27 21:56:58.184805528 +0200 CEST m=+10081.675976847,52.34467697143555
2023-06-27 21:56:58.184817721 +0200 CEST m=+10081.675989040,50.82423400878906
2023-06-27 21:56:58.184825233 +0200 CEST m=+10081.675996553,49.302791595458984
2023-06-27 21:56:58.184833083 +0200 CEST m=+10081.676004404,47.78419494628906
2023-06-27 21:56:58.184841909 +0200 CEST m=+10081.676013230,46.27227020263672
2023-06-27 21:56:58.184853154 +0200 CEST m=+10081.676024475,44.77083969116211
2023-06-27 21:56:58.184866802 +0200 CEST m=+10081.676038131,43.28368377685547
2023-06-27 21:56:58.184879857 +0200 CEST m=+10081.676051181,41.814544677734375
2023-06-27 21:56:58.184892606 +0200 CEST m=+10081.676063930,40.367130279541016
2023-06-27 21:56:58.184954069 +0200 CEST m=+10081.676125393,38.945072174072266
2023-06-27 21:56:58.185132327 +0200 CEST m=+10081.676303647,37.551944732666016
2023-06-27 21:56:58.185225407 +0200 CEST m=+10081.676396727,36.19124984741211
2023-06-27 21:56:58.200721604 +0200 CEST m=+10081.691892929,34.90286636352539
2023-06-27 21:56:58.200735302 +0200 CEST m=+10081.691906623,34.491641998291016
2023-06-27 21:56:58.200748511 +0200 CEST m=+10081.691919833,34.11988067626953
2023-06-27 21:56:58.200759269 +0200 CEST m=+10081.691930592,33.788482666015625
2023-06-27 21:56:58.200797923 +0200 CEST m=+10081.691969247,33.498268127441406
2023-06-27 21:56:58.200811748 +0200 CEST m=+10081.691983071,33.249935150146484
2023-06-27 21:56:58.200823372 +0200 CEST m=+10081.691994696,33.106849670410156
2023-06-27 21:56:58.200871955 +0200 CEST m=+10081.692043280,32.956459045410156
2023-06-27 21:56:58.200884467 +0200 CEST m=+10081.692055791,32.82919692993164
2023-06-27 21:56:58.200895998 +0200 CEST m=+10081.692067323,32.76980209350586
2023-06-27 21:56:58.200907754 +0200 CEST m=+10081.692079079,32.7784423828125
2023-06-27 21:56:58.200919207 +0200 CEST m=+10081.692090533,32.85501480102539
2023-06-27 21:56:58.200934746 +0200 CEST m=+10081.692106071,32.9991455078125
2023-06-27 21:56:58.200947095 +0200 CEST m=+10081.692118419,33.210201263427734
2023-06-27 21:56:58.201485411 +0200 CEST m=+10081.692656763,33.48728561401367
2023-06-27 21:56:58.202197418 +0200 CEST m=+10081.693368766,33.82923126220703
2023-06-27 21:56:58.220734186 +0200 CEST m=+10081.711905509,34.2346305847168
2023-06-27 21:56:58.220752164 +0200 CEST m=+10081.711923489,34.70181655883789
2023-06-27 21:56:58.220765233 +0200 CEST m=+10081.711936557,35.04917907714844
2023-06-27 21:56:58.220781777 +0200 CEST m=+10081.711953103,34.5574951171875
2023-06-27 21:56:58.220795853 +0200 CEST m=+10081.711967177,34.12722396850586
2023-06-27 21:56:58.220807886 +0200 CEST m=+10081.711979209,33.760009765625
2023-06-27 21:56:58.220821169 +0200 CEST m=+10081.711992493,33.45723342895508
2023-06-27 21:56:58.220833993 +0200 CEST m=+10081.712005318,33.22002029418945
2023-06-27 21:56:58.22084534 +0200 CEST m=+10081.712016664,33.049251556396484
2023-06-27 21:56:58.220860804 +0200 CEST m=+10081.712032128,32.96088409423828
2023-06-27 21:56:58.220872701 +0200 CEST m=+10081.712044026,32.915618896484375
2023-06-27 21:56:58.220885392 +0200 CEST m=+10081.712056716,32.913536071777344
2023-06-27 21:56:58.220897876 +0200 CEST m=+10081.712069199,32.95460510253906
2023-06-27 21:56:58.220909809 +0200 CEST m=+10081.712081133,33.0386848449707
2023-06-27 21:56:58.221115675 +0200 CEST m=+10081.712287000,33.16553497314453
2023-06-27 21:56:58.221340219 +0200 CEST m=+10081.712511539,33.33479309082031
2023-06-27 21:56:58.221503552 +0200 CEST m=+10081.712674873,33.54600143432617
2023-06-27 21:56:58.221673915 +0200 CEST m=+10081.712845242,33.798587799072266
2023-06-27 21:56:58.221791096 +0200 CEST m=+10081.712962418,34.091888427734375
2023-06-27 21:56:58.221931748 +0200 CEST m=+10081.713103075,34.42512512207031
2023-06-27 21:56:58.240791646 +0200 CEST m=+10081.731962970,34.797420501708984
2023-06-27 21:56:58.240807025 +0200 CEST m=+10081.731978349,35.20780944824219
2023-06-27 21:56:58.240834078 +0200 CEST m=+10081.732005402,36.40321350097656
2023-06-27 21:56:58.240850334 +0200 CEST m=+10081.732021657,37.738834381103516
2023-06-27 21:56:58.240864477 +0200 CEST m=+10081.732035803,39.104331970214844
2023-06-27 21:56:58.240880229 +0200 CEST m=+10081.732051553,40.49623489379883
2023-06-27 21:56:58.240900394 +0200 CEST m=+10081.732071718,41.91100311279297
2023-06-27 21:56:58.240916909 +0200 CEST m=+10081.732088232,43.34505081176758
2023-06-27 21:56:58.240937235 +0200 CEST m=+10081.732108558,44.79473876953125
2023-06-27 21:56:58.240955984 +0200 CEST m=+10081.732127309,46.25638961791992
2023-06-27 21:56:58.240995333 +0200 CEST m=+10081.732166654,47.72629928588867
2023-06-27 21:56:58.241015826 +0200 CEST m=+10081.732187146,49.20075607299805
2023-06-27 21:56:58.24102891 +0200 CEST m=+10081.732200238,50.676029205322266
2023-06-27 21:56:58.241116821 +0200 CEST m=+10081.732288149,52.14839172363281
2023-06-27 21:56:58.241336108 +0200 CEST m=+10081.732507442,53.6141242980957
2023-06-27 21:56:58.241535853 +0200 CEST m=+10081.732707184,55.06953430175781
2023-06-27 21:56:58.241841668 +0200 CEST m=+10081.733012999,56.510955810546875
2023-06-27 21:56:58.242140348 +0200 CEST m=+10081.733311686,57.93475341796875
2023-06-27 21:56:58.242395623 +0200 CEST m=+10081.733566953,59.33734893798828
2023-06-27 21:56:58.242573556 +0200 CEST m=+10081.733744878,60.71521759033203
2023-06-27 21:56:58.260705385 +0200 CEST m=+10081.751876705,62.39751434326172
2023-06-27 21:56:58.260714314 +0200 CEST m=+10081.751885634,63.70720672607422
2023-06-27 21:56:58.260722277 +0200 CEST m=+10081.751893597,64.83448028564453
2023-06-27 21:56:58.260728441 +0200 CEST m=+10081.751899760,65.30184936523438
2023-06-27 21:56:58.260735219 +0200 CEST m=+10081.751906539,65.70836639404297
2023-06-27 21:56:58.260754251 +0200 CEST m=+10081.751925570,66.05249786376953
2023-06-27 21:56:58.260764212 +0200 CEST m=+10081.751935532,66.33295440673828
2023-06-27 21:56:58.260770214 +0200 CEST m=+10081.751941533,66.5486831665039
2023-06-27 21:56:58.260776496 +0200 CEST m=+10081.751947816,66.69890594482422
2023-06-27 21:56:58.260782899 +0200 CEST m=+10081.751954219,66.78309631347656
2023-06-27 21:56:58.260789362 +0200 CEST m=+10081.751960683,66.80099487304688
2023-06-27 21:56:58.260796921 +0200 CEST m=+10081.751968242,66.7525863647461
2023-06-27 21:56:58.260804965 +0200 CEST m=+10081.751976284,66.63814544677734
2023-06-27 21:56:58.260972269 +0200 CEST m=+10081.752143588,66.45817565917969
2023-06-27 21:56:58.261202703 +0200 CEST m=+10081.752374029,66.21347045898438
2023-06-27 21:56:58.261408023 +0200 CEST m=+10081.752579353,65.9050521850586
2023-06-27 21:56:58.261714095 +0200 CEST m=+10081.752885424,65.5342025756836
2023-06-27 21:56:58.262010352 +0200 CEST m=+10081.753181695,69.43634033203125
2023-06-27 21:56:58.262398005 +0200 CEST m=+10081.753569580,68.84008026123047
2023-06-27 21:56:58.262711279 +0200 CEST m=+10081.753882622,69.07695007324219
2023-06-27 21:56:58.276723249 +0200 CEST m=+10081.767894575,69.5830307006836
2023-06-27 21:56:58.276737511 +0200 CEST m=+10081.767908837,70.0406494140625
2023-06-27 21:56:58.276751435 +0200 CEST m=+10081.767922762,70.44853973388672
2023-06-27 21:56:58.276764779 +0200 CEST m=+10081.767936105,70.80555725097656
2023-06-27 21:56:58.276785709 +0200 CEST m=+10081.767957035,71.1106948852539
2023-06-27 21:56:58.276799038 +0200 CEST m=+10081.767970364,71.36305236816406
2023-06-27 21:56:58.276811824 +0200 CEST m=+10081.767983151,71.5618896484375
2023-06-27 21:56:58.276825731 +0200 CEST m=+10081.767997057,71.70658111572266
2023-06-27 21:56:58.276838447 +0200 CEST m=+10081.768009773,71.79664611816406
2023-06-27 21:56:58.276853069 +0200 CEST m=+10081.768024400,71.83173370361328
2023-06-27 21:56:58.276867577 +0200 CEST m=+10081.768038904,71.81163787841797
2023-06-27 21:56:58.276880242 +0200 CEST m=+10081.768051568,71.73628997802734
2023-06-27 21:56:58.27689346 +0200 CEST m=+10081.768064786,71.60576629638672
2023-06-27 21:56:58.276954423 +0200 CEST m=+10081.768125749,71.4202651977539
2023-06-27 21:56:58.277119924 +0200 CEST m=+10081.768291246,71.18014526367188
2023-06-27 21:56:58.277275714 +0200 CEST m=+10081.768447041,70.88591003417969
2023-06-27 21:56:58.292738606 +0200 CEST m=+10081.783909925,70.53816986083984
2023-06-27 21:56:58.292746714 +0200 CEST m=+10081.783918034,70.13770294189453
2023-06-27 21:56:58.292753426 +0200 CEST m=+10081.783924745,69.6854019165039
2023-06-27 21:56:58.292760048 +0200 CEST m=+10081.783931368,69.18230438232422
2023-06-27 21:56:58.292766225 +0200 CEST m=+10081.783937545,67.65815734863281
2023-06-27 21:56:58.292771913 +0200 CEST m=+10081.783943233,65.94708251953125
2023-06-27 21:56:58.292777559 +0200 CEST m=+10081.783948878,64.06968688964844
2023-06-27 21:56:58.292783492 +0200 CEST m=+10081.783954812,62.289833068847656
2023-06-27 21:56:58.292789638 +0200 CEST m=+10081.783960957,59.87428283691406
2023-06-27 21:56:58.292796465 +0200 CEST m=+10081.783967784,58.13267135620117
2023-06-27 21:56:58.292802232 +0200 CEST m=+10081.783973552,55.76317596435547
2023-06-27 21:56:58.29280773 +0200 CEST m=+10081.783979050,54.146949768066406
2023-06-27 21:56:58.292813756 +0200 CEST m=+10081.783985076,52.51993942260742
2023-06-27 21:56:58.292950037 +0200 CEST m=+10081.784121361,50.88624572753906
2023-06-27 21:56:58.293124786 +0200 CEST m=+10081.784296110,49.25
2023-06-27 21:56:58.293271118 +0200 CEST m=+10081.784442437,47.414005279541016
2023-06-27 21:56:58.308854344 +0200 CEST m=+10081.800025673,45.535064697265625
2023-06-27 21:56:58.308872673 +0200 CEST m=+10081.800044002,43.67563247680664
2023-06-27 21:56:58.308885066 +0200 CEST m=+10081.800056394,41.84302520751953
2023-06-27 21:56:58.308897838 +0200 CEST m=+10081.800069170,40.04445266723633
2023-06-27 21:56:58.308912155 +0200 CEST m=+10081.800083485,38.28696823120117
2023-06-27 21:56:58.308927685 +0200 CEST m=+10081.800099018,36.57746887207031
2023-06-27 21:56:58.30894278 +0200 CEST m=+10081.800114110,34.98084259033203
2023-06-27 21:56:58.308955904 +0200 CEST m=+10081.800127231,34.4766845703125
2023-06-27 21:56:58.308968316 +0200 CEST m=+10081.800139644,34.0342903137207
2023-06-27 21:56:58.308983916 +0200 CEST m=+10081.800155245,33.655338287353516
2023-06-27 21:56:58.308999457 +0200 CEST m=+10081.800170787,33.34125900268555
2023-06-27 21:56:58.309015098 +0200 CEST m=+10081.800186422,33.093231201171875
2023-06-27 21:56:58.309029659 +0200 CEST m=+10081.800200992,32.91215515136719
2023-06-27 21:56:58.309183759 +0200 CEST m=+10081.800355087,32.79867935180664
2023-06-27 21:56:58.309480998 +0200 CEST m=+10081.800652331,32.75318145751953
2023-06-27 21:56:58.309827866 +0200 CEST m=+10081.800999201,32.7757682800293
2023-06-27 21:56:58.324749405 +0200 CEST m=+10081.815920746,32.86628341674805
2023-06-27 21:56:58.324870104 +0200 CEST m=+10081.816041448,33.02429962158203
2023-06-27 21:56:58.324892313 +0200 CEST m=+10081.816063643,33.198848724365234
2023-06-27 21:56:58.324902234 +0200 CEST m=+10081.816073564,33.415687561035156
2023-06-27 21:56:58.324913279 +0200 CEST m=+10081.816084609,33.674224853515625
2023-06-27 21:56:58.324923741 +0200 CEST m=+10081.816095070,33.97377395629883
2023-06-27 21:56:58.324933498 +0200 CEST m=+10081.816104827,34.31354522705078
2023-06-27 21:56:58.324948243 +0200 CEST m=+10081.816119573,34.692649841308594
2023-06-27 21:56:58.324959029 +0200 CEST m=+10081.816130358,35.11009216308594
2023-06-27 21:56:58.324969505 +0200 CEST m=+10081.816140836,34.73822784423828
2023-06-27 21:56:58.324980003 +0200 CEST m=+10081.816151332,34.36928176879883
2023-06-27 21:56:58.324991222 +0200 CEST m=+10081.816162550,34.04011917114258
2023-06-27 21:56:58.325007869 +0200 CEST m=+10081.816179211,33.75153350830078
2023-06-27 21:56:58.325035955 +0200 CEST m=+10081.816207300,33.50422286987305
2023-06-27 21:56:58.325293542 +0200 CEST m=+10081.816464879,33.29878234863281
2023-06-27 21:56:58.340804119 +0200 CEST m=+10081.831975445,33.135684967041016
2023-06-27 21:56:58.340830103 +0200 CEST m=+10081.832001435,33.015316009521484
2023-06-27 21:56:58.340843519 +0200 CEST m=+10081.832014842,32.93794250488281
2023-06-27 21:56:58.340861616 +0200 CEST m=+10081.832032944,32.90372085571289
2023-06-27 21:56:58.340883336 +0200 CEST m=+10081.832054694,32.91270065307617
2023-06-27 21:56:58.340898592 +0200 CEST m=+10081.832069912,32.96482849121094
2023-06-27 21:56:58.340909298 +0200 CEST m=+10081.832080620,33.05992889404297
2023-06-27 21:56:58.340923855 +0200 CEST m=+10081.832095180,33.197731018066406
2023-06-27 21:56:58.340936482 +0200 CEST m=+10081.832107804,33.37784957885742
2023-06-27 21:56:58.340948787 +0200 CEST m=+10081.832120108,33.59979248046875
2023-06-27 21:56:58.340958097 +0200 CEST m=+10081.832129418,33.86296844482422
2023-06-27 21:56:58.34096856 +0200 CEST m=+10081.832139883,34.16667175292969
2023-06-27 21:56:58.340980634 +0200 CEST m=+10081.832151956,34.51010513305664
2023-06-27 21:56:58.341021462 +0200 CEST m=+10081.832192791,34.89236831665039
2023-06-27 21:56:58.341233381 +0200 CEST m=+10081.832404703,35.419410705566406
2023-06-27 21:56:58.341379525 +0200 CEST m=+10081.832550845,36.73093032836914
2023-06-27 21:56:58.356756229 +0200 CEST m=+10081.847927571,38.074851989746094
2023-06-27 21:56:58.356789881 +0200 CEST m=+10081.847961236,39.44775390625
2023-06-27 21:56:58.356831818 +0200 CEST m=+10081.848003173,40.84614562988281
2023-06-27 21:56:58.356866685 +0200 CEST m=+10081.848038032,42.62455749511719
2023-06-27 21:56:58.356899059 +0200 CEST m=+10081.848070413,44.4301872253418
2023-06-27 21:56:58.356934236 +0200 CEST m=+10081.848105585,46.255882263183594
2023-06-27 21:56:58.356969872 +0200 CEST m=+10081.848141209,48.09441375732422
2023-06-27 21:56:58.357000978 +0200 CEST m=+10081.848172317,49.93851852416992
2023-06-27 21:56:58.357027641 +0200 CEST m=+10081.848198978,51.780914306640625
2023-06-27 21:56:58.357051739 +0200 CEST m=+10081.848223079,53.61432647705078
2023-06-27 21:56:58.357079286 +0200 CEST m=+10081.848250621,55.431541442871094
2023-06-27 21:56:58.357107655 +0200 CEST m=+10081.848278993,57.225399017333984
2023-06-27 21:56:58.357130614 +0200 CEST m=+10081.848301952,58.98884582519531
2023-06-27 21:56:58.357155907 +0200 CEST m=+10081.848327245,60.714962005615234
2023-06-27 21:56:58.357481237 +0200 CEST m=+10081.848652561,62.39697265625
2023-06-27 21:56:58.357698039 +0200 CEST m=+10081.848869367,64.02828979492188
2023-06-27 21:56:58.372854366 +0200 CEST m=+10081.864025689,64.9314956665039
2023-06-27 21:56:58.372866952 +0200 CEST m=+10081.864038274,65.38648223876953
2023-06-27 21:56:58.372878216 +0200 CEST m=+10081.864049538,65.78028869628906
2023-06-27 21:56:58.372897304 +0200 CEST m=+10081.864068627,66.11141204833984
2023-06-27 21:56:58.372909409 +0200 CEST m=+10081.864080731,66.37863159179688
2023-06-27 21:56:58.372922559 +0200 CEST m=+10081.864093881,66.54571533203125
2023-06-27 21:56:58.372935757 +0200 CEST m=+10081.864107078,66.6708755493164
2023-06-27 21:56:58.372947407 +0200 CEST m=+10081.864118729,66.75382232666016
2023-06-27 21:56:58.372963319 +0200 CEST m=+10081.864134645,66.79439544677734
2023-06-27 21:56:58.372994427 +0200 CEST m=+10081.864165833,66.79251861572266
2023-06-27 21:56:58.37300625 +0200 CEST m=+10081.864177573,66.74823760986328
2023-06-27 21:56:58.373019954 +0200 CEST m=+10081.864191277,71.50790405273438
2023-06-27 21:56:58.373031342 +0200 CEST m=+10081.864202665,71.3746566772461
2023-06-27 21:56:58.373119008 +0200 CEST m=+10081.864290350,71.18699645996094
2023-06-27 21:56:58.373298364 +0200 CEST m=+10081.864469689,70.94530487060547
2023-06-27 21:56:58.373476386 +0200 CEST m=+10081.864647708,70.65005493164062
2023-06-27 21:56:58.39289649 +0200 CEST m=+10081.884067874,70.30188751220703
2023-06-27 21:56:58.392945195 +0200 CEST m=+10081.884116572,69.90157318115234
2023-06-27 21:56:58.392986472 +0200 CEST m=+10081.884157855,69.44999694824219
2023-06-27 21:56:58.39302333 +0200 CEST m=+10081.884194710,68.94820404052734
2023-06-27 21:56:58.393057913 +0200 CEST m=+10081.884229301,69.4507827758789
2023-06-27 21:56:58.393095129 +0200 CEST m=+10081.884266492,69.95108795166016
2023-06-27 21:56:58.393138205 +0200 CEST m=+10081.884309586,70.40199279785156
2023-06-27 21:56:58.393180684 +0200 CEST m=+10081.884352070,70.80223083496094
2023-06-27 21:56:58.393229104 +0200 CEST m=+10081.884400485,71.15068817138672
2023-06-27 21:56:58.393274184 +0200 CEST m=+10081.884445572,71.44637298583984
2023-06-27 21:56:58.393314654 +0200 CEST m=+10081.884486033,71.68841552734375
2023-06-27 21:56:58.393355825 +0200 CEST m=+10081.884527212,71.8760757446289
2023-06-27 21:56:58.393397635 +0200 CEST m=+10081.884569007,72.00878143310547
2023-06-27 21:56:58.39347095 +0200 CEST m=+10081.884642313,72.08606719970703
2023-06-27 21:56:58.394084944 +0200 CEST m=+10081.885256321,72.10760498046875
2023-06-27 21:56:58.394601248 +0200 CEST m=+10081.885772596,72.0732421875
2023-06-27 21:56:58.395075839 +0200 CEST m=+10081.886247188,71.9829330444336
2023-06-27 21:56:58.395561055 +0200 CEST m=+10081.886732403,71.8367919921875
2023-06-27 21:56:58.395946582 +0200 CEST m=+10081.887117931,71.63505554199219
2023-06-27 21:56:58.396480453 +0200 CEST m=+10081.887651797,71.37812805175781
2023-06-27 21:56:58.40876275 +0200 CEST m=+10081.899934082,71.06653594970703
2023-06-27 21:56:58.408788292 +0200 CEST m=+10081.899959637,70.60121154785156
2023-06-27 21:56:58.408821783 +0200 CEST m=+10081.899993128,70.05316162109375
2023-06-27 21:56:58.408856637 +0200 CEST m=+10081.900027972,69.42431640625
2023-06-27 21:56:58.408876752 +0200 CEST m=+10081.900048084,67.45216369628906
2023-06-27 21:56:58.408890422 +0200 CEST m=+10081.900061755,65.2649154663086
2023-06-27 21:56:58.40890165 +0200 CEST m=+10081.900072981,62.323612213134766
2023-06-27 21:56:58.408914823 +0200 CEST m=+10081.900086156,60.1311149597168
2023-06-27 21:56:58.408926392 +0200 CEST m=+10081.900097725,56.80569076538086
2023-06-27 21:56:58.408938737 +0200 CEST m=+10081.900110070,54.84138488769531
2023-06-27 21:56:58.408951526 +0200 CEST m=+10081.900122859,52.85859680175781
2023-06-27 21:56:58.408962553 +0200 CEST m=+10081.900133886,50.865150451660156
2023-06-27 21:56:58.40897374 +0200 CEST m=+10081.900145074,48.86892318725586
2023-06-27 21:56:58.409137359 +0200 CEST m=+10081.900308691,46.87778854370117
2023-06-27 21:56:58.409528701 +0200 CEST m=+10081.900700054,44.899600982666016
2023-06-27 21:56:58.409893109 +0200 CEST m=+10081.901064450,42.94216537475586
2023-06-27 21:56:58.428707204 +0200 CEST m=+10081.919878538,41.01319885253906
2023-06-27 21:56:58.428728152 +0200 CEST m=+10081.919899483,39.12030029296875
2023-06-27 21:56:58.428753869 +0200 CEST m=+10081.919925205,37.270931243896484
2023-06-27 21:56:58.428771314 +0200 CEST m=+10081.919942647,35.827674865722656
2023-06-27 21:56:58.428786936 +0200 CEST m=+10081.919958267,35.23271942138672
2023-06-27 21:56:58.428804398 +0200 CEST m=+10081.919975729,34.632957458496094
2023-06-27 21:56:58.428820848 +0200 CEST m=+10081.919992180,34.2542724609375
2023-06-27 21:56:58.428850179 +0200 CEST m=+10081.920021509,33.91572189331055
2023-06-27 21:56:58.428866188 +0200 CEST m=+10081.920037519,33.61811447143555
2023-06-27 21:56:58.428913341 +0200 CEST m=+10081.920084672,33.36216735839844
2023-06-27 21:56:58.428929716 +0200 CEST m=+10081.920101048,33.14848327636719
2023-06-27 21:56:58.428945559 +0200 CEST m=+10081.920116890,32.97755813598633
2023-06-27 21:56:58.428963418 +0200 CEST m=+10081.920134756,32.849788665771484
2023-06-27 21:56:58.429031981 +0200 CEST m=+10081.920203313,32.76545333862305
2023-06-27 21:56:58.429288481 +0200 CEST m=+10081.920459817,32.72472381591797
2023-06-27 21:56:58.429582038 +0200 CEST m=+10081.920753375,32.7276611328125
2023-06-27 21:56:58.429818625 +0200 CEST m=+10081.920989950,32.77421188354492
2023-06-27 21:56:58.430123667 +0200 CEST m=+10081.921294998,32.86421585083008
2023-06-27 21:56:58.430396403 +0200 CEST m=+10081.921567733,32.99740982055664
2023-06-27 21:56:58.430590948 +0200 CEST m=+10081.921762274,33.17340850830078
2023-06-27 21:56:58.44874708 +0200 CEST m=+10081.939918402,33.391727447509766
2023-06-27 21:56:58.448761374 +0200 CEST m=+10081.939932699,33.65177917480469
2023-06-27 21:56:58.448776949 +0200 CEST m=+10081.939948275,33.95286178588867
2023-06-27 21:56:58.448799178 +0200 CEST m=+10081.939970503,34.29417419433594
2023-06-27 21:56:58.448812668 +0200 CEST m=+10081.939983990,34.6748161315918
2023-06-27 21:56:58.448822642 +0200 CEST m=+10081.939993963,35.09378433227539
2023-06-27 21:56:58.448836886 +0200 CEST m=+10081.940008208,34.72258377075195
2023-06-27 21:56:58.448846349 +0200 CEST m=+10081.940017671,34.35435485839844
2023-06-27 21:56:58.448857965 +0200 CEST m=+10081.940029289,34.025997161865234
2023-06-27 21:56:58.448868181 +0200 CEST m=+10081.940039502,33.73830032348633
2023-06-27 21:56:58.448879 +0200 CEST m=+10081.940050321,33.491947174072266
2023-06-27 21:56:58.448890427 +0200 CEST m=+10081.940061748,33.28752517700195
2023-06-27 21:56:58.448903512 +0200 CEST m=+10081.940074834,33.125511169433594
2023-06-27 21:56:58.448972853 +0200 CEST m=+10081.940144179,33.006263732910156
2023-06-27 21:56:58.449151934 +0200 CEST m=+10081.940323259,32.91774368286133
2023-06-27 21:56:58.44933725 +0200 CEST m=+10081.940508576,32.8967170715332
2023-06-27 21:56:58.449515444 +0200 CEST m=+10081.940686770,32.94318771362305
2023-06-27 21:56:58.449661392 +0200 CEST m=+10081.940832714,33.056884765625
2023-06-27 21:56:58.449796932 +0200 CEST m=+10081.940968252,33.23728561401367
2023-06-27 21:56:58.449949505 +0200 CEST m=+10081.941120830,33.48358917236328
2023-06-27 21:56:58.468735646 +0200 CEST m=+10081.959906971,33.79474639892578
2023-06-27 21:56:58.468754775 +0200 CEST m=+10081.959926108,34.1694450378418
2023-06-27 21:56:58.468777111 +0200 CEST m=+10081.959948447,34.606136322021484
2023-06-27 21:56:58.468801037 +0200 CEST m=+10081.959972365,35.10301208496094
2023-06-27 21:56:58.468820778 +0200 CEST m=+10081.959992106,36.4058952331543
2023-06-27 21:56:58.468843521 +0200 CEST m=+10081.960014852,38.0811882019043
2023-06-27 21:56:58.468857826 +0200 CEST m=+10081.960029150,39.80143356323242
2023-06-27 21:56:58.468877482 +0200 CEST m=+10081.960048806,41.55978775024414
2023-06-27 21:56:58.468899875 +0200 CEST m=+10081.960071200,43.349266052246094
2023-06-27 21:56:58.468918924 +0200 CEST m=+10081.960090254,45.16276550292969
2023-06-27 21:56:58.468929579 +0200 CEST m=+10081.960100908,46.993106842041016
2023-06-27 21:56:58.468949935 +0200 CEST m=+10081.960121264,48.833045959472656
2023-06-27 21:56:58.468966866 +0200 CEST m=+10081.960138195,50.6753044128418
2023-06-27 21:56:58.469025029 +0200 CEST m=+10081.960196366,52.51262283325195
2023-06-27 21:56:58.469231964 +0200 CEST m=+10081.960403288,53.97404098510742
2023-06-27 21:56:58.469431345 +0200 CEST m=+10081.960602675,55.42397689819336
2023-06-27 21:56:58.469646151 +0200 CEST m=+10081.960817480,56.85877227783203
2023-06-27 21:56:58.469830889 +0200 CEST m=+10081.961002212,58.27482604980469
2023-06-27 21:56:58.470051819 +0200 CEST m=+10081.961223144,59.66857147216797
2023-06-27 21:56:58.470267621 +0200 CEST m=+10081.961438950,61.03651428222656
2023-06-27 21:56:58.488778132 +0200 CEST m=+10081.979949468,62.37522888183594
2023-06-27 21:56:58.488792848 +0200 CEST m=+10081.979964172,63.681358337402344
2023-06-27 21:56:58.488800636 +0200 CEST m=+10081.979971960,64.70477294921875
2023-06-27 21:56:58.488810828 +0200 CEST m=+10081.979982152,65.09091186523438
2023-06-27 21:56:58.488819965 +0200 CEST m=+10081.979991290,65.43856048583984
2023-06-27 21:56:58.488827914 +0200 CEST m=+10081.979999239,65.74687957763672
2023-06-27 21:56:58.488836655 +0200 CEST m=+10081.980007981,66.0151138305664
2023-06-27 21:56:58.488844321 +0200 CEST m=+10081.980015646,66.24264526367188
2023-06-27 21:56:58.488852178 +0200 CEST m=+10081.980023503,66.4289321899414
2023-06-27 21:56:58.488860657 +0200 CEST m=+10081.980031981,66.57353973388672
2023-06-27 21:56:58.488870559 +0200 CEST m=+10081.980041883,66.6761474609375
2023-06-27 21:56:58.488880573 +0200 CEST m=+10081.980051898,66.73654174804688
2023-06-27 21:56:58.488897854 +0200 CEST m=+10081.980069180,66.7546157836914
2023-06-27 21:56:58.489082521 +0200 CEST m=+10081.980253850,66.73035430908203
2023-06-27 21:56:58.489336185 +0200 CEST m=+10081.980507511,71.1039810180664
2023-06-27 21:56:58.489567889 +0200 CEST m=+10081.980739220,70.99687194824219
2023-06-27 21:56:58.489736767 +0200 CEST m=+10081.980908098,70.83644104003906
2023-06-27 21:56:58.489916242 +0200 CEST m=+10081.981087571,70.62297821044922
2023-06-27 21:56:58.490132919 +0200 CEST m=+10081.981304244,70.35694122314453
2023-06-27 21:56:58.490398689 +0200 CEST m=+10081.981570020,70.03888702392578
2023-06-27 21:56:58.508768997 +0200 CEST m=+10081.999940322,69.66954040527344
2023-06-27 21:56:58.508781895 +0200 CEST m=+10081.999953220,69.24972534179688
2023-06-27 21:56:58.508793804 +0200 CEST m=+10081.999965130,68.7804183959961
2023-06-27 21:56:58.508806584 +0200 CEST m=+10081.999977909,68.75518798828125
2023-06-27 21:56:58.508819175 +0200 CEST m=+10081.999990506,69.26498413085938
2023-06-27 21:56:58.508835141 +0200 CEST m=+10082.000006469,69.83487701416016
2023-06-27 21:56:58.508850439 +0200 CEST m=+10082.000021764,70.32767486572266
2023-06-27 21:56:58.508865341 +0200 CEST m=+10082.000036666,71.96659088134766
2023-06-27 21:56:58.508878392 +0200 CEST m=+10082.000049718,72.32719421386719
2023-06-27 21:56:58.508890853 +0200 CEST m=+10082.000062178,72.60055541992188
2023-06-27 21:56:58.5089061 +0200 CEST m=+10082.000077425,72.78531646728516
2023-06-27 21:56:58.508918353 +0200 CEST m=+10082.000089678,72.88048553466797
2023-06-27 21:56:58.508930349 +0200 CEST m=+10082.000101674,72.8853988647461
2023-06-27 21:56:58.509090955 +0200 CEST m=+10082.000262280,72.79975891113281
2023-06-27 21:56:58.50921824 +0200 CEST m=+10082.000389560,72.6236343383789
2023-06-27 21:56:58.509334396 +0200 CEST m=+10082.000505721,72.3574447631836
2023-06-27 21:56:58.509488415 +0200 CEST m=+10082.000659736,72.0019760131836
2023-06-27 21:56:58.509595275 +0200 CEST m=+10082.000766595,71.558349609375
2023-06-27 21:56:58.509727539 +0200 CEST m=+10082.000898864,71.02806854248047
2023-06-27 21:56:58.509851258 +0200 CEST m=+10082.001022579,70.4129638671875
2023-06-27 21:56:58.524766099 +0200 CEST m=+10082.015937426,68.98657989501953
2023-06-27 21:56:58.524775672 +0200 CEST m=+10082.015947001,66.75099182128906
2023-06-27 21:56:58.52478503 +0200 CEST m=+10082.015956359,64.44236755371094
2023-06-27 21:56:58.524798009 +0200 CEST m=+10082.015969337,61.04951095581055
2023-06-27 21:56:58.524807345 +0200 CEST m=+10082.015978673,58.952213287353516
2023-06-27 21:56:58.524816837 +0200 CEST m=+10082.015988166,56.92728042602539
2023-06-27 21:56:58.524827578 +0200 CEST m=+10082.015998907,55.230438232421875
2023-06-27 21:56:58.524837196 +0200 CEST m=+10082.016008525,53.5193977355957
2023-06-27 21:56:58.524848068 +0200 CEST m=+10082.016019398,51.798465728759766
2023-06-27 21:56:58.524858783 +0200 CEST m=+10082.016030111,50.071739196777344
2023-06-27 21:56:58.524869303 +0200 CEST m=+10082.016040632,48.356712341308594
2023-06-27 21:56:58.524879478 +0200 CEST m=+10082.016050805,46.6463623046875
2023-06-27 21:56:58.524888583 +0200 CEST m=+10082.016059911,45.49475860595703
2023-06-27 21:56:58.525030467 +0200 CEST m=+10082.016201795,43.99247741699219
2023-06-27 21:56:58.525224679 +0200 CEST m=+10082.016396008,42.506893157958984
2023-06-27 21:56:58.525448025 +0200 CEST m=+10082.016619360,41.04174041748047
2023-06-27 21:56:58.540721695 +0200 CEST m=+10082.031893018,39.6006965637207
2023-06-27 21:56:58.540787763 +0200 CEST m=+10082.031959085,38.1873779296875
2023-06-27 21:56:58.540802981 +0200 CEST m=+10082.031974303,36.805328369140625
2023-06-27 21:56:58.540811553 +0200 CEST m=+10082.031982876,35.458003997802734
2023-06-27 21:56:58.540819347 +0200 CEST m=+10082.031990670,34.624794006347656
2023-06-27 21:56:58.540827583 +0200 CEST m=+10082.031998908,34.23385238647461
2023-06-27 21:56:58.540835623 +0200 CEST m=+10082.032006946,34.21833038330078
2023-06-27 21:56:58.540842862 +0200 CEST m=+10082.032014184,33.917449951171875
2023-06-27 21:56:58.54085061 +0200 CEST m=+10082.032021932,33.65757751464844
2023-06-27 21:56:58.540858002 +0200 CEST m=+10082.032029326,33.43931579589844
2023-06-27 21:56:58.540867071 +0200 CEST m=+10082.032038394,33.26316452026367
2023-06-27 21:56:58.540874574 +0200 CEST m=+10082.032045898,33.12950897216797
2023-06-27 21:56:58.540882487 +0200 CEST m=+10082.032053810,33.03862762451172
2023-06-27 21:56:58.540939918 +0200 CEST m=+10082.032111241,32.99070358276367
2023-06-27 21:56:58.541113684 +0200 CEST m=+10082.032285012,32.98579406738281
2023-06-27 21:56:58.541293078 +0200 CEST m=+10082.032464405,33.02385330200195
2023-06-27 21:56:58.560719861 +0200 CEST m=+10082.051891183,33.104736328125
2023-06-27 21:56:58.560733972 +0200 CEST m=+10082.051905294,33.228179931640625
2023-06-27 21:56:58.560751362 +0200 CEST m=+10082.051922685,33.3938102722168
2023-06-27 21:56:58.560768347 +0200 CEST m=+10082.051939677,33.601158142089844
2023-06-27 21:56:58.560782954 +0200 CEST m=+10082.051954279,33.918113708496094
2023-06-27 21:56:58.560797679 +0200 CEST m=+10082.051969002,34.2979850769043
2023-06-27 21:56:58.560813931 +0200 CEST m=+10082.051985258,34.739166259765625
2023-06-27 21:56:58.560826607 +0200 CEST m=+10082.051997930,35.23981475830078
2023-06-27 21:56:58.560841382 +0200 CEST m=+10082.052012708,34.984642028808594
2023-06-27 21:56:58.560854362 +0200 CEST m=+10082.052025686,34.54174041748047
2023-06-27 21:56:58.560868567 +0200 CEST m=+10082.052039895,34.160552978515625
2023-06-27 21:56:58.560881947 +0200 CEST m=+10082.052053274,33.84248352050781
2023-06-27 21:56:58.560895343 +0200 CEST m=+10082.052066666,33.58867263793945
2023-06-27 21:56:58.560967356 +0200 CEST m=+10082.052138679,33.4000244140625
2023-06-27 21:56:58.561187169 +0200 CEST m=+10082.052358492,33.27717208862305
2023-06-27 21:56:58.561383291 +0200 CEST m=+10082.052554620,33.220489501953125
2023-06-27 21:56:58.561629368 +0200 CEST m=+10082.052800693,33.2300910949707
2023-06-27 21:56:58.56180013 +0200 CEST m=+10082.052971451,33.305824279785156
2023-06-27 21:56:58.561940306 +0200 CEST m=+10082.053111631,33.447288513183594
2023-06-27 21:56:58.576769955 +0200 CEST m=+10082.067941297,33.65380859375
2023-06-27 21:56:58.576829459 +0200 CEST m=+10082.068000794,33.924461364746094
2023-06-27 21:56:58.576904743 +0200 CEST m=+10082.068076079,34.25807189941406
2023-06-27 21:56:58.57692322 +0200 CEST m=+10082.068094548,34.5693473815918
2023-06-27 21:56:58.576933387 +0200 CEST m=+10082.068104715,34.919166564941406
2023-06-27 21:56:58.576944177 +0200 CEST m=+10082.068115504,35.306602478027344
2023-06-27 21:56:58.576954408 +0200 CEST m=+10082.068125735,36.04465866088867
2023-06-27 21:56:58.576964926 +0200 CEST m=+10082.068136254,37.33994674682617
2023-06-27 21:56:58.576974296 +0200 CEST m=+10082.068145625,38.665462493896484
2023-06-27 21:56:58.57698442 +0200 CEST m=+10082.068155748,40.01781463623047
2023-06-27 21:56:58.576994268 +0200 CEST m=+10082.068165597,41.393550872802734
2023-06-27 21:56:58.577004045 +0200 CEST m=+10082.068175372,42.789161682128906
2023-06-27 21:56:58.577014956 +0200 CEST m=+10082.068186285,44.20109939575195
2023-06-27 21:56:58.577024461 +0200 CEST m=+10082.068195789,45.62577438354492
2023-06-27 21:56:58.577337455 +0200 CEST m=+10082.068508784,47.059566497802734
2023-06-27 21:56:58.577564691 +0200 CEST m=+10082.068736016,48.49884796142578
2023-06-27 21:56:58.59674173 +0200 CEST m=+10082.087913065,49.93996810913086
2023-06-27 21:56:58.596758152 +0200 CEST m=+10082.087929485,51.37928771972656
2023-06-27 21:56:58.596770279 +0200 CEST m=+10082.087941614,52.81317138671875
2023-06-27 21:56:58.596784869 +0200 CEST m=+10082.087956202,54.238006591796875
2023-06-27 21:56:58.596797869 +0200 CEST m=+10082.087969202,55.650203704833984
2023-06-27 21:56:58.596809622 +0200 CEST m=+10082.087980955,57.04621505737305
2023-06-27 21:56:58.59682245 +0200 CEST m=+10082.087993783,58.42253494262695
2023-06-27 21:56:58.596836046 +0200 CEST m=+10082.088007379,59.77571487426758
2023-06-27 21:56:58.596847449 +0200 CEST m=+10082.088018780,61.10236358642578
2023-06-27 21:56:58.596859078 +0200 CEST m=+10082.088030414,62.399166107177734
2023-06-27 21:56:58.596872529 +0200 CEST m=+10082.088043865,63.66289138793945
2023-06-27 21:56:58.596885596 +0200 CEST m=+10082.088056931,64.44322204589844
2023-06-27 21:56:58.596897506 +0200 CEST m=+10082.088068840,64.80789947509766
2023-06-27 21:56:58.597162291 +0200 CEST m=+10082.088333633,65.13467407226562
2023-06-27 21:56:58.597544552 +0200 CEST m=+10082.088715887,65.42278289794922
2023-06-27 21:56:58.597863189 +0200 CEST m=+10082.089034532,65.67155456542969
2023-06-27 21:56:58.598157066 +0200 CEST m=+10082.089328403,65.88040924072266
2023-06-27 21:56:58.598464813 +0200 CEST m=+10082.089636145,66.04887390136719
2023-06-27 21:56:58.59876494 +0200 CEST m=+10082.089936280,66.17658233642578
2023-06-27 21:56:58.59905857 +0200 CEST m=+10082.090229904,66.27850341796875
2023-06-27 21:56:58.612724424 +0200 CEST m=+10082.103895760,66.31603240966797
2023-06-27 21:56:58.612746523 +0200 CEST m=+10082.103917860,66.28913879394531
2023-06-27 21:56:58.612799217 +0200 CEST m=+10082.103970552,66.19803619384766
2023-06-27 21:56:58.612824636 +0200 CEST m=+10082.103995973,66.04319763183594
2023-06-27 21:56:58.612873429 +0200 CEST m=+10082.104044769,65.8253402709961
2023-06-27 21:56:58.612907889 +0200 CEST m=+10082.104079227,71.82260131835938
2023-06-27 21:56:58.612927866 +0200 CEST m=+10082.104099203,71.39837646484375
2023-06-27 21:56:58.612950811 +0200 CEST m=+10082.104122146,70.88802337646484
2023-06-27 21:56:58.612990249 +0200 CEST m=+10082.104161581,70.29328155517578
2023-06-27 21:56:58.613028474 +0200 CEST m=+10082.104199810,70.14519500732422
2023-06-27 21:56:58.613050571 +0200 CEST m=+10082.104221912,70.83189392089844
2023-06-27 21:56:58.613079718 +0200 CEST m=+10082.104251049,71.43840789794922
2023-06-27 21:56:58.61309749 +0200 CEST m=+10082.104268822,71.96206665039062
2023-06-27 21:56:58.613121834 +0200 CEST m=+10082.104293178,72.40052032470703
2023-06-27 21:56:58.613304531 +0200 CEST m=+10082.104475870,72.75173950195312
2023-06-27 21:56:58.613543351 +0200 CEST m=+10082.104714678,73.01406860351562
2023-06-27 21:56:58.632701364 +0200 CEST m=+10082.123872686,73.1861572265625
2023-06-27 21:56:58.632719556 +0200 CEST m=+10082.123890890,73.25818634033203
2023-06-27 21:56:58.632739699 +0200 CEST m=+10082.123911024,73.27149200439453
2023-06-27 21:56:58.632754283 +0200 CEST m=+10082.123925609,73.22589874267578
2023-06-27 21:56:58.632766962 +0200 CEST m=+10082.123938288,73.12135314941406
2023-06-27 21:56:58.632781965 +0200 CEST m=+10082.123953292,72.95796966552734
2023-06-27 21:56:58.632796465 +0200 CEST m=+10082.123967797,72.73602294921875
2023-06-27 21:56:58.632808782 +0200 CEST m=+10082.123980107,72.45590209960938
2023-06-27 21:56:58.632819539 +0200 CEST m=+10082.123990861,72.11817932128906
2023-06-27 21:56:58.632831665 +0200 CEST m=+10082.124002989,71.72356414794922
2023-06-27 21:56:58.63284505 +0200 CEST m=+10082.124016372,71.27290344238281
2023-06-27 21:56:58.632856615 +0200 CEST m=+10082.124027938,70.7671890258789
2023-06-27 21:56:58.632868833 +0200 CEST m=+10082.124040162,69.76285552978516
2023-06-27 21:56:58.632884711 +0200 CEST m=+10082.124056037,67.59848022460938
2023-06-27 21:56:58.633068874 +0200 CEST m=+10082.124240196,64.47058868408203
2023-06-27 21:56:58.633208409 +0200 CEST m=+10082.124379735,62.74015808105469
2023-06-27 21:56:58.633334679 +0200 CEST m=+10082.124506003,60.175079345703125
2023-06-27 21:56:58.63364879 +0200 CEST m=+10082.124820127,58.53293228149414
2023-06-27 21:56:58.633938351 +0200 CEST m=+10082.125109687,56.76723861694336
2023-06-27 21:56:58.63417884 +0200 CEST m=+10082.125350176,55.108890533447266
2023-06-27 21:56:58.648724004 +0200 CEST m=+10082.139895331,53.437129974365234
2023-06-27 21:56:58.648733265 +0200 CEST m=+10082.139904592,51.75618362426758
2023-06-27 21:56:58.648782662 +0200 CEST m=+10082.139953989,50.070289611816406
2023-06-27 21:56:58.648793442 +0200 CEST m=+10082.139964769,48.38370895385742
2023-06-27 21:56:58.648802449 +0200 CEST m=+10082.139973775,46.70069885253906
2023-06-27 21:56:58.648813069 +0200 CEST m=+10082.139984396,45.02552032470703
2023-06-27 21:56:58.64882263 +0200 CEST m=+10082.139993957,43.36240005493164
2023-06-27 21:56:58.648832019 +0200 CEST m=+10082.140003345,42.033321380615234
2023-06-27 21:56:58.648841088 +0200 CEST m=+10082.140012415,40.687686920166016
2023-06-27 21:56:58.648849727 +0200 CEST m=+10082.140021053,39.32487487792969
2023-06-27 21:56:58.648858655 +0200 CEST m=+10082.140029982,38.199832916259766
2023-06-27 21:56:58.64886766 +0200 CEST m=+10082.140038987,36.81937026977539
2023-06-27 21:56:58.648877521 +0200 CEST m=+10082.140048847,35.4736213684082
2023-06-27 21:56:58.648939585 +0200 CEST m=+10082.140110918,34.54014587402344
2023-06-27 21:56:58.649234255 +0200 CEST m=+10082.140405588,34.070919036865234
2023-06-27 21:56:58.649420756 +0200 CEST m=+10082.140592083,33.665138244628906
2023-06-27 21:56:58.668713005 +0200 CEST m=+10082.159884326,33.32432174682617
2023-06-27 21:56:58.668733216 +0200 CEST m=+10082.159904540,33.09096908569336
2023-06-27 21:56:58.668748809 +0200 CEST m=+10082.159920135,32.884464263916016
2023-06-27 21:56:58.668760635 +0200 CEST m=+10082.159931959,33.208831787109375
2023-06-27 21:56:58.668774206 +0200 CEST m=+10082.159945528,33.1442756652832
2023-06-27 21:56:58.668785299 +0200 CEST m=+10082.159956618,33.14632034301758
2023-06-27 21:56:58.668796672 +0200 CEST m=+10082.159967993,33.214847564697266
2023-06-27 21:56:58.668808015 +0200 CEST m=+10082.159979336,33.34946060180664
2023-06-27 21:56:58.668817824 +0200 CEST m=+10082.159989145,33.549503326416016
2023-06-27 21:56:58.668827544 +0200 CEST m=+10082.159998865,33.8140754699707
2023-06-27 21:56:58.66883724 +0200 CEST m=+10082.160008561,34.14200973510742
2023-06-27 21:56:58.668845754 +0200 CEST m=+10082.160017073,34.53189468383789
2023-06-27 21:56:58.668856516 +0200 CEST m=+10082.160027838,34.98208236694336
2023-06-27 21:56:58.668962269 +0200 CEST m=+10082.160133593,35.490684509277344
2023-06-27 21:56:58.669145943 +0200 CEST m=+10082.160317268,35.0407829284668
2023-06-27 21:56:58.669288884 +0200 CEST m=+10082.160460208,34.6157341003418
2023-06-27 21:56:58.669446384 +0200 CEST m=+10082.160617714,34.319881439208984
2023-06-27 21:56:58.669641337 +0200 CEST m=+10082.160812661,34.06406021118164
2023-06-27 21:56:58.669817979 +0200 CEST m=+10082.160989303,33.84886169433594
2023-06-27 21:56:58.669967373 +0200 CEST m=+10082.161138703,33.674766540527344
2023-06-27 21:56:58.68474453 +0200 CEST m=+10082.175915856,33.54215621948242
2023-06-27 21:56:58.684754975 +0200 CEST m=+10082.175926298,33.45130157470703
2023-06-27 21:56:58.684765387 +0200 CEST m=+10082.175936708,33.40237045288086
2023-06-27 21:56:58.684778749 +0200 CEST m=+10082.175950070,33.39542770385742
2023-06-27 21:56:58.684788445 +0200 CEST m=+10082.175959766,33.43042755126953
2023-06-27 21:56:58.684798975 +0200 CEST m=+10082.175970296,33.5072135925293
2023-06-27 21:56:58.684810119 +0200 CEST m=+10082.175981441,33.62554168701172
2023-06-27 21:56:58.684831299 +0200 CEST m=+10082.176002621,33.78504180908203
2023-06-27 21:56:58.684842367 +0200 CEST m=+10082.176013690,33.985252380371094
2023-06-27 21:56:58.684854366 +0200 CEST m=+10082.176025688,34.225608825683594
2023-06-27 21:56:58.684867363 +0200 CEST m=+10082.176038692,34.50544738769531
2023-06-27 21:56:58.684882016 +0200 CEST m=+10082.176053338,34.82399368286133
2023-06-27 21:56:58.68488887 +0200 CEST m=+10082.176060191,35.180389404296875
2023-06-27 21:56:58.684927607 +0200 CEST m=+10082.176098928,35.57368087768555
2023-06-27 21:56:58.685101729 +0200 CEST m=+10082.176273050,36.5201301574707
2023-06-27 21:56:58.685247208 +0200 CEST m=+10082.176418529,37.80939865112305
2023-06-27 21:56:58.700743757 +0200 CEST m=+10082.191915077,39.127525329589844
2023-06-27 21:56:58.700753496 +0200 CEST m=+10082.191924817,40.47114181518555
2023-06-27 21:56:58.700768809 +0200 CEST m=+10082.191940128,41.83681106567383
2023-06-27 21:56:58.70078032 +0200 CEST m=+10082.191951642,43.22105026245117
2023-06-27 21:56:58.700793234 +0200 CEST m=+10082.191964555,44.620338439941406
2023-06-27 21:56:58.700804722 +0200 CEST m=+10082.191976053,46.03111267089844
2023-06-27 21:56:58.700816801 +0200 CEST m=+10082.191988120,47.44979476928711
2023-06-27 21:56:58.700825659 +0200 CEST m=+10082.191996980,48.87278366088867
2023-06-27 21:56:58.70083359 +0200 CEST m=+10082.192004910,50.296485900878906
2023-06-27 21:56:58.700839887 +0200 CEST m=+10082.192011207,51.7172966003418
2023-06-27 21:56:58.700846047 +0200 CEST m=+10082.192017367,53.13163375854492
2023-06-27 21:56:58.700851612 +0200 CEST m=+10082.192022933,54.88502502441406
2023-06-27 21:56:58.700858557 +0200 CEST m=+10082.192029878,56.615848541259766
2023-06-27 21:56:58.700992753 +0200 CEST m=+10082.192164077,58.31730651855469
2023-06-27 21:56:58.701158019 +0200 CEST m=+10082.192329339,59.982749938964844
2023-06-27 21:56:58.701321324 +0200 CEST m=+10082.192492648,61.60566711425781
2023-06-27 21:56:58.716736354 +0200 CEST m=+10082.207907676,63.17973709106445
2023-06-27 21:56:58.716747766 +0200 CEST m=+10082.207919088,64.25743103027344
2023-06-27 21:56:58.716756567 +0200 CEST m=+10082.207927888,64.70020294189453
2023-06-27 21:56:58.716763631 +0200 CEST m=+10082.207934954,65.08415222167969
2023-06-27 21:56:58.716769897 +0200 CEST m=+10082.207941218,65.40787506103516
2023-06-27 21:56:58.716776749 +0200 CEST m=+10082.207948070,65.67020416259766
2023-06-27 21:56:58.716783226 +0200 CEST m=+10082.207954549,65.87022399902344
2023-06-27 21:56:58.716790876 +0200 CEST m=+10082.207962198,66.00725555419922
2023-06-27 21:56:58.716800039 +0200 CEST m=+10082.207971360,66.08088684082031
2023-06-27 21:56:58.716813242 +0200 CEST m=+10082.207984570,66.0909423828125
2023-06-27 21:56:58.716830163 +0200 CEST m=+10082.208001490,66.03751373291016
2023-06-27 21:56:58.716842942 +0200 CEST m=+10082.208014268,65.9209213256836
2023-06-27 21:56:58.716855652 +0200 CEST m=+10082.208026979,65.74174499511719
2023-06-27 21:56:58.716970434 +0200 CEST m=+10082.208141760,65.50082397460938
2023-06-27 21:56:58.717187937 +0200 CEST m=+10082.208359267,65.26433563232422
2023-06-27 21:56:58.71744602 +0200 CEST m=+10082.208617343,64.98966217041016
2023-06-27 21:56:58.732748795 +0200 CEST m=+10082.223920129,64.67755126953125
2023-06-27 21:56:58.73276809 +0200 CEST m=+10082.223939421,64.32886505126953
2023-06-27 21:56:58.732790591 +0200 CEST m=+10082.223961931,63.94451904296875
2023-06-27 21:56:58.732818864 +0200 CEST m=+10082.223990204,69.37562561035156
2023-06-27 21:56:58.732846317 +0200 CEST m=+10082.224017666,69.89124298095703
2023-06-27 21:56:58.732875149 +0200 CEST m=+10082.224046495,70.35771179199219
2023-06-27 21:56:58.732900828 +0200 CEST m=+10082.224072162,70.77372741699219
2023-06-27 21:56:58.732930981 +0200 CEST m=+10082.224102327,71.13813018798828
2023-06-27 21:56:58.732958597 +0200 CEST m=+10082.224129933,71.44986724853516
2023-06-27 21:56:58.732985528 +0200 CEST m=+10082.224156869,71.7080307006836
2023-06-27 21:56:58.733018046 +0200 CEST m=+10082.224189392,71.91183471679688
2023-06-27 21:56:58.733038484 +0200 CEST m=+10082.224209814,72.06063842773438
2023-06-27 21:56:58.733055928 +0200 CEST m=+10082.224227257,72.15393829345703
2023-06-27 21:56:58.733110347 +0200 CEST m=+10082.224281685,72.19136810302734
2023-06-27 21:56:58.733362728 +0200 CEST m=+10082.224534066,72.17269897460938
2023-06-27 21:56:58.733671721 +0200 CEST m=+10082.224843057,72.09785461425781
2023-06-27 21:56:58.748726098 +0200 CEST m=+10082.239897424,71.96688842773438
2023-06-27 21:56:58.748741152 +0200 CEST m=+10082.239912477,71.7800064086914
2023-06-27 21:56:58.748759881 +0200 CEST m=+10082.239931206,71.53755950927734
2023-06-27 21:56:58.748777429 +0200 CEST m=+10082.239948754,71.24002075195312
2023-06-27 21:56:58.748796578 +0200 CEST m=+10082.239967906,70.88802337646484
2023-06-27 21:56:58.748820247 +0200 CEST m=+10082.239991572,70.48233032226562
2023-06-27 21:56:58.748838722 +0200 CEST m=+10082.240010050,70.02384948730469
2023-06-27 21:56:58.748855165 +0200 CEST m=+10082.240026490,69.51362609863281
2023-06-27 21:56:58.748870311 +0200 CEST m=+10082.240041635,67.96454620361328
2023-06-27 21:56:58.748890002 +0200 CEST m=+10082.240061329,66.22504425048828
2023-06-27 21:56:58.748898743 +0200 CEST m=+10082.240070067,64.44047546386719
2023-06-27 21:56:58.7489074 +0200 CEST m=+10082.240078725,62.05925750732422
2023-06-27 21:56:58.748914844 +0200 CEST m=+10082.240086168,59.424842834472656
2023-06-27 21:56:58.748922898 +0200 CEST m=+10082.240094221,57.340702056884766
2023-06-27 21:56:58.749184095 +0200 CEST m=+10082.240355423,55.03948974609375
2023-06-27 21:56:58.749393127 +0200 CEST m=+10082.240564456,52.97673034667969
2023-06-27 21:56:58.768776422 +0200 CEST m=+10082.259947743,50.9012565612793
2023-06-27 21:56:58.768783352 +0200 CEST m=+10082.259954673,48.821258544921875
2023-06-27 21:56:58.7688314 +0200 CEST m=+10082.260002720,46.98530960083008
2023-06-27 21:56:58.768839948 +0200 CEST m=+10082.260011269,45.076351165771484
2023-06-27 21:56:58.768847081 +0200 CEST m=+10082.260018403,43.18827438354492
2023-06-27 21:56:58.768853296 +0200 CEST m=+10082.260024616,41.328514099121094
2023-06-27 21:56:58.768860887 +0200 CEST m=+10082.260032208,39.504390716552734
2023-06-27 21:56:58.768867 +0200 CEST m=+10082.260038319,37.72306442260742
2023-06-27 21:56:58.768875555 +0200 CEST m=+10082.260046876,35.99154281616211
2023-06-27 21:56:58.768882522 +0200 CEST m=+10082.260053843,34.819419860839844
2023-06-27 21:56:58.768888692 +0200 CEST m=+10082.260060012,34.325626373291016
2023-06-27 21:56:58.768896478 +0200 CEST m=+10082.260067799,33.89418029785156
2023-06-27 21:56:58.768902611 +0200 CEST m=+10082.260073932,33.52671432495117
2023-06-27 21:56:58.768963541 +0200 CEST m=+10082.260134861,33.2246208190918
2023-06-27 21:56:58.769115078 +0200 CEST m=+10082.260286398,32.989017486572266
2023-06-27 21:56:58.769304892 +0200 CEST m=+10082.260476217,32.820762634277344
2023-06-27 21:56:58.76952451 +0200 CEST m=+10082.260695833,32.73506546020508
2023-06-27 21:56:58.769747544 +0200 CEST m=+10082.260918866,32.69303894042969
2023-06-27 21:56:58.769932843 +0200 CEST m=+10082.261104168,32.69475173950195
2023-06-27 21:56:58.770065837 +0200 CEST m=+10082.261237159,32.740169525146484
2023-06-27 21:56:58.784759795 +0200 CEST m=+10082.275931115,32.82913589477539
2023-06-27 21:56:58.784765795 +0200 CEST m=+10082.275937116,32.961387634277344
2023-06-27 21:56:58.784773023 +0200 CEST m=+10082.275944343,33.13656234741211
2023-06-27 21:56:58.784778989 +0200 CEST m=+10082.275950310,33.35417556762695
2023-06-27 21:56:58.78478498 +0200 CEST m=+10082.275956301,33.6136474609375
2023-06-27 21:56:58.784791307 +0200 CEST m=+10082.275962628,33.914283752441406
2023-06-27 21:56:58.784972154 +0200 CEST m=+10082.276143475,34.25529479980469
2023-06-27 21:56:58.785107917 +0200 CEST m=+10082.276279237,34.635780334472656
2023-06-27 21:56:58.785129522 +0200 CEST m=+10082.276300843,35.054752349853516
2023-06-27 21:56:58.785153391 +0200 CEST m=+10082.276324718,34.681480407714844
2023-06-27 21:56:58.785174449 +0200 CEST m=+10082.276345770,34.31113815307617
2023-06-27 21:56:58.785194325 +0200 CEST m=+10082.276365646,33.9807243347168
2023-06-27 21:56:58.785216029 +0200 CEST m=+10082.276387353,33.6910400390625
2023-06-27 21:56:58.785657738 +0200 CEST m=+10082.276829063,33.442787170410156
2023-06-27 21:56:58.786006177 +0200 CEST m=+10082.277177497,33.236549377441406
2023-06-27 21:56:58.800737326 +0200 CEST m=+10082.291908668,33.07282257080078
2023-06-27 21:56:58.800757941 +0200 CEST m=+10082.291929263,32.95198059082031
2023-06-27 21:56:58.800769217 +0200 CEST m=+10082.291940538,32.87428665161133
2023-06-27 21:56:58.800782301 +0200 CEST m=+10082.291953623,32.83991241455078
2023-06-27 21:56:58.800792344 +0200 CEST m=+10082.291963664,32.848899841308594
2023-06-27 21:56:58.800808147 +0200 CEST m=+10082.291979468,32.90119171142578
2023-06-27 21:56:58.800820018 +0200 CEST m=+10082.291991338,32.99662399291992
2023-06-27 21:56:58.800832051 +0200 CEST m=+10082.292003373,33.13491439819336
2023-06-27 21:56:58.800845299 +0200 CEST m=+10082.292016622,33.31568145751953
2023-06-27 21:56:58.800858513 +0200 CEST m=+10082.292029835,33.538429260253906
2023-06-27 21:56:58.800869867 +0200 CEST m=+10082.292041190,33.80256271362305
2023-06-27 21:56:58.80088305 +0200 CEST m=+10082.292054372,34.10737991333008
2023-06-27 21:56:58.800905552 +0200 CEST m=+10082.292076875,34.45207214355469
2023-06-27 21:56:58.800916765 +0200 CEST m=+10082.292088087,34.93763732910156
2023-06-27 21:56:58.801066587 +0200 CEST m=+10082.292237912,36.01866912841797
2023-06-27 21:56:58.801269323 +0200 CEST m=+10082.292440647,37.689998626708984
2023-06-27 21:56:58.820733548 +0200 CEST m=+10082.311904871,39.408138275146484
2023-06-27 21:56:58.820742906 +0200 CEST m=+10082.311914226,41.16625213623047
2023-06-27 21:56:58.820752387 +0200 CEST m=+10082.311923707,42.957366943359375
2023-06-27 21:56:58.820759073 +0200 CEST m=+10082.311930394,44.774375915527344
2023-06-27 21:56:58.82076521 +0200 CEST m=+10082.311936531,46.61008834838867
2023-06-27 21:56:58.820771727 +0200 CEST m=+10082.311943046,48.457237243652344
2023-06-27 21:56:58.820777291 +0200 CEST m=+10082.311948611,50.30852508544922
2023-06-27 21:56:58.82078606 +0200 CEST m=+10082.311957380,52.15664291381836
2023-06-27 21:56:58.820794186 +0200 CEST m=+10082.311965506,53.994300842285156
2023-06-27 21:56:58.82079977 +0200 CEST m=+10082.311971091,55.81425857543945
2023-06-27 21:56:58.820805832 +0200 CEST m=+10082.311977152,57.60935592651367
2023-06-27 21:56:58.820811834 +0200 CEST m=+10082.311983153,59.372535705566406
2023-06-27 21:56:58.820835189 +0200 CEST m=+10082.312006509,61.09687805175781
2023-06-27 21:56:58.820930304 +0200 CEST m=+10082.312101625,62.77561569213867
2023-06-27 21:56:58.821091606 +0200 CEST m=+10082.312262926,64.40217590332031
2023-06-27 21:56:58.821189909 +0200 CEST m=+10082.312361229,64.98799896240234
2023-06-27 21:56:58.821306878 +0200 CEST m=+10082.312478198,65.35824584960938
2023-06-27 21:56:58.821427676 +0200 CEST m=+10082.312598997,65.68939971923828
2023-06-27 21:56:58.82152706 +0200 CEST m=+10082.312698381,65.98065185546875
2023-06-27 21:56:58.821679432 +0200 CEST m=+10082.312850752,66.23129272460938
2023-06-27 21:56:58.836691389 +0200 CEST m=+10082.327862710,66.44073486328125
2023-06-27 21:56:58.836704638 +0200 CEST m=+10082.327875958,66.60848236083984
2023-06-27 21:56:58.836710545 +0200 CEST m=+10082.327881866,66.73414611816406
2023-06-27 21:56:58.83671724 +0200 CEST m=+10082.327888561,66.81743621826172
2023-06-27 21:56:58.836724711 +0200 CEST m=+10082.327896032,66.85818481445312
2023-06-27 21:56:58.836733726 +0200 CEST m=+10082.327905046,66.85633087158203
2023-06-27 21:56:58.836740065 +0200 CEST m=+10082.327911386,66.81190490722656
2023-06-27 21:56:58.836746727 +0200 CEST m=+10082.327918048,70.6495361328125
2023-06-27 21:56:58.836752534 +0200 CEST m=+10082.327923854,70.51671600341797
2023-06-27 21:56:58.836758949 +0200 CEST m=+10082.327930269,70.3317642211914
2023-06-27 21:56:58.836766008 +0200 CEST m=+10082.327937329,70.09506225585938
2023-06-27 21:56:58.836771905 +0200 CEST m=+10082.327943225,69.80711364746094
2023-06-27 21:56:58.836779326 +0200 CEST m=+10082.327950647,69.46855926513672
2023-06-27 21:56:58.83700099 +0200 CEST m=+10082.328172320,69.0801773071289
2023-06-27 21:56:58.837186623 +0200 CEST m=+10082.328357951,68.64285278320312
2023-06-27 21:56:58.837309731 +0200 CEST m=+10082.328481062,68.1576156616211
2023-06-27 21:56:58.852731823 +0200 CEST m=+10082.343903144,68.63485717773438
2023-06-27 21:56:58.852746392 +0200 CEST m=+10082.343917713,69.10971069335938
2023-06-27 21:56:58.852755973 +0200 CEST m=+10082.343927294,69.53703308105469
2023-06-27 21:56:58.852771658 +0200 CEST m=+10082.343942977,69.9156723022461
2023-06-27 21:56:58.852786767 +0200 CEST m=+10082.343958091,70.24456787109375
2023-06-27 21:56:58.852801786 +0200 CEST m=+10082.343973110,72.29349517822266
2023-06-27 21:56:58.852812669 +0200 CEST m=+10082.343983990,72.54973602294922
2023-06-27 21:56:58.852829367 +0200 CEST m=+10082.344000693,72.74951934814453
2023-06-27 21:56:58.852843852 +0200 CEST m=+10082.344015179,72.89220428466797
2023-06-27 21:56:58.852858844 +0200 CEST m=+10082.344030168,72.97727966308594
2023-06-27 21:56:58.852875091 +0200 CEST m=+10082.344046415,73.00437927246094
2023-06-27 21:56:58.85288973 +0200 CEST m=+10082.344061054,72.97328186035156
2023-06-27 21:56:58.852901156 +0200 CEST m=+10082.344072480,72.85249328613281
2023-06-27 21:56:58.852930086 +0200 CEST m=+10082.344101409,72.640869140625
2023-06-27 21:56:58.853131486 +0200 CEST m=+10082.344302807,72.33895111083984
2023-06-27 21:56:58.853310878 +0200 CEST m=+10082.344482204,71.9476547241211
2023-06-27 21:56:58.868736948 +0200 CEST m=+10082.359908288,71.46824645996094
2023-06-27 21:56:58.868753533 +0200 CEST m=+10082.359924872,70.90234375
2023-06-27 21:56:58.86876765 +0200 CEST m=+10082.359938991,70.25190734863281
2023-06-27 21:56:58.868783086 +0200 CEST m=+10082.359954425,68.20024871826172
2023-06-27 21:56:58.868797453 +0200 CEST m=+10082.359968790,65.39350128173828
2023-06-27 21:56:58.868812816 +0200 CEST m=+10082.359984154,62.1392822265625
2023-06-27 21:56:58.868827858 +0200 CEST m=+10082.359999198,59.97822570800781
2023-06-27 21:56:58.868845032 +0200 CEST m=+10082.360016371,56.573272705078125
2023-06-27 21:56:58.86885999 +0200 CEST m=+10082.360031330,54.674560546875
2023-06-27 21:56:58.868874986 +0200 CEST m=+10082.360046325,52.759212493896484
2023-06-27 21:56:58.868889021 +0200 CEST m=+10082.360060361,50.834808349609375
2023-06-27 21:56:58.868905997 +0200 CEST m=+10082.360077335,48.90894317626953
2023-06-27 21:56:58.868921604 +0200 CEST m=+10082.360092944,46.989219665527344
2023-06-27 21:56:58.869034765 +0200 CEST m=+10082.360206104,45.08320617675781
2023-06-27 21:56:58.86937301 +0200 CEST m=+10082.360544347,43.57331466674805
2023-06-27 21:56:58.86961019 +0200 CEST m=+10082.360781540,42.080806732177734
2023-06-27 21:56:58.884714899 +0200 CEST m=+10082.375886230,40.609439849853516
2023-06-27 21:56:58.884759017 +0200 CEST m=+10082.375930353,39.16291046142578
2023-06-27 21:56:58.884778241 +0200 CEST m=+10082.375949576,37.74485778808594
2023-06-27 21:56:58.884800288 +0200 CEST m=+10082.375971623,36.35884094238281
2023-06-27 21:56:58.884822525 +0200 CEST m=+10082.375993868,35.008331298828125
2023-06-27 21:56:58.88484482 +0200 CEST m=+10082.376016154,34.397891998291016
2023-06-27 21:56:58.884864919 +0200 CEST m=+10082.376036254,34.011810302734375
2023-06-27 21:56:58.884883339 +0200 CEST m=+10082.376054674,33.666404724121094
2023-06-27 21:56:58.884904778 +0200 CEST m=+10082.376076115,33.36251449584961
2023-06-27 21:56:58.884926228 +0200 CEST m=+10082.376097563,33.10087203979492
2023-06-27 21:56:58.88494538 +0200 CEST m=+10082.376116716,32.94770050048828
2023-06-27 21:56:58.884963431 +0200 CEST m=+10082.376134766,32.77345275878906
2023-06-27 21:56:58.884986932 +0200 CEST m=+10082.376158267,32.642852783203125
2023-06-27 21:56:58.885006721 +0200 CEST m=+10082.376178056,32.556190490722656
2023-06-27 21:56:58.885276011 +0200 CEST m=+10082.376447347,32.51365280151367
2023-06-27 21:56:58.885619022 +0200 CEST m=+10082.376790362,32.51531219482422
2023-06-27 21:56:58.900738837 +0200 CEST m=+10082.391910164,32.56112289428711
2023-06-27 21:56:58.900753169 +0200 CEST m=+10082.391924497,32.650936126708984
2023-06-27 21:56:58.900771088 +0200 CEST m=+10082.391942419,32.78449249267578
2023-06-27 21:56:58.900791547 +0200 CEST m=+10082.391962880,32.96141052246094
2023-06-27 21:56:58.900806632 +0200 CEST m=+10082.391977960,33.18121337890625
2023-06-27 21:56:58.900820504 +0200 CEST m=+10082.391991831,33.44330978393555
2023-06-27 21:56:58.900836208 +0200 CEST m=+10082.392007536,33.74700164794922
2023-06-27 21:56:58.900851515 +0200 CEST m=+10082.392022844,34.09149169921875
2023-06-27 21:56:58.900869825 +0200 CEST m=+10082.392041154,34.475868225097656
2023-06-27 21:56:58.90089636 +0200 CEST m=+10082.392067688,34.89913558959961
2023-06-27 21:56:58.90091057 +0200 CEST m=+10082.392081898,34.52191162109375
2023-06-27 21:56:58.900924537 +0200 CEST m=+10082.392095865,34.14764404296875
2023-06-27 21:56:58.900940094 +0200 CEST m=+10082.392111422,33.813716888427734
2023-06-27 21:56:58.901001594 +0200 CEST m=+10082.392172922,33.454261779785156
2023-06-27 21:56:58.901284473 +0200 CEST m=+10082.392455796,33.16045379638672
2023-06-27 21:56:58.901443398 +0200 CEST m=+10082.392614726,32.93338394165039
2023-06-27 21:56:58.916729815 +0200 CEST m=+10082.407901135,32.77387237548828
2023-06-27 21:56:58.916739484 +0200 CEST m=+10082.407910804,32.68248748779297
2023-06-27 21:56:58.916745304 +0200 CEST m=+10082.407916625,32.65951156616211
2023-06-27 21:56:58.916787065 +0200 CEST m=+10082.407958386,32.70497131347656
2023-06-27 21:56:58.916795057 +0200 CEST m=+10082.407966378,32.8186149597168
2023-06-27 21:56:58.916803321 +0200 CEST m=+10082.407974640,32.99991989135742
2023-06-27 21:56:58.916809567 +0200 CEST m=+10082.407980887,33.24810028076172
2023-06-27 21:56:58.916815764 +0200 CEST m=+10082.407987084,33.56211471557617
2023-06-27 21:56:58.916824254 +0200 CEST m=+10082.407995574,33.94064712524414
2023-06-27 21:56:58.916831335 +0200 CEST m=+10082.408002656,34.382144927978516
2023-06-27 21:56:58.916837726 +0200 CEST m=+10082.408009045,34.88479232788086
2023-06-27 21:56:58.916844045 +0200 CEST m=+10082.408015366,36.20542907714844
2023-06-27 21:56:58.916849995 +0200 CEST m=+10082.408021314,37.904258728027344
2023-06-27 21:56:58.916923652 +0200 CEST m=+10082.408094971,39.6490364074707
2023-06-27 21:56:58.91709365 +0200 CEST m=+10082.408264971,41.43283462524414
2023-06-27 21:56:58.917284517 +0200 CEST m=+10082.408455838,43.248573303222656
2023-06-27 21:56:58.936861332 +0200 CEST m=+10082.428032681,44.719329833984375
2023-06-27 21:56:58.936903296 +0200 CEST m=+10082.428074645,46.20219039916992
2023-06-27 21:56:58.936937088 +0200 CEST m=+10082.428108439,47.69340515136719
2023-06-27 21:56:58.936960305 +0200 CEST m=+10082.428131653,49.18920135498047
2023-06-27 21:56:58.936982394 +0200 CEST m=+10082.428153745,50.68579864501953
2023-06-27 21:56:58.937002648 +0200 CEST m=+10082.428173999,52.17940902709961
2023-06-27 21:56:58.937022404 +0200 CEST m=+10082.428193753,53.66626739501953
2023-06-27 21:56:58.937070345 +0200 CEST m=+10082.428241725,55.14262390136719
2023-06-27 21:56:58.93711687 +0200 CEST m=+10082.428288223,56.604759216308594
2023-06-27 21:56:58.937136107 +0200 CEST m=+10082.428307457,58.04899215698242
2023-06-27 21:56:58.937157237 +0200 CEST m=+10082.428328586,59.47168731689453
2023-06-27 21:56:58.937177804 +0200 CEST m=+10082.428349154,60.86927032470703
2023-06-27 21:56:58.937201934 +0200 CEST m=+10082.428373283,62.23823547363281
2023-06-27 21:56:58.937255061 +0200 CEST m=+10082.428426422,63.57514572143555
2023-06-27 21:56:58.937774534 +0200 CEST m=+10082.428945883,64.84080505371094
2023-06-27 21:56:58.938335531 +0200 CEST m=+10082.429506893,65.24408721923828
2023-06-27 21:56:58.938794702 +0200 CEST m=+10082.429966065,65.6085433959961
2023-06-27 21:56:58.939307961 +0200 CEST m=+10082.430479330,65.93326568603516
2023-06-27 21:56:58.939827372 +0200 CEST m=+10082.430998748,66.21748352050781
2023-06-27 21:56:58.94035712 +0200 CEST m=+10082.431528483,66.46050262451172
2023-06-27 21:56:58.952722328 +0200 CEST m=+10082.443893662,66.66175079345703
2023-06-27 21:56:58.952785381 +0200 CEST m=+10082.443956721,66.82075500488281
2023-06-27 21:56:58.95280418 +0200 CEST m=+10082.443975512,66.93714141845703
2023-06-27 21:56:58.952819982 +0200 CEST m=+10082.443991315,67.01065826416016
2023-06-27 21:56:58.952831432 +0200 CEST m=+10082.444002763,67.0411605834961
2023-06-27 21:56:58.952842483 +0200 CEST m=+10082.444013816,67.02859497070312
2023-06-27 21:56:58.952855571 +0200 CEST m=+10082.444026905,66.97303771972656
2023-06-27 21:56:58.952868136 +0200 CEST m=+10082.444039468,66.87466430664062
2023-06-27 21:56:58.952879151 +0200 CEST m=+10082.444050482,66.7337646484375
2023-06-27 21:56:58.952890954 +0200 CEST m=+10082.444062287,66.55072021484375
2023-06-27 21:56:58.952902179 +0200 CEST m=+10082.444073510,66.32603454589844
2023-06-27 21:56:58.952917084 +0200 CEST m=+10082.444088417,65.98754119873047
2023-06-27 21:56:58.952928385 +0200 CEST m=+10082.444099718,68.5380630493164
2023-06-27 21:56:58.95302615 +0200 CEST m=+10082.444197491,68.01252746582031
2023-06-27 21:56:58.953368335 +0200 CEST m=+10082.444539675,67.6268310546875
2023-06-27 21:56:58.953582176 +0200 CEST m=+10082.444753528,68.2306137084961
2023-06-27 21:56:58.968732494 +0200 CEST m=+10082.459903816,68.76335144042969
2023-06-27 21:56:58.968744061 +0200 CEST m=+10082.459915384,69.22282409667969
2023-06-27 21:56:58.968752097 +0200 CEST m=+10082.459923420,69.60710144042969
2023-06-27 21:56:58.968759264 +0200 CEST m=+10082.459930587,69.91453552246094
2023-06-27 21:56:58.96876665 +0200 CEST m=+10082.459937973,70.14378356933594
2023-06-27 21:56:58.968773531 +0200 CEST m=+10082.459944853,70.29381561279297
2023-06-27 21:56:58.968780825 +0200 CEST m=+10082.459952148,70.3639144897461
2023-06-27 21:56:58.968788038 +0200 CEST m=+10082.459959362,70.3536605834961
2023-06-27 21:56:58.968795268 +0200 CEST m=+10082.459966591,70.26297760009766
2023-06-27 21:56:58.968803575 +0200 CEST m=+10082.459974898,70.09208679199219
2023-06-27 21:56:58.968810541 +0200 CEST m=+10082.459981865,69.8415298461914
2023-06-27 21:56:58.96881807 +0200 CEST m=+10082.459989393,69.51217651367188
2023-06-27 21:56:58.968827895 +0200 CEST m=+10082.459999219,69.10518646240234
2023-06-27 21:56:58.969060753 +0200 CEST m=+10082.460232082,68.62205505371094
2023-06-27 21:56:58.969256166 +0200 CEST m=+10082.460427494,68.18192291259766
2023-06-27 21:56:58.969409688 +0200 CEST m=+10082.460581011,67.5663833618164
2023-06-27 21:56:58.98476121 +0200 CEST m=+10082.475932531,66.00337982177734
2023-06-27 21:56:58.984773133 +0200 CEST m=+10082.475944456,64.39788818359375
2023-06-27 21:56:58.984788623 +0200 CEST m=+10082.475959944,62.7539176940918
2023-06-27 21:56:58.984799905 +0200 CEST m=+10082.475971227,61.07557678222656
2023-06-27 21:56:58.984814242 +0200 CEST m=+10082.475985565,59.3670654296875
2023-06-27 21:56:58.984826426 +0200 CEST m=+10082.475997750,57.63266372680664
2023-06-27 21:56:58.984841241 +0200 CEST m=+10082.476012565,55.876731872558594
2023-06-27 21:56:58.984855007 +0200 CEST m=+10082.476026327,54.103675842285156
2023-06-27 21:56:58.984867998 +0200 CEST m=+10082.476039321,52.31796646118164
2023-06-27 21:56:58.98487921 +0200 CEST m=+10082.476050532,50.521934509277344
2023-06-27 21:56:58.984892935 +0200 CEST m=+10082.476064258,48.79274368286133
2023-06-27 21:56:58.984905122 +0200 CEST m=+10082.476076445,47.09039306640625
2023-06-27 21:56:58.98492053 +0200 CEST m=+10082.476091852,45.39427185058594
2023-06-27 21:56:58.985016588 +0200 CEST m=+10082.476187919,43.70867919921875
2023-06-27 21:56:58.985337076 +0200 CEST m=+10082.476508398,42.760555267333984
2023-06-27 21:56:58.98590856 +0200 CEST m=+10082.477079911,41.57479476928711
2023-06-27 21:56:59.000736069 +0200 CEST m=+10082.491907409,40.15593719482422
2023-06-27 21:56:59.000750425 +0200 CEST m=+10082.491921764,38.7634162902832
2023-06-27 21:56:59.00076739 +0200 CEST m=+10082.491938730,37.400718688964844
2023-06-27 21:56:59.000863134 +0200 CEST m=+10082.492034491,36.071258544921875
2023-06-27 21:56:59.000892353 +0200 CEST m=+10082.492063694,35.0296745300293
2023-06-27 21:56:59.000917641 +0200 CEST m=+10082.492088994,34.636905670166016
2023-06-27 21:56:59.000950421 +0200 CEST m=+10082.492121763,34.28334426879883
2023-06-27 21:56:59.000976372 +0200 CEST m=+10082.492147727,33.9698371887207
2023-06-27 21:56:59.001006664 +0200 CEST m=+10082.492178004,33.697139739990234
2023-06-27 21:56:59.001044403 +0200 CEST m=+10082.492215744,33.46590042114258
2023-06-27 21:56:59.001062469 +0200 CEST m=+10082.492233808,33.276649475097656
2023-06-27 21:56:59.00107918 +0200 CEST m=+10082.492250519,33.12983322143555
2023-06-27 21:56:59.001095513 +0200 CEST m=+10082.492266851,33.02577209472656
2023-06-27 21:56:59.00110982 +0200 CEST m=+10082.492281160,32.964683532714844
2023-06-27 21:56:59.00144899 +0200 CEST m=+10082.492620365,32.94891357421875
2023-06-27 21:56:59.016817904 +0200 CEST m=+10082.507989249,33.000423431396484
2023-06-27 21:56:59.016848254 +0200 CEST m=+10082.508019591,33.11893081665039
2023-06-27 21:56:59.01686682 +0200 CEST m=+10082.508038156,33.30387496948242
2023-06-27 21:56:59.016888067 +0200 CEST m=+10082.508059398,33.55443572998047
2023-06-27 21:56:59.016907676 +0200 CEST m=+10082.508079004,33.869544982910156
2023-06-27 21:56:59.016922404 +0200 CEST m=+10082.508093733,34.24787521362305
2023-06-27 21:56:59.016940098 +0200 CEST m=+10082.508111426,34.687843322753906
2023-06-27 21:56:59.016956998 +0200 CEST m=+10082.508128330,35.18763732910156
2023-06-27 21:56:59.016973581 +0200 CEST m=+10082.508144911,34.928977966308594
2023-06-27 21:56:59.016993219 +0200 CEST m=+10082.508164553,34.48176956176758
2023-06-27 21:56:59.017015705 +0200 CEST m=+10082.508187039,34.09636688232422
2023-06-27 21:56:59.017034302 +0200 CEST m=+10082.508205637,33.774208068847656
2023-06-27 21:56:59.017053384 +0200 CEST m=+10082.508224721,33.516483306884766
2023-06-27 21:56:59.017073791 +0200 CEST m=+10082.508245124,33.324119567871094
2023-06-27 21:56:59.0173278 +0200 CEST m=+10082.508499129,33.19779968261719
2023-06-27 21:56:59.017623015 +0200 CEST m=+10082.508794347,33.13792419433594
2023-06-27 21:56:59.032736133 +0200 CEST m=+10082.523907464,33.14464569091797
2023-06-27 21:56:59.032751972 +0200 CEST m=+10082.523923298,33.19790267944336
2023-06-27 21:56:59.032766994 +0200 CEST m=+10082.523938321,33.29353713989258
2023-06-27 21:56:59.032789077 +0200 CEST m=+10082.523960405,33.43125534057617
2023-06-27 21:56:59.032804707 +0200 CEST m=+10082.523976036,33.61067199707031
2023-06-27 21:56:59.032823763 +0200 CEST m=+10082.523995090,33.8312873840332
2023-06-27 21:56:59.032840036 +0200 CEST m=+10082.524011361,34.09249496459961
2023-06-27 21:56:59.032855328 +0200 CEST m=+10082.524026654,34.39360046386719
2023-06-27 21:56:59.032873235 +0200 CEST m=+10082.524044561,34.733795166015625
2023-06-27 21:56:59.032891071 +0200 CEST m=+10082.524062403,35.112178802490234
2023-06-27 21:56:59.032907244 +0200 CEST m=+10082.524078570,35.633140563964844
2023-06-27 21:56:59.032923932 +0200 CEST m=+10082.524095258,36.926883697509766
2023-06-27 21:56:59.032940899 +0200 CEST m=+10082.524112235,38.25225830078125
2023-06-27 21:56:59.033150782 +0200 CEST m=+10082.524322110,39.60588836669922
2023-06-27 21:56:59.033448177 +0200 CEST m=+10082.524619507,40.98432159423828
2023-06-27 21:56:59.033605016 +0200 CEST m=+10082.524776337,42.384056091308594
2023-06-27 21:56:59.048763149 +0200 CEST m=+10082.539934473,43.8015251159668
2023-06-27 21:56:59.048777092 +0200 CEST m=+10082.539948414,45.23313522338867
2023-06-27 21:56:59.048791597 +0200 CEST m=+10082.539962920,46.67525100708008
2023-06-27 21:56:59.048803859 +0200 CEST m=+10082.539975182,48.12422180175781
2023-06-27 21:56:59.048815725 +0200 CEST m=+10082.539987048,49.57638168334961
2023-06-27 21:56:59.048827714 +0200 CEST m=+10082.539999036,51.02805709838867
2023-06-27 21:56:59.048841144 +0200 CEST m=+10082.540012468,52.47557830810547
2023-06-27 21:56:59.048855496 +0200 CEST m=+10082.540026819,53.91529846191406
2023-06-27 21:56:59.04886861 +0200 CEST m=+10082.540039932,55.343589782714844
2023-06-27 21:56:59.048881544 +0200 CEST m=+10082.540052866,56.75685501098633
2023-06-27 21:56:59.048893776 +0200 CEST m=+10082.540065099,58.15153884887695
2023-06-27 21:56:59.04890589 +0200 CEST m=+10082.540077212,59.524139404296875
2023-06-27 21:56:59.048969023 +0200 CEST m=+10082.540140346,60.8712158203125
2023-06-27 21:56:59.049042674 +0200 CEST m=+10082.540214003,62.189388275146484
2023-06-27 21:56:59.049286947 +0200 CEST m=+10082.540458272,63.475364685058594
2023-06-27 21:56:59.049567591 +0200 CEST m=+10082.540738946,64.4827880859375
2023-06-27 21:56:59.06873779 +0200 CEST m=+10082.559909111,64.86250305175781
2023-06-27 21:56:59.068778287 +0200 CEST m=+10082.559949613,65.28369903564453
2023-06-27 21:56:59.068794086 +0200 CEST m=+10082.559965411,65.64403533935547
2023-06-27 21:56:59.068850018 +0200 CEST m=+10082.560021338,65.94216918945312
2023-06-27 21:56:59.0688596 +0200 CEST m=+10082.560030924,66.17701721191406
2023-06-27 21:56:59.068868629 +0200 CEST m=+10082.560039952,66.34772491455078
2023-06-27 21:56:59.068879285 +0200 CEST m=+10082.560050606,68.83800506591797
2023-06-27 21:56:59.068896334 +0200 CEST m=+10082.560067655,68.90550231933594
2023-06-27 21:56:59.068907027 +0200 CEST m=+10082.560078348,68.89839935302734
2023-06-27 21:56:59.068918126 +0200 CEST m=+10082.560089447,68.8166732788086
2023-06-27 21:56:59.068930302 +0200 CEST m=+10082.560101626,68.66058349609375
2023-06-27 21:56:59.068948821 +0200 CEST m=+10082.560120144,68.43067932128906
2023-06-27 21:56:59.068961637 +0200 CEST m=+10082.560132959,68.12781524658203
2023-06-27 21:56:59.06898786 +0200 CEST m=+10082.560159184,67.75312042236328
2023-06-27 21:56:59.06916018 +0200 CEST m=+10082.560331506,67.30801391601562
2023-06-27 21:56:59.069348648 +0200 CEST m=+10082.560519969,66.79420471191406
2023-06-27 21:56:59.069587284 +0200 CEST m=+10082.560758613,69.11966705322266
2023-06-27 21:56:59.069792473 +0200 CEST m=+10082.560963801,69.76600646972656
2023-06-27 21:56:59.070019522 +0200 CEST m=+10082.561190846,70.33595275878906
2023-06-27 21:56:59.071186902 +0200 CEST m=+10082.562358224,70.82701873779297
2023-06-27 21:56:59.080712133 +0200 CEST m=+10082.571883483,71.16162872314453
2023-06-27 21:56:59.080737005 +0200 CEST m=+10082.571908353,71.44341278076172
2023-06-27 21:56:59.080760991 +0200 CEST m=+10082.571932341,71.6715316772461
2023-06-27 21:56:59.080786142 +0200 CEST m=+10082.571957491,71.84529876708984
2023-06-27 21:56:59.080809464 +0200 CEST m=+10082.571980813,71.96414947509766
2023-06-27 21:56:59.080834369 +0200 CEST m=+10082.572005722,72.02767181396484
2023-06-27 21:56:59.080859451 +0200 CEST m=+10082.572030807,72.03556823730469
2023-06-27 21:56:59.080882961 +0200 CEST m=+10082.572054313,71.98770904541016
2023-06-27 21:56:59.080914324 +0200 CEST m=+10082.572085675,71.88408660888672
2023-06-27 21:56:59.080938877 +0200 CEST m=+10082.572110223,71.72484588623047
2023-06-27 21:56:59.080962391 +0200 CEST m=+10082.572133750,71.51026153564453
2023-06-27 21:56:59.08098962 +0200 CEST m=+10082.572160972,71.24076080322266
2023-06-27 21:56:59.0967127 +0200 CEST m=+10082.587884038,70.91691589355469
2023-06-27 21:56:59.09673036 +0200 CEST m=+10082.587901699,70.53941345214844
2023-06-27 21:56:59.096749007 +0200 CEST m=+10082.587920345,70.10910034179688
2023-06-27 21:56:59.096766542 +0200 CEST m=+10082.587937882,69.626953125
2023-06-27 21:56:59.096782977 +0200 CEST m=+10082.587954308,68.67386627197266
2023-06-27 21:56:59.096797897 +0200 CEST m=+10082.587969234,66.97039794921875
2023-06-27 21:56:59.096816602 +0200 CEST m=+10082.587987941,65.22028350830078
2023-06-27 21:56:59.096834605 +0200 CEST m=+10082.588005940,63.4278564453125
2023-06-27 21:56:59.09686662 +0200 CEST m=+10082.588037953,60.023990631103516
2023-06-27 21:56:59.096883673 +0200 CEST m=+10082.588055009,58.40627670288086
2023-06-27 21:56:59.096901349 +0200 CEST m=+10082.588072687,56.766517639160156
2023-06-27 21:56:59.096921924 +0200 CEST m=+10082.588093263,55.10884094238281
2023-06-27 21:56:59.096939809 +0200 CEST m=+10082.588111147,53.43743133544922
2023-06-27 21:56:59.097001954 +0200 CEST m=+10082.588173285,51.756507873535156
2023-06-27 21:56:59.097298299 +0200 CEST m=+10082.588469625,50.070308685302734
2023-06-27 21:56:59.097585632 +0200 CEST m=+10082.588756963,48.383094787597656
2023-06-27 21:56:59.112694936 +0200 CEST m=+10082.603866262,46.699127197265625
2023-06-27 21:56:59.112707433 +0200 CEST m=+10082.603878758,45.218955993652344
2023-06-27 21:56:59.112719905 +0200 CEST m=+10082.603891230,43.621490478515625
2023-06-27 21:56:59.112735247 +0200 CEST m=+10082.603906573,41.64780044555664
2023-06-27 21:56:59.112751947 +0200 CEST m=+10082.603923272,40.174930572509766
2023-06-27 21:56:59.112764718 +0200 CEST m=+10082.603936044,38.36561965942383
2023-06-27 21:56:59.112777731 +0200 CEST m=+10082.603949057,36.60359191894531
2023-06-27 21:56:59.112790342 +0200 CEST m=+10082.603961667,34.8957633972168
2023-06-27 21:56:59.112804897 +0200 CEST m=+10082.603976222,34.17817687988281
2023-06-27 21:56:59.11281874 +0200 CEST m=+10082.603990069,33.70943832397461
2023-06-27 21:56:59.112873528 +0200 CEST m=+10082.604044850,33.30533218383789
2023-06-27 21:56:59.112887339 +0200 CEST m=+10082.604058661,33.57728576660156
2023-06-27 21:56:59.112900525 +0200 CEST m=+10082.604071846,34.685272216796875
2023-06-27 21:56:59.113004057 +0200 CEST m=+10082.604175377,34.523197174072266
2023-06-27 21:56:59.113158416 +0200 CEST m=+10082.604329738,34.42265701293945
2023-06-27 21:56:59.113345038 +0200 CEST m=+10082.604516364,34.38386154174805
2023-06-27 21:56:59.132734526 +0200 CEST m=+10082.623905850,34.40678787231445
2023-06-27 21:56:59.132744817 +0200 CEST m=+10082.623916141,34.49116134643555
2023-06-27 21:56:59.132765979 +0200 CEST m=+10082.623937314,34.636470794677734
2023-06-27 21:56:59.132779161 +0200 CEST m=+10082.623950485,34.84196090698242
2023-06-27 21:56:59.132786241 +0200 CEST m=+10082.623957565,35.10664749145508
2023-06-27 21:56:59.132796411 +0200 CEST m=+10082.623967734,35.42930603027344
2023-06-27 21:56:59.132808818 +0200 CEST m=+10082.623980141,35.72821044921875
2023-06-27 21:56:59.13281768 +0200 CEST m=+10082.623989003,36.06245422363281
2023-06-27 21:56:59.132825461 +0200 CEST m=+10082.623996784,36.43111038208008
2023-06-27 21:56:59.13283284 +0200 CEST m=+10082.624004164,36.478111267089844
2023-06-27 21:56:59.132840763 +0200 CEST m=+10082.624012087,36.14006042480469
2023-06-27 21:56:59.132847885 +0200 CEST m=+10082.624019208,35.83782196044922
2023-06-27 21:56:59.132857049 +0200 CEST m=+10082.624028373,35.57207489013672
2023-06-27 21:56:59.133025038 +0200 CEST m=+10082.624196363,35.343406677246094
2023-06-27 21:56:59.133208771 +0200 CEST m=+10082.624380093,35.15230941772461
2023-06-27 21:56:59.133402298 +0200 CEST m=+10082.624573627,34.99917221069336
2023-06-27 21:56:59.133603186 +0200 CEST m=+10082.624774509,34.8842887878418
2023-06-27 21:56:59.133814973 +0200 CEST m=+10082.624986301,34.807865142822266
2023-06-27 21:56:59.134015391 +0200 CEST m=+10082.625186719,34.77000045776367
2023-06-27 21:56:59.1342035 +0200 CEST m=+10082.625374829,34.770694732666016
2023-06-27 21:56:59.148738135 +0200 CEST m=+10082.639909462,34.80985641479492
2023-06-27 21:56:59.148750085 +0200 CEST m=+10082.639921412,34.88729476928711
2023-06-27 21:56:59.148760434 +0200 CEST m=+10082.639931761,35.00271987915039
2023-06-27 21:56:59.148769958 +0200 CEST m=+10082.639941286,35.15574645996094
2023-06-27 21:56:59.148778974 +0200 CEST m=+10082.639950301,35.34590148925781
2023-06-27 21:56:59.148788756 +0200 CEST m=+10082.639960084,35.572608947753906
2023-06-27 21:56:59.148798282 +0200 CEST m=+10082.639969609,35.83521270751953
2023-06-27 21:56:59.148809534 +0200 CEST m=+10082.639980862,36.132957458496094
2023-06-27 21:56:59.148819403 +0200 CEST m=+10082.639990731,36.46500778198242
2023-06-27 21:56:59.148829358 +0200 CEST m=+10082.640000686,36.83043670654297
2023-06-27 21:56:59.14883811 +0200 CEST m=+10082.640009437,37.70026779174805
2023-06-27 21:56:59.14884694 +0200 CEST m=+10082.640018268,38.8819465637207
2023-06-27 21:56:59.148856486 +0200 CEST m=+10082.640027814,40.08882141113281
2023-06-27 21:56:59.149051744 +0200 CEST m=+10082.640223078,41.317779541015625
2023-06-27 21:56:59.149276161 +0200 CEST m=+10082.640447488,42.5656623840332
2023-06-27 21:56:59.149573842 +0200 CEST m=+10082.640745170,43.82926559448242
2023-06-27 21:56:59.16877342 +0200 CEST m=+10082.659944756,45.10535430908203
2023-06-27 21:56:59.16879384 +0200 CEST m=+10082.659965173,46.39067077636719
2023-06-27 21:56:59.168807857 +0200 CEST m=+10082.659979190,48.00531005859375
2023-06-27 21:56:59.168821826 +0200 CEST m=+10082.659993156,49.62284469604492
2023-06-27 21:56:59.168838077 +0200 CEST m=+10082.660009411,51.23687744140625
2023-06-27 21:56:59.168851659 +0200 CEST m=+10082.660022990,52.84104919433594
2023-06-27 21:56:59.168866126 +0200 CEST m=+10082.660037461,54.42905044555664
2023-06-27 21:56:59.168888784 +0200 CEST m=+10082.660060115,55.99465560913086
2023-06-27 21:56:59.168901724 +0200 CEST m=+10082.660073057,57.53175354003906
2023-06-27 21:56:59.168919784 +0200 CEST m=+10082.660091115,59.03436279296875
2023-06-27 21:56:59.168935154 +0200 CEST m=+10082.660106487,60.49665069580078
2023-06-27 21:56:59.168949639 +0200 CEST m=+10082.660120972,61.912967681884766
2023-06-27 21:56:59.168964669 +0200 CEST m=+10082.660135999,62.879119873046875
2023-06-27 21:56:59.169034327 +0200 CEST m=+10082.660205662,63.270877838134766
2023-06-27 21:56:59.169210224 +0200 CEST m=+10082.660381560,63.60905075073242
2023-06-27 21:56:59.16936932 +0200 CEST m=+10082.660540647,63.89247131347656
2023-06-27 21:56:59.169533861 +0200 CEST m=+10082.660705190,64.12019348144531
2023-06-27 21:56:59.169695754 +0200 CEST m=+10082.660867082,64.29148864746094
2023-06-27 21:56:59.169865484 +0200 CEST m=+10082.661036818,64.4058609008789
2023-06-27 21:56:59.170068944 +0200 CEST m=+10082.661240277,64.4630355834961
2023-06-27 21:56:59.188698131 +0200 CEST m=+10082.679869461,64.4675521850586
2023-06-27 21:56:59.188829343 +0200 CEST m=+10082.680000674,64.43551635742188
2023-06-27 21:56:59.188842973 +0200 CEST m=+10082.680014302,64.36709594726562
2023-06-27 21:56:59.188857723 +0200 CEST m=+10082.680029054,64.2625503540039
2023-06-27 21:56:59.188870987 +0200 CEST m=+10082.680042313,64.12225341796875
2023-06-27 21:56:59.188900005 +0200 CEST m=+10082.680071331,63.94662857055664
2023-06-27 21:56:59.188914814 +0200 CEST m=+10082.680086149,63.73622512817383
2023-06-27 21:56:59.188930747 +0200 CEST m=+10082.680102079,63.49165725708008
2023-06-27 21:56:59.188944572 +0200 CEST m=+10082.680115904,73.6849365234375
2023-06-27 21:56:59.188960751 +0200 CEST m=+10082.680132081,73.20630645751953
2023-06-27 21:56:59.188974831 +0200 CEST m=+10082.680146160,72.66673278808594
2023-06-27 21:56:59.188990212 +0200 CEST m=+10082.680161544,72.6623764038086
2023-06-27 21:56:59.189004206 +0200 CEST m=+10082.680175535,73.30513763427734
2023-06-27 21:56:59.189018176 +0200 CEST m=+10082.680189507,72.34191131591797
2023-06-27 21:56:59.189143937 +0200 CEST m=+10082.680315259,72.82889556884766
2023-06-27 21:56:59.189347206 +0200 CEST m=+10082.680518539,71.66421508789062
2023-06-27 21:56:59.189589265 +0200 CEST m=+10082.680760594,72.00450897216797
2023-06-27 21:56:59.189812274 +0200 CEST m=+10082.680983604,72.29002380371094
2023-06-27 21:56:59.189993407 +0200 CEST m=+10082.681164734,72.1226806640625
2023-06-27 21:56:59.190200615 +0200 CEST m=+10082.681371952,72.29109954833984
2023-06-27 21:56:59.208808719 +0200 CEST m=+10082.699980045,72.40350341796875
2023-06-27 21:56:59.20882777 +0200 CEST m=+10082.699999096,72.45945739746094
2023-06-27 21:56:59.208844283 +0200 CEST m=+10082.700015609,72.45867919921875
2023-06-27 21:56:59.208859603 +0200 CEST m=+10082.700030926,72.40100860595703
2023-06-27 21:56:59.208870831 +0200 CEST m=+10082.700042151,72.28643798828125
2023-06-27 21:56:59.208881654 +0200 CEST m=+10082.700052976,72.1151123046875
2023-06-27 21:56:59.208894471 +0200 CEST m=+10082.700065792,71.88731384277344
2023-06-27 21:56:59.20891245 +0200 CEST m=+10082.700083771,71.60346984863281
2023-06-27 21:56:59.20892706 +0200 CEST m=+10082.700098382,71.26415252685547
2023-06-27 21:56:59.208933257 +0200 CEST m=+10082.700104577,70.87007904052734
2023-06-27 21:56:59.208940338 +0200 CEST m=+10082.700111659,70.4220962524414
2023-06-27 21:56:59.208947883 +0200 CEST m=+10082.700119204,69.787841796875
2023-06-27 21:56:59.20895519 +0200 CEST m=+10082.700126511,67.7843017578125
2023-06-27 21:56:59.209076278 +0200 CEST m=+10082.700247603,65.10684967041016
2023-06-27 21:56:59.209297162 +0200 CEST m=+10082.700468483,61.457881927490234
2023-06-27 21:56:59.209492714 +0200 CEST m=+10082.700664036,59.231895446777344
2023-06-27 21:56:59.209607395 +0200 CEST m=+10082.700778717,57.19035339355469
2023-06-27 21:56:59.209778424 +0200 CEST m=+10082.700949756,54.98994827270508
2023-06-27 21:56:59.209895725 +0200 CEST m=+10082.701067054,52.94768524169922
2023-06-27 21:56:59.210025307 +0200 CEST m=+10082.701196640,50.89252853393555
2023-06-27 21:56:59.228734238 +0200 CEST m=+10082.719905562,48.86874771118164
2023-06-27 21:56:59.228749957 +0200 CEST m=+10082.719921288,46.876617431640625
2023-06-27 21:56:59.228792184 +0200 CEST m=+10082.719963504,44.89656448364258
2023-06-27 21:56:59.228799432 +0200 CEST m=+10082.719970751,42.93640899658203
2023-06-27 21:56:59.228805232 +0200 CEST m=+10082.719976552,41.00388717651367
2023-06-27 21:56:59.228814608 +0200 CEST m=+10082.719985928,39.106632232666016
2023-06-27 21:56:59.228822354 +0200 CEST m=+10082.719993675,38.35771942138672
2023-06-27 21:56:59.228830801 +0200 CEST m=+10082.720002121,36.71974182128906
2023-06-27 21:56:59.22884964 +0200 CEST m=+10082.720020966,35.38180923461914
2023-06-27 21:56:59.22886008 +0200 CEST m=+10082.720031399,34.90888214111328
2023-06-27 21:56:59.228870688 +0200 CEST m=+10082.720042009,34.573795318603516
2023-06-27 21:56:59.228881231 +0200 CEST m=+10082.720052555,34.27803421020508
2023-06-27 21:56:59.228893219 +0200 CEST m=+10082.720064540,34.02229690551758
2023-06-27 21:56:59.228978695 +0200 CEST m=+10082.720150019,33.807193756103516
2023-06-27 21:56:59.229142345 +0200 CEST m=+10082.720313670,33.63322067260742
2023-06-27 21:56:59.229315965 +0200 CEST m=+10082.720487290,33.50076675415039
2023-06-27 21:56:59.229481681 +0200 CEST m=+10082.720653007,33.410125732421875
2023-06-27 21:56:59.229704224 +0200 CEST m=+10082.720875548,33.36147689819336
2023-06-27 21:56:59.229949496 +0200 CEST m=+10082.721120821,33.35490417480469
2023-06-27 21:56:59.244706271 +0200 CEST m=+10082.735877595,33.3903694152832
2023-06-27 21:56:59.244729738 +0200 CEST m=+10082.735901062,33.46773910522461
2023-06-27 21:56:59.244744788 +0200 CEST m=+10082.735916115,33.58677291870117
2023-06-27 21:56:59.244758742 +0200 CEST m=+10082.735930067,33.74712371826172
2023-06-27 21:56:59.244776246 +0200 CEST m=+10082.735947570,33.948341369628906
2023-06-27 21:56:59.244803387 +0200 CEST m=+10082.735974712,34.18986892700195
2023-06-27 21:56:59.244815188 +0200 CEST m=+10082.735986512,34.47105407714844
2023-06-27 21:56:59.244830338 +0200 CEST m=+10082.736001662,34.79114532470703
2023-06-27 21:56:59.244842295 +0200 CEST m=+10082.736013620,35.14928436279297
2023-06-27 21:56:59.244857119 +0200 CEST m=+10082.736028444,35.544532775878906
2023-06-27 21:56:59.244869998 +0200 CEST m=+10082.736041323,35.38691711425781
2023-06-27 21:56:59.244881597 +0200 CEST m=+10082.736052922,35.02397155761719
2023-06-27 21:56:59.244893817 +0200 CEST m=+10082.736065141,34.699249267578125
2023-06-27 21:56:59.244906036 +0200 CEST m=+10082.736077361,34.41352462768555
2023-06-27 21:56:59.245043169 +0200 CEST m=+10082.736214490,34.16748046875
2023-06-27 21:56:59.245222388 +0200 CEST m=+10082.736393709,33.961692810058594
2023-06-27 21:56:59.260718199 +0200 CEST m=+10082.751889526,33.79663848876953
2023-06-27 21:56:59.260727798 +0200 CEST m=+10082.751899125,33.67268371582031
2023-06-27 21:56:59.260736632 +0200 CEST m=+10082.751907959,33.5900993347168
2023-06-27 21:56:59.260793701 +0200 CEST m=+10082.751965037,33.54904556274414
2023-06-27 21:56:59.260808828 +0200 CEST m=+10082.751980166,33.549583435058594
2023-06-27 21:56:59.260833219 +0200 CEST m=+10082.752004552,33.5916633605957
2023-06-27 21:56:59.260850074 +0200 CEST m=+10082.752021408,33.67512893676758
2023-06-27 21:56:59.26087714 +0200 CEST m=+10082.752048473,33.83726501464844
2023-06-27 21:56:59.260894839 +0200 CEST m=+10082.752066172,34.06293487548828
2023-06-27 21:56:59.260922735 +0200 CEST m=+10082.752094077,34.35115051269531
2023-06-27 21:56:59.260937514 +0200 CEST m=+10082.752108844,34.70069885253906
2023-06-27 21:56:59.260955201 +0200 CEST m=+10082.752126530,35.110107421875
2023-06-27 21:56:59.260971959 +0200 CEST m=+10082.752143285,35.577674865722656
2023-06-27 21:56:59.26100255 +0200 CEST m=+10082.752173884,36.615150451660156
2023-06-27 21:56:59.261186437 +0200 CEST m=+10082.752357764,38.2172737121582
2023-06-27 21:56:59.261374814 +0200 CEST m=+10082.752546141,39.86362075805664
2023-06-27 21:56:59.276698919 +0200 CEST m=+10082.767870240,41.547637939453125
2023-06-27 21:56:59.276706078 +0200 CEST m=+10082.767877400,43.26262283325195
2023-06-27 21:56:59.276716836 +0200 CEST m=+10082.767888158,45.00177001953125
2023-06-27 21:56:59.27672966 +0200 CEST m=+10082.767900991,46.758182525634766
2023-06-27 21:56:59.276754136 +0200 CEST m=+10082.767925471,48.524898529052734
2023-06-27 21:56:59.276771932 +0200 CEST m=+10082.767943259,50.29494094848633
2023-06-27 21:56:59.276790127 +0200 CEST m=+10082.767961454,52.061317443847656
2023-06-27 21:56:59.276807416 +0200 CEST m=+10082.767978743,53.81706237792969
2023-06-27 21:56:59.276829581 +0200 CEST m=+10082.768000913,55.55526351928711
2023-06-27 21:56:59.27684751 +0200 CEST m=+10082.768018837,56.9286003112793
2023-06-27 21:56:59.276867708 +0200 CEST m=+10082.768039040,58.28288269042969
2023-06-27 21:56:59.276884084 +0200 CEST m=+10082.768055413,59.614707946777344
2023-06-27 21:56:59.276901938 +0200 CEST m=+10082.768073268,60.920745849609375
2023-06-27 21:56:59.27692722 +0200 CEST m=+10082.768098546,62.19771957397461
2023-06-27 21:56:59.277157948 +0200 CEST m=+10082.768329277,63.44243621826172
2023-06-27 21:56:59.277294637 +0200 CEST m=+10082.768465959,64.2117919921875
2023-06-27 21:56:59.292793207 +0200 CEST m=+10082.783964556,64.57228088378906
2023-06-27 21:56:59.292822064 +0200 CEST m=+10082.783993415,64.89555358886719
2023-06-27 21:56:59.292843695 +0200 CEST m=+10082.784015044,65.18084716796875
2023-06-27 21:56:59.292865256 +0200 CEST m=+10082.784036605,65.42747497558594
2023-06-27 21:56:59.292886525 +0200 CEST m=+10082.784057875,65.6348648071289
2023-06-27 21:56:59.292907453 +0200 CEST m=+10082.784078804,65.80253601074219
2023-06-27 21:56:59.292927505 +0200 CEST m=+10082.784098858,65.93010711669922
2023-06-27 21:56:59.292951415 +0200 CEST m=+10082.784122765,66.01730346679688
2023-06-27 21:56:59.29297607 +0200 CEST m=+10082.784147420,66.06395721435547
2023-06-27 21:56:59.292997521 +0200 CEST m=+10082.784168872,70.65666198730469
2023-06-27 21:56:59.293016725 +0200 CEST m=+10082.784188074,70.64400482177734
2023-06-27 21:56:59.293037714 +0200 CEST m=+10082.784209064,70.57909393310547
2023-06-27 21:56:59.293059267 +0200 CEST m=+10082.784230618,70.46197509765625
2023-06-27 21:56:59.293331616 +0200 CEST m=+10082.784502966,70.29286193847656
2023-06-27 21:56:59.293555421 +0200 CEST m=+10082.784726742,70.07206726074219
2023-06-27 21:56:59.293706547 +0200 CEST m=+10082.784877869,69.80005645751953
2023-06-27 21:56:59.308714083 +0200 CEST m=+10082.799885403,69.47742462158203
2023-06-27 21:56:59.308722527 +0200 CEST m=+10082.799893847,69.10488891601562
2023-06-27 21:56:59.308732643 +0200 CEST m=+10082.799903962,68.68328857421875
2023-06-27 21:56:59.308740641 +0200 CEST m=+10082.799911962,68.21360778808594
2023-06-27 21:56:59.30874712 +0200 CEST m=+10082.799918440,68.44009399414062
2023-06-27 21:56:59.308752646 +0200 CEST m=+10082.799923966,68.92671203613281
2023-06-27 21:56:59.308759442 +0200 CEST m=+10082.799930762,69.36637878417969
2023-06-27 21:56:59.308767156 +0200 CEST m=+10082.799938474,70.9531021118164
2023-06-27 21:56:59.308773009 +0200 CEST m=+10082.799944329,71.32262420654297
2023-06-27 21:56:59.308779224 +0200 CEST m=+10082.799950543,71.70980072021484
2023-06-27 21:56:59.308792532 +0200 CEST m=+10082.799963860,72.01227569580078
2023-06-27 21:56:59.308803745 +0200 CEST m=+10082.799975066,72.22858428955078
2023-06-27 21:56:59.308816604 +0200 CEST m=+10082.799987924,72.35759735107422
2023-06-27 21:56:59.30893029 +0200 CEST m=+10082.800101610,72.3985366821289
2023-06-27 21:56:59.309121959 +0200 CEST m=+10082.800293283,72.35095977783203
2023-06-27 21:56:59.309302113 +0200 CEST m=+10082.800473434,72.21477508544922
2023-06-27 21:56:59.324738 +0200 CEST m=+10082.815909323,71.99024963378906
2023-06-27 21:56:59.324755602 +0200 CEST m=+10082.815926926,71.67799377441406
2023-06-27 21:56:59.324768301 +0200 CEST m=+10082.815939625,71.27897644042969
2023-06-27 21:56:59.324781177 +0200 CEST m=+10082.815952500,70.79450225830078
2023-06-27 21:56:59.324795765 +0200 CEST m=+10082.815967090,70.22623443603516
2023-06-27 21:56:59.324808682 +0200 CEST m=+10082.815980007,69.43360900878906
2023-06-27 21:56:59.324820078 +0200 CEST m=+10082.815991403,67.27738952636719
2023-06-27 21:56:59.324832071 +0200 CEST m=+10082.816003395,65.04612731933594
2023-06-27 21:56:59.324844858 +0200 CEST m=+10082.816016182,61.259639739990234
2023-06-27 21:56:59.32485813 +0200 CEST m=+10082.816029460,59.17170715332031
2023-06-27 21:56:59.324871033 +0200 CEST m=+10082.816042357,57.04465866088867
2023-06-27 21:56:59.324883184 +0200 CEST m=+10082.816054509,55.32046127319336
2023-06-27 21:56:59.324894669 +0200 CEST m=+10082.816065993,53.550899505615234
2023-06-27 21:56:59.324954599 +0200 CEST m=+10082.816125923,51.73447799682617
2023-06-27 21:56:59.32508106 +0200 CEST m=+10082.816252381,50.069427490234375
2023-06-27 21:56:59.325256352 +0200 CEST m=+10082.816427676,48.4034309387207
2023-06-27 21:56:59.340756241 +0200 CEST m=+10082.831927569,46.74070358276367
2023-06-27 21:56:59.340776927 +0200 CEST m=+10082.831948247,45.085445404052734
2023-06-27 21:56:59.340788874 +0200 CEST m=+10082.831960203,43.44184112548828
2023-06-27 21:56:59.34080289 +0200 CEST m=+10082.831974215,41.92414855957031
2023-06-27 21:56:59.340817861 +0200 CEST m=+10082.831989181,40.72759246826172
2023-06-27 21:56:59.340827333 +0200 CEST m=+10082.831998652,39.59558868408203
2023-06-27 21:56:59.340848386 +0200 CEST m=+10082.832019707,38.179595947265625
2023-06-27 21:56:59.340857928 +0200 CEST m=+10082.832029248,36.79441833496094
2023-06-27 21:56:59.340866754 +0200 CEST m=+10082.832038077,35.443538665771484
2023-06-27 21:56:59.340876411 +0200 CEST m=+10082.832047730,34.606910705566406
2023-06-27 21:56:59.34088664 +0200 CEST m=+10082.832057959,34.212860107421875
2023-06-27 21:56:59.340895295 +0200 CEST m=+10082.832066614,33.85894775390625
2023-06-27 21:56:59.340904932 +0200 CEST m=+10082.832076250,34.56027603149414
2023-06-27 21:56:59.341036765 +0200 CEST m=+10082.832208091,34.31276321411133
2023-06-27 21:56:59.341259806 +0200 CEST m=+10082.832431127,34.105255126953125
2023-06-27 21:56:59.341659169 +0200 CEST m=+10082.832830559,33.93821334838867
2023-06-27 21:56:59.356723228 +0200 CEST m=+10082.847894559,33.811988830566406
2023-06-27 21:56:59.356736955 +0200 CEST m=+10082.847908289,33.72684860229492
2023-06-27 21:56:59.356749136 +0200 CEST m=+10082.847920469,33.68293380737305
2023-06-27 21:56:59.356761822 +0200 CEST m=+10082.847933157,33.680294036865234
2023-06-27 21:56:59.35677468 +0200 CEST m=+10082.847946013,33.7188720703125
2023-06-27 21:56:59.356786696 +0200 CEST m=+10082.847958031,33.79850387573242
2023-06-27 21:56:59.356798808 +0200 CEST m=+10082.847970140,33.91892623901367
2023-06-27 21:56:59.356812585 +0200 CEST m=+10082.847983919,34.079769134521484
2023-06-27 21:56:59.356824576 +0200 CEST m=+10082.847995907,34.28055953979492
2023-06-27 21:56:59.356836329 +0200 CEST m=+10082.848007661,34.52073287963867
2023-06-27 21:56:59.356848675 +0200 CEST m=+10082.848020007,34.799617767333984
2023-06-27 21:56:59.356862548 +0200 CEST m=+10082.848033882,35.20148468017578
2023-06-27 21:56:59.356874604 +0200 CEST m=+10082.848045934,35.66093063354492
2023-06-27 21:56:59.357109757 +0200 CEST m=+10082.848281099,35.803253173828125
2023-06-27 21:56:59.357376363 +0200 CEST m=+10082.848547702,35.35816192626953
2023-06-27 21:56:59.357647879 +0200 CEST m=+10082.848819216,34.971710205078125
2023-06-27 21:56:59.372686346 +0200 CEST m=+10082.863857672,34.64530563354492
2023-06-27 21:56:59.372694524 +0200 CEST m=+10082.863865850,34.38011932373047
2023-06-27 21:56:59.372705891 +0200 CEST m=+10082.863877217,34.17707061767578
2023-06-27 21:56:59.372714287 +0200 CEST m=+10082.863885612,34.03684616088867
2023-06-27 21:56:59.372727158 +0200 CEST m=+10082.863898484,33.95986557006836
2023-06-27 21:56:59.372743156 +0200 CEST m=+10082.863914481,33.946311950683594
2023-06-27 21:56:59.372756871 +0200 CEST m=+10082.863928196,33.99610900878906
2023-06-27 21:56:59.372766135 +0200 CEST m=+10082.863937460,34.10893630981445
2023-06-27 21:56:59.372775168 +0200 CEST m=+10082.863946494,34.28422164916992
2023-06-27 21:56:59.372792182 +0200 CEST m=+10082.863963507,34.521148681640625
2023-06-27 21:56:59.372806474 +0200 CEST m=+10082.863977799,34.81865692138672
2023-06-27 21:56:59.372816233 +0200 CEST m=+10082.863987558,35.175453186035156
2023-06-27 21:56:59.372826527 +0200 CEST m=+10082.863997852,35.59001159667969
2023-06-27 21:56:59.372997731 +0200 CEST m=+10082.864169063,36.060577392578125
2023-06-27 21:56:59.37312921 +0200 CEST m=+10082.864300536,36.97586441040039
2023-06-27 21:56:59.373322856 +0200 CEST m=+10082.864494181,38.222251892089844
2023-06-27 21:56:59.388725772 +0200 CEST m=+10082.879897094,39.496368408203125
2023-06-27 21:56:59.388736286 +0200 CEST m=+10082.879907607,40.79495620727539
2023-06-27 21:56:59.388744866 +0200 CEST m=+10082.879916187,42.11469268798828
2023-06-27 21:56:59.388751531 +0200 CEST m=+10082.879922851,43.45220947265625
2023-06-27 21:56:59.3887644 +0200 CEST m=+10082.879935722,44.80409240722656
2023-06-27 21:56:59.388770786 +0200 CEST m=+10082.879942107,46.16691207885742
2023-06-27 21:56:59.388776922 +0200 CEST m=+10082.879948244,47.537200927734375
2023-06-27 21:56:59.388783837 +0200 CEST m=+10082.879955159,48.9114875793457
2023-06-27 21:56:59.388790696 +0200 CEST m=+10082.879962016,50.28628921508789
2023-06-27 21:56:59.388796919 +0200 CEST m=+10082.879968239,51.65813446044922
2023-06-27 21:56:59.388803897 +0200 CEST m=+10082.879975217,53.023563385009766
2023-06-27 21:56:59.388810441 +0200 CEST m=+10082.879981763,54.37913513183594
2023-06-27 21:56:59.388817947 +0200 CEST m=+10082.879989268,55.721435546875
2023-06-27 21:56:59.389014938 +0200 CEST m=+10082.880186260,57.04710388183594
2023-06-27 21:56:59.389139584 +0200 CEST m=+10082.880310909,58.35280990600586
2023-06-27 21:56:59.389293546 +0200 CEST m=+10082.880464872,59.635292053222656
2023-06-27 21:56:59.408708428 +0200 CEST m=+10082.899879758,60.8913459777832
2023-06-27 21:56:59.408724514 +0200 CEST m=+10082.899895838,62.11783981323242
2023-06-27 21:56:59.408736347 +0200 CEST m=+10082.899907671,63.31172561645508
2023-06-27 21:56:59.408748242 +0200 CEST m=+10082.899919566,63.84770965576172
2023-06-27 21:56:59.408762655 +0200 CEST m=+10082.899933979,64.18417358398438
2023-06-27 21:56:59.408779256 +0200 CEST m=+10082.899950581,64.48426055908203
2023-06-27 21:56:59.408791244 +0200 CEST m=+10082.899962568,64.74727630615234
2023-06-27 21:56:59.408803762 +0200 CEST m=+10082.899975087,64.97261810302734
2023-06-27 21:56:59.408815329 +0200 CEST m=+10082.899986653,65.15977478027344
2023-06-27 21:56:59.408826885 +0200 CEST m=+10082.899998210,65.308349609375
2023-06-27 21:56:59.408839846 +0200 CEST m=+10082.900011167,65.41800689697266
2023-06-27 21:56:59.408850161 +0200 CEST m=+10082.900021485,65.48855590820312
2023-06-27 21:56:59.408860795 +0200 CEST m=+10082.900032115,65.5198745727539
2023-06-27 21:56:59.40887671 +0200 CEST m=+10082.900048034,65.50383758544922
2023-06-27 21:56:59.409050871 +0200 CEST m=+10082.900222200,65.42668151855469
2023-06-27 21:56:59.409222521 +0200 CEST m=+10082.900393842,65.28883361816406
2023-06-27 21:56:59.40934632 +0200 CEST m=+10082.900517645,65.09095764160156
2023-06-27 21:56:59.409762492 +0200 CEST m=+10082.900933843,64.83396911621094
2023-06-27 21:56:59.410191038 +0200 CEST m=+10082.901362389,72.70408630371094
2023-06-27 21:56:59.410514626 +0200 CEST m=+10082.901685947,72.19473266601562
2023-06-27 21:56:59.424731257 +0200 CEST m=+10082.915902583,71.59513092041016
2023-06-27 21:56:59.424748975 +0200 CEST m=+10082.915920295,71.1616439819336
2023-06-27 21:56:59.424767346 +0200 CEST m=+10082.915938668,71.91636657714844
2023-06-27 21:56:59.424775307 +0200 CEST m=+10082.915946629,72.58749389648438
2023-06-27 21:56:59.424809232 +0200 CEST m=+10082.915980553,73.1719970703125
2023-06-27 21:56:59.42481608 +0200 CEST m=+10082.915987402,73.66717529296875
2023-06-27 21:56:59.424822473 +0200 CEST m=+10082.915993794,74.07067108154297
2023-06-27 21:56:59.42483292 +0200 CEST m=+10082.916004241,74.30522918701172
2023-06-27 21:56:59.424839218 +0200 CEST m=+10082.916010539,74.51863861083984
2023-06-27 21:56:59.424856711 +0200 CEST m=+10082.916028032,74.63575744628906
2023-06-27 21:56:59.424863224 +0200 CEST m=+10082.916034546,74.65572357177734
2023-06-27 21:56:59.424869611 +0200 CEST m=+10082.916040933,74.57804107666016
2023-06-27 21:56:59.42488607 +0200 CEST m=+10082.916057392,74.44550323486328
2023-06-27 21:56:59.424952252 +0200 CEST m=+10082.916123577,74.25051879882812
2023-06-27 21:56:59.425080098 +0200 CEST m=+10082.916251419,73.99337768554688
2023-06-27 21:56:59.440718938 +0200 CEST m=+10082.931890263,73.67451477050781
2023-06-27 21:56:59.440733507 +0200 CEST m=+10082.931904827,73.2945327758789
2023-06-27 21:56:59.440745619 +0200 CEST m=+10082.931916939,72.85420227050781
2023-06-27 21:56:59.440764704 +0200 CEST m=+10082.931936025,71.67233276367188
2023-06-27 21:56:59.440776633 +0200 CEST m=+10082.931947952,69.94686889648438
2023-06-27 21:56:59.440782645 +0200 CEST m=+10082.931953965,67.55924987792969
2023-06-27 21:56:59.440790146 +0200 CEST m=+10082.931961466,64.54605865478516
2023-06-27 21:56:59.440797544 +0200 CEST m=+10082.931968864,62.93806076049805
2023-06-27 21:56:59.440810347 +0200 CEST m=+10082.931981667,61.295692443847656
2023-06-27 21:56:59.440824245 +0200 CEST m=+10082.931995640,59.62306594848633
2023-06-27 21:56:59.440841587 +0200 CEST m=+10082.932012908,57.78932571411133
2023-06-27 21:56:59.4408576 +0200 CEST m=+10082.932028925,56.01521682739258
2023-06-27 21:56:59.440869714 +0200 CEST m=+10082.932041035,54.16141128540039
2023-06-27 21:56:59.440897068 +0200 CEST m=+10082.932068393,52.26513671875
2023-06-27 21:56:59.441032547 +0200 CEST m=+10082.932203871,50.79604721069336
2023-06-27 21:56:59.441228568 +0200 CEST m=+10082.932399891,49.32682800292969
2023-06-27 21:56:59.460710676 +0200 CEST m=+10082.951881997,47.861183166503906
2023-06-27 21:56:59.460755065 +0200 CEST m=+10082.951926391,46.40281295776367
2023-06-27 21:56:59.460772957 +0200 CEST m=+10082.951944279,44.95539474487305
2023-06-27 21:56:59.4607837 +0200 CEST m=+10082.951955022,43.5225715637207
2023-06-27 21:56:59.460798637 +0200 CEST m=+10082.951969962,42.107940673828125
2023-06-27 21:56:59.460809226 +0200 CEST m=+10082.951980548,40.715049743652344
2023-06-27 21:56:59.460820393 +0200 CEST m=+10082.951991720,39.34739685058594
2023-06-27 21:56:59.460831241 +0200 CEST m=+10082.952002565,38.00840377807617
2023-06-27 21:56:59.460845077 +0200 CEST m=+10082.952016402,36.70140838623047
2023-06-27 21:56:59.460857539 +0200 CEST m=+10082.952028864,35.46479034423828
2023-06-27 21:56:59.460872197 +0200 CEST m=+10082.952043521,35.07315444946289
2023-06-27 21:56:59.460886525 +0200 CEST m=+10082.952057847,34.7197151184082
2023-06-27 21:56:59.46089325 +0200 CEST m=+10082.952064572,34.40532302856445
2023-06-27 21:56:59.460919896 +0200 CEST m=+10082.952091219,34.068355560302734
2023-06-27 21:56:59.461097697 +0200 CEST m=+10082.952269019,33.794776916503906
2023-06-27 21:56:59.461278976 +0200 CEST m=+10082.952450303,33.585567474365234
2023-06-27 21:56:59.46138722 +0200 CEST m=+10082.952558558,33.44144058227539
2023-06-27 21:56:59.461559973 +0200 CEST m=+10082.952731301,33.36286544799805
2023-06-27 21:56:59.461693712 +0200 CEST m=+10082.952865035,33.35004806518555
2023-06-27 21:56:59.461854889 +0200 CEST m=+10082.953026211,33.40292739868164
2023-06-27 21:56:59.476706748 +0200 CEST m=+10082.967878076,33.52119064331055
2023-06-27 21:56:59.476727116 +0200 CEST m=+10082.967898437,33.70426559448242
2023-06-27 21:56:59.476738122 +0200 CEST m=+10082.967909444,33.951324462890625
2023-06-27 21:56:59.476749389 +0200 CEST m=+10082.967920710,34.26129150390625
2023-06-27 21:56:59.476769013 +0200 CEST m=+10082.967940341,34.632835388183594
2023-06-27 21:56:59.476803205 +0200 CEST m=+10082.967974531,35.06439208984375
2023-06-27 21:56:59.476854523 +0200 CEST m=+10082.968025844,35.55416488647461
2023-06-27 21:56:59.476868349 +0200 CEST m=+10082.968039670,35.30421447753906
2023-06-27 21:56:59.476880714 +0200 CEST m=+10082.968052035,34.870521545410156
2023-06-27 21:56:59.476893398 +0200 CEST m=+10082.968064721,34.49721908569336
2023-06-27 21:56:59.476904807 +0200 CEST m=+10082.968076131,34.18567657470703
2023-06-27 21:56:59.476925239 +0200 CEST m=+10082.968096560,33.93703079223633
2023-06-27 21:56:59.47693799 +0200 CEST m=+10082.968109313,33.78398895263672
2023-06-27 21:56:59.47695186 +0200 CEST m=+10082.968123182,33.67210388183594
2023-06-27 21:56:59.477055933 +0200 CEST m=+10082.968227263,33.601593017578125
2023-06-27 21:56:59.477283029 +0200 CEST m=+10082.968454351,33.57258605957031
2023-06-27 21:56:59.492726475 +0200 CEST m=+10082.983897795,33.58510208129883
2023-06-27 21:56:59.492732724 +0200 CEST m=+10082.983904045,33.63905715942383
2023-06-27 21:56:59.492742768 +0200 CEST m=+10082.983914087,33.7342529296875
2023-06-27 21:56:59.492749426 +0200 CEST m=+10082.983920747,33.870399475097656
2023-06-27 21:56:59.492755755 +0200 CEST m=+10082.983927075,34.04710006713867
2023-06-27 21:56:59.492778281 +0200 CEST m=+10082.983949605,34.26385498046875
2023-06-27 21:56:59.492792939 +0200 CEST m=+10082.983964263,34.52006149291992
2023-06-27 21:56:59.492804456 +0200 CEST m=+10082.983975780,34.81502151489258
2023-06-27 21:56:59.49281584 +0200 CEST m=+10082.983987164,35.1479377746582
2023-06-27 21:56:59.492827749 +0200 CEST m=+10082.983999072,35.517921447753906
2023-06-27 21:56:59.492842584 +0200 CEST m=+10082.984013915,36.026485443115234
2023-06-27 21:56:59.492856379 +0200 CEST m=+10082.984027703,37.28644561767578
2023-06-27 21:56:59.492868577 +0200 CEST m=+10082.984039901,38.57684326171875
2023-06-27 21:56:59.492880343 +0200 CEST m=+10082.984051667,39.894378662109375
2023-06-27 21:56:59.493024009 +0200 CEST m=+10082.984195333,41.23569107055664
2023-06-27 21:56:59.49315376 +0200 CEST m=+10082.984325080,42.597354888916016
2023-06-27 21:56:59.508714309 +0200 CEST m=+10082.999885636,43.97590637207031
2023-06-27 21:56:59.50872425 +0200 CEST m=+10082.999895571,45.36784362792969
2023-06-27 21:56:59.508753993 +0200 CEST m=+10082.999925314,46.76962661743164
2023-06-27 21:56:59.508763253 +0200 CEST m=+10082.999934574,48.17770767211914
2023-06-27 21:56:59.508769343 +0200 CEST m=+10082.999940664,49.5885124206543
2023-06-27 21:56:59.508775929 +0200 CEST m=+10082.999947250,50.99848175048828
2023-06-27 21:56:59.508783037 +0200 CEST m=+10082.999954358,52.404052734375
2023-06-27 21:56:59.50879034 +0200 CEST m=+10082.999961661,53.80168151855469
2023-06-27 21:56:59.508798673 +0200 CEST m=+10082.999969993,55.187843322753906
2023-06-27 21:56:59.50880854 +0200 CEST m=+10082.999979870,56.55905532836914
2023-06-27 21:56:59.508829527 +0200 CEST m=+10083.000000852,57.91187286376953
2023-06-27 21:56:59.508895171 +0200 CEST m=+10083.000066497,59.571861267089844
2023-06-27 21:56:59.508907248 +0200 CEST m=+10083.000078573,61.191322326660156
2023-06-27 21:56:59.508919327 +0200 CEST m=+10083.000090652,62.76392364501953
2023-06-27 21:56:59.509123175 +0200 CEST m=+10083.000294496,64.04771423339844
2023-06-27 21:56:59.50928241 +0200 CEST m=+10083.000453735,66.42533874511719
2023-06-27 21:56:59.524722311 +0200 CEST m=+10083.015893635,66.889404296875
2023-06-27 21:56:59.524735575 +0200 CEST m=+10083.015906899,67.2869644165039
2023-06-27 21:56:59.524748142 +0200 CEST m=+10083.015919467,67.61644744873047
2023-06-27 21:56:59.524760426 +0200 CEST m=+10083.015931751,67.87651062011719
2023-06-27 21:56:59.52477482 +0200 CEST m=+10083.015946145,68.06611633300781
2023-06-27 21:56:59.524786518 +0200 CEST m=+10083.015957842,68.1844711303711
2023-06-27 21:56:59.524801691 +0200 CEST m=+10083.015973015,68.23109436035156
2023-06-27 21:56:59.524814668 +0200 CEST m=+10083.015985992,68.20577239990234
2023-06-27 21:56:59.524827771 +0200 CEST m=+10083.015999095,68.10857391357422
2023-06-27 21:56:59.524840864 +0200 CEST m=+10083.016012188,67.93985748291016
2023-06-27 21:56:59.524855763 +0200 CEST m=+10083.016027087,67.70025634765625
2023-06-27 21:56:59.524867319 +0200 CEST m=+10083.016038643,67.39070129394531
2023-06-27 21:56:59.52487929 +0200 CEST m=+10083.016050613,67.01238250732422
2023-06-27 21:56:59.52494022 +0200 CEST m=+10083.016111544,66.56676483154297
2023-06-27 21:56:59.525149015 +0200 CEST m=+10083.016320338,66.16297149658203
2023-06-27 21:56:59.525289727 +0200 CEST m=+10083.016461047,65.9094467163086
2023-06-27 21:56:59.544726181 +0200 CEST m=+10083.035897507,68.4589614868164
2023-06-27 21:56:59.544736575 +0200 CEST m=+10083.035907896,68.914794921875
2023-06-27 21:56:59.544746132 +0200 CEST m=+10083.035917453,69.32357025146484
2023-06-27 21:56:59.54475252 +0200 CEST m=+10083.035923840,69.68416595458984
2023-06-27 21:56:59.544759423 +0200 CEST m=+10083.035930743,69.9955825805664
2023-06-27 21:56:59.544769769 +0200 CEST m=+10083.035941090,70.2569580078125
2023-06-27 21:56:59.544776029 +0200 CEST m=+10083.035947350,70.46753692626953
2023-06-27 21:56:59.544790165 +0200 CEST m=+10083.035961485,70.62669372558594
2023-06-27 21:56:59.544796647 +0200 CEST m=+10083.035967968,70.73395538330078
2023-06-27 21:56:59.544802707 +0200 CEST m=+10083.035974029,70.7889404296875
2023-06-27 21:56:59.544809331 +0200 CEST m=+10083.035980652,70.79143524169922
2023-06-27 21:56:59.544815316 +0200 CEST m=+10083.035986637,70.74134063720703
2023-06-27 21:56:59.544821692 +0200 CEST m=+10083.035993012,70.63868713378906
2023-06-27 21:56:59.544973126 +0200 CEST m=+10083.036144447,70.483642578125
2023-06-27 21:56:59.545115379 +0200 CEST m=+10083.036286701,70.27651977539062
2023-06-27 21:56:59.545272961 +0200 CEST m=+10083.036444281,70.01775360107422
2023-06-27 21:56:59.545426209 +0200 CEST m=+10083.036597531,69.70790100097656
2023-06-27 21:56:59.54558411 +0200 CEST m=+10083.036755433,69.34766387939453
2023-06-27 21:56:59.54572583 +0200 CEST m=+10083.036897151,68.93787384033203
2023-06-27 21:56:59.54590334 +0200 CEST m=+10083.037074661,68.47947692871094
2023-06-27 21:56:59.556716772 +0200 CEST m=+10083.047888092,67.57799530029297
2023-06-27 21:56:59.556724893 +0200 CEST m=+10083.047896213,65.97076416015625
2023-06-27 21:56:59.556730632 +0200 CEST m=+10083.047901952,64.32040405273438
2023-06-27 21:56:59.556737182 +0200 CEST m=+10083.047908502,62.631011962890625
2023-06-27 21:56:59.55674388 +0200 CEST m=+10083.047915201,60.906803131103516
2023-06-27 21:56:59.55674963 +0200 CEST m=+10083.047920951,59.15208435058594
2023-06-27 21:56:59.556755375 +0200 CEST m=+10083.047926695,56.84140396118164
2023-06-27 21:56:59.556764623 +0200 CEST m=+10083.047935943,55.166255950927734
2023-06-27 21:56:59.556770179 +0200 CEST m=+10083.047941500,53.47665023803711
2023-06-27 21:56:59.556775804 +0200 CEST m=+10083.047947124,51.350807189941406
2023-06-27 21:56:59.556781823 +0200 CEST m=+10083.047953144,49.2174072265625
2023-06-27 21:56:59.556788586 +0200 CEST m=+10083.047959907,47.084877014160156
2023-06-27 21:56:59.572769754 +0200 CEST m=+10083.063941084,45.1572151184082
2023-06-27 21:56:59.572786644 +0200 CEST m=+10083.063957973,43.13544845581055
2023-06-27 21:56:59.572799524 +0200 CEST m=+10083.063970852,41.5273323059082
2023-06-27 21:56:59.572813315 +0200 CEST m=+10083.063984642,39.655296325683594
2023-06-27 21:56:59.572826113 +0200 CEST m=+10083.063997438,37.82456970214844
2023-06-27 21:56:59.572839532 +0200 CEST m=+10083.064010856,36.61853790283203
2023-06-27 21:56:59.572851829 +0200 CEST m=+10083.064023159,35.00461959838867
2023-06-27 21:56:59.572866985 +0200 CEST m=+10083.064038315,34.500667572021484
2023-06-27 21:56:59.572878702 +0200 CEST m=+10083.064050033,34.058349609375
2023-06-27 21:56:59.572893993 +0200 CEST m=+10083.064065323,33.67934799194336
2023-06-27 21:56:59.572907467 +0200 CEST m=+10083.064078790,33.99754333496094
2023-06-27 21:56:59.572919588 +0200 CEST m=+10083.064090918,33.76407241821289
2023-06-27 21:56:59.572931366 +0200 CEST m=+10083.064102695,33.595027923583984
2023-06-27 21:56:59.572944247 +0200 CEST m=+10083.064115576,33.490966796875
2023-06-27 21:56:59.573122426 +0200 CEST m=+10083.064293747,33.45220184326172
2023-06-27 21:56:59.573278721 +0200 CEST m=+10083.064450051,33.47877502441406
2023-06-27 21:56:59.592858786 +0200 CEST m=+10083.084030166,33.546939849853516
2023-06-27 21:56:59.592911751 +0200 CEST m=+10083.084083106,33.65657043457031
2023-06-27 21:56:59.592949435 +0200 CEST m=+10083.084120787,33.80732345581055
2023-06-27 21:56:59.592988905 +0200 CEST m=+10083.084160257,33.998775482177734
2023-06-27 21:56:59.593029169 +0200 CEST m=+10083.084200531,34.23038101196289
2023-06-27 21:56:59.593077289 +0200 CEST m=+10083.084248653,34.50150680541992
2023-06-27 21:56:59.593121628 +0200 CEST m=+10083.084293036,34.81141662597656
2023-06-27 21:56:59.593169856 +0200 CEST m=+10083.084341225,35.159271240234375
2023-06-27 21:56:59.59321442 +0200 CEST m=+10083.084385781,35.54414749145508
2023-06-27 21:56:59.593265994 +0200 CEST m=+10083.084437361,35.5865592956543
2023-06-27 21:56:59.593319293 +0200 CEST m=+10083.084490664,35.218345642089844
2023-06-27 21:56:59.593367214 +0200 CEST m=+10083.084538571,34.88794708251953
2023-06-27 21:56:59.593409767 +0200 CEST m=+10083.084581121,34.59614181518555
2023-06-27 21:56:59.593446265 +0200 CEST m=+10083.084617585,34.343624114990234
2023-06-27 21:56:59.593688231 +0200 CEST m=+10083.084859559,34.13097381591797
2023-06-27 21:56:59.593850161 +0200 CEST m=+10083.085021486,33.95867919921875
2023-06-27 21:56:59.593996119 +0200 CEST m=+10083.085167450,33.82712173461914
2023-06-27 21:56:59.594184415 +0200 CEST m=+10083.085355743,33.73657989501953
2023-06-27 21:56:59.594376371 +0200 CEST m=+10083.085547701,33.687225341796875
2023-06-27 21:56:59.595148358 +0200 CEST m=+10083.086319775,33.679134368896484
2023-06-27 21:56:59.608749498 +0200 CEST m=+10083.099920846,33.71226501464844
2023-06-27 21:56:59.608786282 +0200 CEST m=+10083.099957636,33.7864875793457
2023-06-27 21:56:59.608822314 +0200 CEST m=+10083.099993687,33.90155029296875
2023-06-27 21:56:59.608861783 +0200 CEST m=+10083.100033136,34.0571174621582
2023-06-27 21:56:59.608887277 +0200 CEST m=+10083.100058623,34.25273513793945
2023-06-27 21:56:59.608915525 +0200 CEST m=+10083.100086867,34.48786163330078
2023-06-27 21:56:59.608949429 +0200 CEST m=+10083.100120773,34.76184844970703
2023-06-27 21:56:59.608985952 +0200 CEST m=+10083.100157308,35.07394790649414
2023-06-27 21:56:59.609020418 +0200 CEST m=+10083.100191773,35.4233283996582
2023-06-27 21:56:59.60905669 +0200 CEST m=+10083.100228053,35.80905532836914
2023-06-27 21:56:59.60909118 +0200 CEST m=+10083.100262536,36.739013671875
2023-06-27 21:56:59.609123537 +0200 CEST m=+10083.100294891,38.327842712402344
2023-06-27 21:56:59.609161225 +0200 CEST m=+10083.100332581,39.960060119628906
2023-06-27 21:56:59.609219948 +0200 CEST m=+10083.100391319,41.62915802001953
2023-06-27 21:56:59.60975044 +0200 CEST m=+10083.100921785,43.32848358154297
2023-06-27 21:56:59.610140771 +0200 CEST m=+10083.101312106,45.0512809753418
2023-06-27 21:56:59.624732508 +0200 CEST m=+10083.115903838,46.79071807861328
2023-06-27 21:56:59.624748641 +0200 CEST m=+10083.115919970,48.53989791870117
2023-06-27 21:56:59.624766178 +0200 CEST m=+10083.115937507,50.29190444946289
2023-06-27 21:56:59.624782917 +0200 CEST m=+10083.115954251,52.039817810058594
2023-06-27 21:56:59.624801985 +0200 CEST m=+10083.115973314,53.7767448425293
2023-06-27 21:56:59.624818336 +0200 CEST m=+10083.115989666,55.49585723876953
2023-06-27 21:56:59.624833634 +0200 CEST m=+10083.116004965,57.19039535522461
2023-06-27 21:56:59.624850382 +0200 CEST m=+10083.116021711,58.85371780395508
2023-06-27 21:56:59.624868574 +0200 CEST m=+10083.116039902,60.47930908203125
2023-06-27 21:56:59.624883826 +0200 CEST m=+10083.116055156,62.06082534790039
2023-06-27 21:56:59.624899172 +0200 CEST m=+10083.116070501,63.59209060668945
2023-06-27 21:56:59.624914494 +0200 CEST m=+10083.116085823,64.23123931884766
2023-06-27 21:56:59.624929583 +0200 CEST m=+10083.116100912,64.64605712890625
2023-06-27 21:56:59.624949217 +0200 CEST m=+10083.116120547,65.00239562988281
2023-06-27 21:56:59.625161048 +0200 CEST m=+10083.116332373,65.24447631835938
2023-06-27 21:56:59.625346803 +0200 CEST m=+10083.116518132,65.4477310180664
2023-06-27 21:56:59.640728193 +0200 CEST m=+10083.131899515,65.61170196533203
2023-06-27 21:56:59.640734969 +0200 CEST m=+10083.131906290,65.73603057861328
2023-06-27 21:56:59.64074178 +0200 CEST m=+10083.131913101,65.82044982910156
2023-06-27 21:56:59.640748955 +0200 CEST m=+10083.131920277,65.86479949951172
2023-06-27 21:56:59.640756501 +0200 CEST m=+10083.131927823,65.86902618408203
2023-06-27 21:56:59.640763696 +0200 CEST m=+10083.131935019,65.83317565917969
2023-06-27 21:56:59.640770331 +0200 CEST m=+10083.131941653,65.75739288330078
2023-06-27 21:56:59.640778852 +0200 CEST m=+10083.131950175,65.64191436767578
2023-06-27 21:56:59.640786184 +0200 CEST m=+10083.131957505,65.48709869384766
2023-06-27 21:56:59.640793406 +0200 CEST m=+10083.131964728,65.29338073730469
2023-06-27 21:56:59.640800412 +0200 CEST m=+10083.131971734,65.06130981445312
2023-06-27 21:56:59.640818477 +0200 CEST m=+10083.131989798,71.79389190673828
2023-06-27 21:56:59.640826654 +0200 CEST m=+10083.131997976,71.39026641845703
2023-06-27 21:56:59.641031205 +0200 CEST m=+10083.132202532,70.93113708496094
2023-06-27 21:56:59.641222859 +0200 CEST m=+10083.132394181,70.41749572753906
2023-06-27 21:56:59.64138208 +0200 CEST m=+10083.132553401,70.68407440185547
2023-06-27 21:56:59.656677378 +0200 CEST m=+10083.147848704,71.24290466308594
2023-06-27 21:56:59.656694685 +0200 CEST m=+10083.147866010,71.74964141845703
2023-06-27 21:56:59.656709793 +0200 CEST m=+10083.147881122,72.20282745361328
2023-06-27 21:56:59.656723539 +0200 CEST m=+10083.147894863,72.60115814208984
2023-06-27 21:56:59.6567383 +0200 CEST m=+10083.147909626,71.7845230102539
2023-06-27 21:56:59.656752273 +0200 CEST m=+10083.147923598,72.04967498779297
2023-06-27 21:56:59.656769698 +0200 CEST m=+10083.147941023,72.25967407226562
2023-06-27 21:56:59.656786745 +0200 CEST m=+10083.147958070,72.4138412475586
2023-06-27 21:56:59.656800242 +0200 CEST m=+10083.147971566,72.51163482666016
2023-06-27 21:56:59.656814611 +0200 CEST m=+10083.147985936,72.55266571044922
2023-06-27 21:56:59.656830349 +0200 CEST m=+10083.148001674,72.53668975830078
2023-06-27 21:56:59.656844313 +0200 CEST m=+10083.148015639,72.46359252929688
2023-06-27 21:56:59.656857844 +0200 CEST m=+10083.148029170,72.33341217041016
2023-06-27 21:56:59.656973501 +0200 CEST m=+10083.148144827,72.14633178710938
2023-06-27 21:56:59.65729515 +0200 CEST m=+10083.148466485,71.83297729492188
2023-06-27 21:56:59.672674461 +0200 CEST m=+10083.163845787,71.43220520019531
2023-06-27 21:56:59.672690463 +0200 CEST m=+10083.163861791,70.9453125
2023-06-27 21:56:59.672805269 +0200 CEST m=+10083.163976596,70.37395477294922
2023-06-27 21:56:59.672821073 +0200 CEST m=+10083.163992402,69.5765380859375
2023-06-27 21:56:59.672835518 +0200 CEST m=+10083.164006846,67.40533447265625
2023-06-27 21:56:59.672852177 +0200 CEST m=+10083.164023505,64.3585205078125
2023-06-27 21:56:59.672876663 +0200 CEST m=+10083.164047992,61.2705078125
2023-06-27 21:56:59.67289616 +0200 CEST m=+10083.164067489,59.18068313598633
2023-06-27 21:56:59.672910973 +0200 CEST m=+10083.164082302,57.0516471862793
2023-06-27 21:56:59.672927479 +0200 CEST m=+10083.164098807,54.891754150390625
2023-06-27 21:56:59.672944973 +0200 CEST m=+10083.164116303,52.42079544067383
2023-06-27 21:56:59.672959444 +0200 CEST m=+10083.164130772,50.45835876464844
2023-06-27 21:56:59.672975995 +0200 CEST m=+10083.164147324,48.4947395324707
2023-06-27 21:56:59.672991019 +0200 CEST m=+10083.164162349,46.537689208984375
2023-06-27 21:56:59.673077813 +0200 CEST m=+10083.164249140,44.594932556152344
2023-06-27 21:56:59.673298573 +0200 CEST m=+10083.164469898,42.67412185668945
2023-06-27 21:56:59.688712798 +0200 CEST m=+10083.179884129,40.782840728759766
2023-06-27 21:56:59.688735232 +0200 CEST m=+10083.179906563,38.928531646728516
2023-06-27 21:56:59.688751041 +0200 CEST m=+10083.179922371,37.476627349853516
2023-06-27 21:56:59.688770289 +0200 CEST m=+10083.179941623,36.056724548339844
2023-06-27 21:56:59.688788799 +0200 CEST m=+10083.179960130,35.035240173339844
2023-06-27 21:56:59.688804829 +0200 CEST m=+10083.179976160,34.42437744140625
2023-06-27 21:56:59.688820643 +0200 CEST m=+10083.179991974,34.03740310668945
2023-06-27 21:56:59.688837221 +0200 CEST m=+10083.180008553,33.69095993041992
2023-06-27 21:56:59.688873972 +0200 CEST m=+10083.180045302,33.38590621948242
2023-06-27 21:56:59.688894706 +0200 CEST m=+10083.180066038,33.12298583984375
2023-06-27 21:56:59.688912418 +0200 CEST m=+10083.180083750,32.90283966064453
2023-06-27 21:56:59.68893154 +0200 CEST m=+10083.180102871,32.72599792480469
2023-06-27 21:56:59.688948892 +0200 CEST m=+10083.180120222,32.5928840637207
2023-06-27 21:56:59.688991955 +0200 CEST m=+10083.180163295,32.503807067871094
2023-06-27 21:56:59.689241415 +0200 CEST m=+10083.180412756,32.45896911621094
2023-06-27 21:56:59.689450886 +0200 CEST m=+10083.180622208,32.458457946777344
2023-06-27 21:56:59.708764935 +0200 CEST m=+10083.199936285,32.50225067138672
2023-06-27 21:56:59.708796308 +0200 CEST m=+10083.199967647,32.590206146240234
2023-06-27 21:56:59.708836586 +0200 CEST m=+10083.200007924,32.72208023071289
2023-06-27 21:56:59.708860053 +0200 CEST m=+10083.200031559,32.89751434326172
2023-06-27 21:56:59.70889468 +0200 CEST m=+10083.200066023,33.11604309082031
2023-06-27 21:56:59.708932591 +0200 CEST m=+10083.200103964,33.37708282470703
2023-06-27 21:56:59.708967232 +0200 CEST m=+10083.200138570,33.67995834350586
2023-06-27 21:56:59.70900121 +0200 CEST m=+10083.200172548,34.02387619018555
2023-06-27 21:56:59.709016046 +0200 CEST m=+10083.200187386,34.40794372558594
2023-06-27 21:56:59.709031933 +0200 CEST m=+10083.200203275,34.8311653137207
2023-06-27 21:56:59.70904649 +0200 CEST m=+10083.200217828,34.4503059387207
2023-06-27 21:56:59.709061298 +0200 CEST m=+10083.200232636,34.07231140136719
2023-06-27 21:56:59.709075212 +0200 CEST m=+10083.200246553,33.734764099121094
2023-06-27 21:56:59.709180135 +0200 CEST m=+10083.200351486,33.4384880065918
2023-06-27 21:56:59.709623665 +0200 CEST m=+10083.200795012,33.18421173095703
2023-06-27 21:56:59.710121224 +0200 CEST m=+10083.201292576,32.9725456237793
2023-06-27 21:56:59.710498741 +0200 CEST m=+10083.201670082,32.80400848388672
2023-06-27 21:56:59.710869402 +0200 CEST m=+10083.202040750,32.654579162597656
2023-06-27 21:56:59.711326211 +0200 CEST m=+10083.202497569,32.573692321777344
2023-06-27 21:56:59.711616037 +0200 CEST m=+10083.202787384,32.56161880493164
2023-06-27 21:56:59.72878204 +0200 CEST m=+10083.219953375,32.61835479736328
2023-06-27 21:56:59.728805277 +0200 CEST m=+10083.219976612,32.74362564086914
2023-06-27 21:56:59.728826276 +0200 CEST m=+10083.219997611,32.9368896484375
2023-06-27 21:56:59.728850536 +0200 CEST m=+10083.220021870,33.19733428955078
2023-06-27 21:56:59.728869798 +0200 CEST m=+10083.220041134,33.523887634277344
2023-06-27 21:56:59.728888183 +0200 CEST m=+10083.220059518,33.91520309448242
2023-06-27 21:56:59.728914733 +0200 CEST m=+10083.220086068,34.36970138549805
2023-06-27 21:56:59.728933177 +0200 CEST m=+10083.220104512,34.885536193847656
2023-06-27 21:56:59.728951584 +0200 CEST m=+10083.220122924,36.44313049316406
2023-06-27 21:56:59.728974373 +0200 CEST m=+10083.220145702,38.16226577758789
2023-06-27 21:56:59.728990413 +0200 CEST m=+10083.220161743,39.92686462402344
2023-06-27 21:56:59.729007226 +0200 CEST m=+10083.220178554,41.72992706298828
2023-06-27 21:56:59.729024643 +0200 CEST m=+10083.220195971,43.56431579589844
2023-06-27 21:56:59.729043859 +0200 CEST m=+10083.220215188,45.42276382446289
2023-06-27 21:56:59.729231928 +0200 CEST m=+10083.220403263,47.29792404174805
2023-06-27 21:56:59.729487003 +0200 CEST m=+10083.220658338,49.1823844909668
2023-06-27 21:56:59.729763347 +0200 CEST m=+10083.220934682,50.691650390625
2023-06-27 21:56:59.730012439 +0200 CEST m=+10083.221183767,52.19829559326172
2023-06-27 21:56:59.730215416 +0200 CEST m=+10083.221386755,53.69851303100586
2023-06-27 21:56:59.730504605 +0200 CEST m=+10083.221675936,55.188514709472656
2023-06-27 21:56:59.744692475 +0200 CEST m=+10083.235863799,56.66455078125
2023-06-27 21:56:59.744706096 +0200 CEST m=+10083.235877418,58.12289810180664
2023-06-27 21:56:59.744715456 +0200 CEST m=+10083.235886780,59.55988311767578
2023-06-27 21:56:59.744729073 +0200 CEST m=+10083.235900397,60.97188949584961
2023-06-27 21:56:59.744737219 +0200 CEST m=+10083.235908543,62.35536193847656
2023-06-27 21:56:59.744747056 +0200 CEST m=+10083.235918379,63.70682907104492
2023-06-27 21:56:59.744753975 +0200 CEST m=+10083.235925298,64.9866943359375
2023-06-27 21:56:59.744762864 +0200 CEST m=+10083.235934188,65.39591979980469
2023-06-27 21:56:59.74477549 +0200 CEST m=+10083.235946813,65.76602935791016
2023-06-27 21:56:59.744792032 +0200 CEST m=+10083.235963355,66.09610748291016
2023-06-27 21:56:59.744806294 +0200 CEST m=+10083.235977617,66.38533782958984
2023-06-27 21:56:59.744813663 +0200 CEST m=+10083.235984986,66.63302612304688
2023-06-27 21:56:59.74482303 +0200 CEST m=+10083.235994354,66.83855438232422
2023-06-27 21:56:59.745042926 +0200 CEST m=+10083.236214254,67.0014419555664
2023-06-27 21:56:59.745289346 +0200 CEST m=+10083.236460670,67.12129211425781
2023-06-27 21:56:59.745512902 +0200 CEST m=+10083.236684237,67.19783782958984
2023-06-27 21:56:59.760699273 +0200 CEST m=+10083.251870592,67.23090362548828
2023-06-27 21:56:59.760708334 +0200 CEST m=+10083.251879654,67.22042846679688
2023-06-27 21:56:59.760715252 +0200 CEST m=+10083.251886572,67.16647338867188
2023-06-27 21:56:59.760724159 +0200 CEST m=+10083.251895479,70.27335357666016
2023-06-27 21:56:59.7607822 +0200 CEST m=+10083.251953528,70.12783813476562
2023-06-27 21:56:59.760797519 +0200 CEST m=+10083.251968844,69.93119812011719
2023-06-27 21:56:59.760811105 +0200 CEST m=+10083.251982430,69.68385314941406
2023-06-27 21:56:59.760822512 +0200 CEST m=+10083.251993833,69.38634490966797
2023-06-27 21:56:59.760835317 +0200 CEST m=+10083.252006643,69.03936004638672
2023-06-27 21:56:59.760852188 +0200 CEST m=+10083.252023509,68.64368438720703
2023-06-27 21:56:59.760861843 +0200 CEST m=+10083.252033163,68.20027160644531
2023-06-27 21:56:59.760872514 +0200 CEST m=+10083.252043836,68.05452728271484
2023-06-27 21:56:59.760887045 +0200 CEST m=+10083.252058366,68.65663146972656
2023-06-27 21:56:59.760907436 +0200 CEST m=+10083.252078756,69.18614959716797
2023-06-27 21:56:59.761069378 +0200 CEST m=+10083.252240702,69.64083862304688
2023-06-27 21:56:59.761254973 +0200 CEST m=+10083.252426293,70.01876068115234
2023-06-27 21:56:59.780727797 +0200 CEST m=+10083.271899129,70.31828308105469
2023-06-27 21:56:59.780741455 +0200 CEST m=+10083.271912781,70.53807067871094
2023-06-27 21:56:59.780756188 +0200 CEST m=+10083.271927515,70.6771011352539
2023-06-27 21:56:59.780769396 +0200 CEST m=+10083.271940721,70.73468017578125
2023-06-27 21:56:59.780784717 +0200 CEST m=+10083.271956042,70.71041870117188
2023-06-27 21:56:59.780797475 +0200 CEST m=+10083.271968801,70.6042709350586
2023-06-27 21:56:59.780810947 +0200 CEST m=+10083.271982273,70.41648864746094
2023-06-27 21:56:59.780823409 +0200 CEST m=+10083.271994735,70.14767456054688
2023-06-27 21:56:59.780836674 +0200 CEST m=+10083.272007999,69.79873657226562
2023-06-27 21:56:59.780849618 +0200 CEST m=+10083.272020951,69.37090301513672
2023-06-27 21:56:59.780877357 +0200 CEST m=+10083.272048683,68.86571502685547
2023-06-27 21:56:59.780894194 +0200 CEST m=+10083.272065520,68.2850341796875
2023-06-27 21:56:59.780906307 +0200 CEST m=+10083.272077633,66.71165466308594
2023-06-27 21:56:59.780974895 +0200 CEST m=+10083.272146220,64.6748275756836
2023-06-27 21:56:59.781158682 +0200 CEST m=+10083.272330004,63.00049591064453
2023-06-27 21:56:59.78129419 +0200 CEST m=+10083.272465512,61.290802001953125
2023-06-27 21:56:59.781442724 +0200 CEST m=+10083.272614044,59.55001449584961
2023-06-27 21:56:59.781585806 +0200 CEST m=+10083.272757127,57.78248977661133
2023-06-27 21:56:59.781697572 +0200 CEST m=+10083.272868893,55.99266815185547
2023-06-27 21:56:59.781821512 +0200 CEST m=+10083.272992834,54.185035705566406
2023-06-27 21:56:59.796702006 +0200 CEST m=+10083.287873325,52.36415100097656
2023-06-27 21:56:59.796715518 +0200 CEST m=+10083.287886844,50.48589324951172
2023-06-27 21:56:59.796729446 +0200 CEST m=+10083.287900767,48.81997299194336
2023-06-27 21:56:59.796741774 +0200 CEST m=+10083.287913095,47.15645217895508
2023-06-27 21:56:59.79675279 +0200 CEST m=+10083.287924111,45.49953842163086
2023-06-27 21:56:59.796763574 +0200 CEST m=+10083.287934897,43.853416442871094
2023-06-27 21:56:59.796775866 +0200 CEST m=+10083.287947186,42.395545959472656
2023-06-27 21:56:59.796790435 +0200 CEST m=+10083.287961757,41.38017654418945
2023-06-27 21:56:59.796802694 +0200 CEST m=+10083.287974017,39.92711639404297
2023-06-27 21:56:59.796813926 +0200 CEST m=+10083.287985247,38.50059509277344
2023-06-27 21:56:59.796826967 +0200 CEST m=+10083.287998290,37.10419464111328
2023-06-27 21:56:59.796838169 +0200 CEST m=+10083.288009491,35.74141311645508
2023-06-27 21:56:59.796861745 +0200 CEST m=+10083.288033068,34.6729850769043
2023-06-27 21:56:59.796947174 +0200 CEST m=+10083.288118498,34.26861572265625
2023-06-27 21:56:59.797144857 +0200 CEST m=+10083.288316179,33.90428161621094
2023-06-27 21:56:59.797285749 +0200 CEST m=+10083.288457073,33.58087158203125
2023-06-27 21:56:59.812737971 +0200 CEST m=+10083.303909304,33.299171447753906
2023-06-27 21:56:59.812751451 +0200 CEST m=+10083.303922782,33.05986022949219
2023-06-27 21:56:59.812764936 +0200 CEST m=+10083.303936269,32.8635139465332
2023-06-27 21:56:59.812776053 +0200 CEST m=+10083.303947385,32.710594177246094
2023-06-27 21:56:59.812787844 +0200 CEST m=+10083.303959178,32.6014518737793
2023-06-27 21:56:59.812800704 +0200 CEST m=+10083.303972036,32.53632736206055
2023-06-27 21:56:59.812811573 +0200 CEST m=+10083.303982906,32.51536178588867
2023-06-27 21:56:59.81282276 +0200 CEST m=+10083.303994093,32.5385627746582
2023-06-27 21:56:59.81283659 +0200 CEST m=+10083.304007924,32.6058464050293
2023-06-27 21:56:59.812849306 +0200 CEST m=+10083.304020639,32.751617431640625
2023-06-27 21:56:59.812860333 +0200 CEST m=+10083.304031666,32.96529769897461
2023-06-27 21:56:59.812873451 +0200 CEST m=+10083.304044783,33.245975494384766
2023-06-27 21:56:59.81288451 +0200 CEST m=+10083.304055843,33.59248352050781
2023-06-27 21:56:59.813126053 +0200 CEST m=+10083.304297392,34.003395080566406
2023-06-27 21:56:59.813434062 +0200 CEST m=+10083.304605401,34.477020263671875
2023-06-27 21:56:59.813723658 +0200 CEST m=+10083.304894998,34.82908248901367
2023-06-27 21:56:59.82872048 +0200 CEST m=+10083.319891806,34.32973861694336
2023-06-27 21:56:59.828729033 +0200 CEST m=+10083.319900358,33.892696380615234
2023-06-27 21:56:59.828736773 +0200 CEST m=+10083.319908099,33.519615173339844
2023-06-27 21:56:59.82874662 +0200 CEST m=+10083.319917945,33.21190643310547
2023-06-27 21:56:59.828756164 +0200 CEST m=+10083.319927490,32.970726013183594
2023-06-27 21:56:59.828764842 +0200 CEST m=+10083.319936168,32.79695129394531
2023-06-27 21:56:59.828774017 +0200 CEST m=+10083.319945342,32.69121551513672
2023-06-27 21:56:59.828783214 +0200 CEST m=+10083.319954539,32.653865814208984
2023-06-27 21:56:59.828792322 +0200 CEST m=+10083.319963647,32.68498611450195
2023-06-27 21:56:59.828804254 +0200 CEST m=+10083.319975579,32.784385681152344
2023-06-27 21:56:59.828815701 +0200 CEST m=+10083.319987025,32.951602935791016
2023-06-27 21:56:59.828823973 +0200 CEST m=+10083.319995299,33.18592071533203
2023-06-27 21:56:59.828833637 +0200 CEST m=+10083.320004963,33.4210319519043
2023-06-27 21:56:59.829022656 +0200 CEST m=+10083.320193982,33.69782638549805
2023-06-27 21:56:59.829285055 +0200 CEST m=+10083.320456386,34.01558303833008
2023-06-27 21:56:59.829578221 +0200 CEST m=+10083.320749558,34.37345886230469
2023-06-27 21:56:59.848735994 +0200 CEST m=+10083.339907323,34.77052688598633
2023-06-27 21:56:59.848752895 +0200 CEST m=+10083.339924221,35.531333923339844
2023-06-27 21:56:59.848778337 +0200 CEST m=+10083.339949670,36.87047576904297
2023-06-27 21:56:59.848796129 +0200 CEST m=+10083.339967455,38.24174499511719
2023-06-27 21:56:59.848809781 +0200 CEST m=+10083.339981107,39.64165496826172
2023-06-27 21:56:59.848827854 +0200 CEST m=+10083.339999187,41.066646575927734
2023-06-27 21:56:59.848846256 +0200 CEST m=+10083.340017585,42.51309585571289
2023-06-27 21:56:59.848861735 +0200 CEST m=+10083.340033068,43.97734451293945
2023-06-27 21:56:59.84888625 +0200 CEST m=+10083.340057580,45.45566940307617
2023-06-27 21:56:59.848898756 +0200 CEST m=+10083.340070085,46.944332122802734
2023-06-27 21:56:59.84891122 +0200 CEST m=+10083.340082547,48.43955993652344
2023-06-27 21:56:59.848928543 +0200 CEST m=+10083.340099874,49.93758010864258
2023-06-27 21:56:59.848943501 +0200 CEST m=+10083.340114827,51.43459701538086
2023-06-27 21:56:59.849027938 +0200 CEST m=+10083.340199268,52.92683410644531
2023-06-27 21:56:59.849197538 +0200 CEST m=+10083.340368866,54.41053009033203
2023-06-27 21:56:59.8493803 +0200 CEST m=+10083.340551630,55.88193893432617
2023-06-27 21:56:59.84954559 +0200 CEST m=+10083.340716920,57.33735656738281
2023-06-27 21:56:59.849858163 +0200 CEST m=+10083.341029488,58.77311706542969
2023-06-27 21:56:59.850035613 +0200 CEST m=+10083.341206943,60.185611724853516
2023-06-27 21:56:59.850219329 +0200 CEST m=+10083.341390648,61.5712890625
2023-06-27 21:56:59.868787744 +0200 CEST m=+10083.359959078,62.92667007446289
2023-06-27 21:56:59.868804063 +0200 CEST m=+10083.359975395,64.24835968017578
2023-06-27 21:56:59.868818722 +0200 CEST m=+10083.359990056,65.06657409667969
2023-06-27 21:56:59.868839999 +0200 CEST m=+10083.360011331,65.45154571533203
2023-06-27 21:56:59.868854231 +0200 CEST m=+10083.360025565,65.79719543457031
2023-06-27 21:56:59.868874198 +0200 CEST m=+10083.360045537,66.1026840209961
2023-06-27 21:56:59.868925664 +0200 CEST m=+10083.360096998,66.36727142333984
2023-06-27 21:56:59.868940436 +0200 CEST m=+10083.360111771,66.6395263671875
2023-06-27 21:56:59.868956567 +0200 CEST m=+10083.360127898,66.84587097167969
2023-06-27 21:56:59.868970991 +0200 CEST m=+10083.360142323,68.48008728027344
2023-06-27 21:56:59.868985577 +0200 CEST m=+10083.360156911,68.57167053222656
2023-06-27 21:56:59.869001651 +0200 CEST m=+10083.360172985,68.58997344970703
2023-06-27 21:56:59.869017428 +0200 CEST m=+10083.360188763,68.53490447998047
2023-06-27 21:56:59.869033169 +0200 CEST m=+10083.360204502,68.40665435791016
2023-06-27 21:56:59.869210255 +0200 CEST m=+10083.360381590,68.2056884765625
2023-06-27 21:56:59.869420631 +0200 CEST m=+10083.360591954,67.93277740478516
2023-06-27 21:56:59.869730837 +0200 CEST m=+10083.360902157,67.58898162841797
2023-06-27 21:56:59.869934883 +0200 CEST m=+10083.361106206,67.17561340332031
2023-06-27 21:56:59.870149612 +0200 CEST m=+10083.361320935,66.69429016113281
2023-06-27 21:56:59.884793236 +0200 CEST m=+10083.375964570,66.1468734741211
2023-06-27 21:56:59.884813755 +0200 CEST m=+10083.375985089,69.37345886230469
2023-06-27 21:56:59.884827689 +0200 CEST m=+10083.375999022,69.9677505493164
2023-06-27 21:56:59.884841985 +0200 CEST m=+10083.376013316,70.48458862304688
2023-06-27 21:56:59.884856448 +0200 CEST m=+10083.376027781,70.92173767089844
2023-06-27 21:56:59.884872242 +0200 CEST m=+10083.376043583,71.27725982666016
2023-06-27 21:56:59.884890257 +0200 CEST m=+10083.376061588,71.5495376586914
2023-06-27 21:56:59.884904878 +0200 CEST m=+10083.376076211,71.7372817993164
2023-06-27 21:56:59.884920776 +0200 CEST m=+10083.376092108,71.82595825195312
2023-06-27 21:56:59.884935356 +0200 CEST m=+10083.376106691,71.85958099365234
2023-06-27 21:56:59.884949981 +0200 CEST m=+10083.376121315,71.83795166015625
2023-06-27 21:56:59.884967659 +0200 CEST m=+10083.376138990,71.76101684570312
2023-06-27 21:56:59.884982217 +0200 CEST m=+10083.376153549,71.62885284423828
2023-06-27 21:56:59.885013994 +0200 CEST m=+10083.376185320,71.44168853759766
2023-06-27 21:56:59.885257946 +0200 CEST m=+10083.376429269,71.19988250732422
2023-06-27 21:56:59.885476243 +0200 CEST m=+10083.376647570,70.90393829345703
2023-06-27 21:56:59.904707131 +0200 CEST m=+10083.395878450,70.55450439453125
2023-06-27 21:56:59.904724235 +0200 CEST m=+10083.395895555,70.15234375
2023-06-27 21:56:59.904732442 +0200 CEST m=+10083.395903761,69.69837951660156
2023-06-27 21:56:59.904738472 +0200 CEST m=+10083.395909792,69.19364929199219
2023-06-27 21:56:59.9047458 +0200 CEST m=+10083.395917121,67.66740417480469
2023-06-27 21:56:59.904847768 +0200 CEST m=+10083.396019088,65.95436096191406
2023-06-27 21:56:59.904857445 +0200 CEST m=+10083.396028766,64.19751739501953
2023-06-27 21:56:59.904872095 +0200 CEST m=+10083.396043415,62.40122604370117
2023-06-27 21:56:59.904884943 +0200 CEST m=+10083.396056264,60.10964584350586
2023-06-27 21:56:59.904895441 +0200 CEST m=+10083.396066764,58.227596282958984
2023-06-27 21:56:59.904906909 +0200 CEST m=+10083.396078229,56.183006286621094
2023-06-27 21:56:59.904918998 +0200 CEST m=+10083.396090318,54.45059585571289
2023-06-27 21:56:59.904936718 +0200 CEST m=+10083.396108038,52.32844924926758
2023-06-27 21:56:59.905250878 +0200 CEST m=+10083.396422202,50.81840133666992
2023-06-27 21:56:59.905457092 +0200 CEST m=+10083.396628433,49.30783462524414
2023-06-27 21:56:59.905843339 +0200 CEST m=+10083.397014706,47.800567626953125
2023-06-27 21:56:59.90627199 +0200 CEST m=+10083.397443348,46.3004035949707
2023-06-27 21:56:59.906569249 +0200 CEST m=+10083.397740575,44.81112289428711
2023-06-27 21:56:59.906729109 +0200 CEST m=+10083.397900435,43.33647537231445
2023-06-27 21:56:59.906874831 +0200 CEST m=+10083.398046157,41.88017272949219
2023-06-27 21:56:59.920727646 +0200 CEST m=+10083.411898966,40.44587326049805
2023-06-27 21:56:59.920737015 +0200 CEST m=+10083.411908336,39.03717803955078
2023-06-27 21:56:59.920744457 +0200 CEST m=+10083.411915777,37.65761947631836
2023-06-27 21:56:59.920757235 +0200 CEST m=+10083.411928556,36.31064987182617
2023-06-27 21:56:59.920763076 +0200 CEST m=+10083.411934396,34.93087387084961
2023-06-27 21:56:59.920774035 +0200 CEST m=+10083.411945362,34.44270706176758
2023-06-27 21:56:59.920791716 +0200 CEST m=+10083.411963037,34.01654052734375
2023-06-27 21:56:59.920807256 +0200 CEST m=+10083.411978598,33.65398025512695
2023-06-27 21:56:59.920820239 +0200 CEST m=+10083.411991563,33.35636520385742
2023-06-27 21:56:59.920831754 +0200 CEST m=+10083.412003079,33.12479782104492
2023-06-27 21:56:59.920844568 +0200 CEST m=+10083.412015892,32.9600944519043
2023-06-27 21:56:59.920856392 +0200 CEST m=+10083.412027716,32.862823486328125
2023-06-27 21:56:59.920868624 +0200 CEST m=+10083.412039948,32.83328628540039
2023-06-27 21:56:59.920952173 +0200 CEST m=+10083.412123497,32.87150192260742
2023-06-27 21:56:59.921099767 +0200 CEST m=+10083.412271091,32.97724151611328
2023-06-27 21:56:59.921654024 +0200 CEST m=+10083.412825348,33.149993896484375
2023-06-27 21:56:59.936729111 +0200 CEST m=+10083.427900432,33.38899230957031
2023-06-27 21:56:59.936737651 +0200 CEST m=+10083.427908971,33.693206787109375
2023-06-27 21:56:59.93674331 +0200 CEST m=+10083.427914631,34.06135177612305
2023-06-27 21:56:59.936750259 +0200 CEST m=+10083.427921579,34.49189758300781
2023-06-27 21:56:59.93675661 +0200 CEST m=+10083.427927931,34.983055114746094
2023-06-27 21:56:59.936762292 +0200 CEST m=+10083.427933612,35.02506637573242
2023-06-27 21:56:59.936768519 +0200 CEST m=+10083.427939839,34.64041519165039
2023-06-27 21:56:59.936775561 +0200 CEST m=+10083.427946881,34.29494857788086
2023-06-27 21:56:59.93678254 +0200 CEST m=+10083.427953860,33.989501953125
2023-06-27 21:56:59.936789354 +0200 CEST m=+10083.427960675,33.72480773925781
2023-06-27 21:56:59.936795521 +0200 CEST m=+10083.427966840,33.50149154663086
2023-06-27 21:56:59.936811412 +0200 CEST m=+10083.427982733,33.320072174072266
2023-06-27 21:56:59.9368241 +0200 CEST m=+10083.427995420,33.18096160888672
2023-06-27 21:56:59.936968761 +0200 CEST m=+10083.428140090,33.08447265625
2023-06-27 21:56:59.937180806 +0200 CEST m=+10083.428352142,33.030799865722656
2023-06-27 21:56:59.937313426 +0200 CEST m=+10083.428484748,33.02003860473633
2023-06-27 21:56:59.952706409 +0200 CEST m=+10083.443877731,33.05216598510742
2023-06-27 21:56:59.95271586 +0200 CEST m=+10083.443887182,33.12705993652344
2023-06-27 21:56:59.952726715 +0200 CEST m=+10083.443898038,33.244483947753906
2023-06-27 21:56:59.952734215 +0200 CEST m=+10083.443905539,33.40409851074219
2023-06-27 21:56:59.952748184 +0200 CEST m=+10083.443919508,33.60545349121094
2023-06-27 21:56:59.952766362 +0200 CEST m=+10083.443937685,33.847999572753906
2023-06-27 21:56:59.952773719 +0200 CEST m=+10083.443945042,34.131080627441406
2023-06-27 21:56:59.952783759 +0200 CEST m=+10083.443955082,34.45393371582031
2023-06-27 21:56:59.952795437 +0200 CEST m=+10083.443966760,34.81570816040039
2023-06-27 21:56:59.952845573 +0200 CEST m=+10083.444016897,35.21544647216797
2023-06-27 21:56:59.95286315 +0200 CEST m=+10083.444034473,36.182373046875
2023-06-27 21:56:59.952876368 +0200 CEST m=+10083.444047691,37.5012092590332
2023-06-27 21:56:59.9528921 +0200 CEST m=+10083.444063429,38.850215911865234
2023-06-27 21:56:59.952973439 +0200 CEST m=+10083.444144767,40.2259521484375
2023-06-27 21:56:59.95317845 +0200 CEST m=+10083.444349775,41.62491989135742
2023-06-27 21:56:59.95335468 +0200 CEST m=+10083.444526004,43.04356002807617
2023-06-27 21:56:59.968674027 +0200 CEST m=+10083.459845347,44.478267669677734
2023-06-27 21:56:59.968704355 +0200 CEST m=+10083.459875682,45.92539978027344
2023-06-27 21:56:59.968738938 +0200 CEST m=+10083.459910259,47.38128662109375
2023-06-27 21:56:59.968746305 +0200 CEST m=+10083.459917626,48.842247009277344
2023-06-27 21:56:59.96875357 +0200 CEST m=+10083.459924891,50.30458450317383
2023-06-27 21:56:59.96876014 +0200 CEST m=+10083.459931460,51.76460266113281
2023-06-27 21:56:59.96876593 +0200 CEST m=+10083.459937251,53.580745697021484
2023-06-27 21:56:59.968774475 +0200 CEST m=+10083.459945796,55.3803596496582
2023-06-27 21:56:59.968780091 +0200 CEST m=+10083.459951411,57.15635681152344
2023-06-27 21:56:59.968786429 +0200 CEST m=+10083.459957750,58.901763916015625
2023-06-27 21:56:59.968793717 +0200 CEST m=+10083.459965038,60.60973358154297
2023-06-27 21:56:59.968799649 +0200 CEST m=+10083.459970970,62.273582458496094
2023-06-27 21:56:59.968805254 +0200 CEST m=+10083.459976575,63.88679504394531
2023-06-27 21:56:59.968845122 +0200 CEST m=+10083.460016442,64.77890014648438
2023-06-27 21:56:59.969077622 +0200 CEST m=+10083.460248946,66.44084167480469
2023-06-27 21:56:59.969255801 +0200 CEST m=+10083.460427125,66.87007904052734
2023-06-27 21:56:59.984742659 +0200 CEST m=+10083.475913994,67.23271179199219
2023-06-27 21:56:59.984762706 +0200 CEST m=+10083.475934042,67.52731323242188
2023-06-27 21:56:59.984775051 +0200 CEST m=+10083.475946387,67.75273132324219
2023-06-27 21:56:59.984788742 +0200 CEST m=+10083.475960076,67.90807342529297
2023-06-27 21:56:59.984801668 +0200 CEST m=+10083.475973002,67.99272918701172
2023-06-27 21:56:59.984815187 +0200 CEST m=+10083.475986523,68.0063705444336
2023-06-27 21:56:59.984828208 +0200 CEST m=+10083.475999654,67.94895935058594
2023-06-27 21:56:59.984853413 +0200 CEST m=+10083.476024754,67.82070922851562
2023-06-27 21:56:59.984871589 +0200 CEST m=+10083.476042925,67.66744995117188
2023-06-27 21:56:59.98489453 +0200 CEST m=+10083.476065865,67.46956634521484
2023-06-27 21:56:59.984932566 +0200 CEST m=+10083.476103902,67.22756958007812
2023-06-27 21:56:59.984954176 +0200 CEST m=+10083.476125514,66.94206237792969
2023-06-27 21:56:59.984987992 +0200 CEST m=+10083.476159327,66.61377716064453
2023-06-27 21:56:59.985242375 +0200 CEST m=+10083.476413719,66.24353790283203
2023-06-27 21:56:59.985674317 +0200 CEST m=+10083.476845652,67.00170135498047
2023-06-27 21:56:59.985953333 +0200 CEST m=+10083.477124676,66.97000122070312
2023-06-27 21:57:00.000710776 +0200 CEST m=+10083.491882114,67.42219543457031
2023-06-27 21:57:00.000737248 +0200 CEST m=+10083.491908576,67.83073425292969
2023-06-27 21:57:00.00075972 +0200 CEST m=+10083.491931052,68.19454956054688
2023-06-27 21:57:00.0007836 +0200 CEST m=+10083.491954937,68.5126724243164
2023-06-27 21:57:00.000811522 +0200 CEST m=+10083.491982863,68.78426361083984
2023-06-27 21:57:00.000835939 +0200 CEST m=+10083.492007278,69.00861358642578
2023-06-27 21:57:00.000858897 +0200 CEST m=+10083.492030237,69.18509674072266
2023-06-27 21:57:00.000900708 +0200 CEST m=+10083.492072045,69.31324005126953
2023-06-27 21:57:00.000916247 +0200 CEST m=+10083.492087574,69.3926773071289
2023-06-27 21:57:00.000925863 +0200 CEST m=+10083.492097191,69.42315673828125
2023-06-27 21:57:00.000935944 +0200 CEST m=+10083.492107272,69.40457916259766
2023-06-27 21:57:00.000944616 +0200 CEST m=+10083.492115944,69.3369369506836
2023-06-27 21:57:00.000954099 +0200 CEST m=+10083.492125426,69.22036743164062
2023-06-27 21:57:00.001044872 +0200 CEST m=+10083.492216212,69.05512237548828
2023-06-27 21:57:00.001247807 +0200 CEST m=+10083.492419149,68.84158325195312
2023-06-27 21:57:00.001552656 +0200 CEST m=+10083.492724000,68.58023834228516
2023-06-27 21:57:00.020717195 +0200 CEST m=+10083.511888521,68.271728515625
2023-06-27 21:57:00.020741497 +0200 CEST m=+10083.511912833,67.91677856445312
2023-06-27 21:57:00.020763344 +0200 CEST m=+10083.511934676,67.51625061035156
2023-06-27 21:57:00.020784663 +0200 CEST m=+10083.511955991,67.07112121582031
2023-06-27 21:57:00.020807947 +0200 CEST m=+10083.511979284,65.96961975097656
2023-06-27 21:57:00.020826579 +0200 CEST m=+10083.511997904,64.45894622802734
2023-06-27 21:57:00.02086406 +0200 CEST m=+10083.512035386,62.91048049926758
2023-06-27 21:57:00.020873481 +0200 CEST m=+10083.512044807,61.328121185302734
2023-06-27 21:57:00.020884039 +0200 CEST m=+10083.512055366,59.30855178833008
2023-06-27 21:57:00.020898862 +0200 CEST m=+10083.512070188,57.25015640258789
2023-06-27 21:57:00.020911621 +0200 CEST m=+10083.512082946,55.16101837158203
2023-06-27 21:57:00.020920151 +0200 CEST m=+10083.512091477,53.04936599731445
2023-06-27 21:57:00.020928472 +0200 CEST m=+10083.512099797,50.92350769042969
2023-06-27 21:57:00.021004237 +0200 CEST m=+10083.512175562,48.79182815551758
2023-06-27 21:57:00.021308045 +0200 CEST m=+10083.512479385,46.66273880004883
2023-06-27 21:57:00.021624481 +0200 CEST m=+10083.512795801,44.54465866088867
2023-06-27 21:57:00.021862887 +0200 CEST m=+10083.513034216,42.44595718383789
2023-06-27 21:57:00.02201953 +0200 CEST m=+10083.513190854,40.88258361816406
2023-06-27 21:57:00.022231824 +0200 CEST m=+10083.513403148,39.29866027832031
2023-06-27 21:57:00.022511007 +0200 CEST m=+10083.513682340,37.479549407958984
2023-06-27 21:57:00.036743345 +0200 CEST m=+10083.527914702,35.82784652709961
2023-06-27 21:57:00.036781439 +0200 CEST m=+10083.527952802,35.465110778808594
2023-06-27 21:57:00.036833935 +0200 CEST m=+10083.528005291,34.99691390991211
2023-06-27 21:57:00.036882307 +0200 CEST m=+10083.528053665,34.58866500854492
2023-06-27 21:57:00.036909468 +0200 CEST m=+10083.528080821,34.24188232421875
2023-06-27 21:57:00.036937926 +0200 CEST m=+10083.528109282,33.95783233642578
2023-06-27 21:57:00.036967781 +0200 CEST m=+10083.528139140,33.776451110839844
2023-06-27 21:57:00.036994732 +0200 CEST m=+10083.528166090,33.63627624511719
2023-06-27 21:57:00.037023776 +0200 CEST m=+10083.528195121,33.53761291503906
2023-06-27 21:57:00.037053831 +0200 CEST m=+10083.528225185,33.48065185546875
2023-06-27 21:57:00.037080538 +0200 CEST m=+10083.528251893,33.46548080444336
2023-06-27 21:57:00.037109713 +0200 CEST m=+10083.528281065,33.49208450317383
2023-06-27 21:57:00.037142371 +0200 CEST m=+10083.528313723,33.560340881347656
2023-06-27 21:57:00.03720418 +0200 CEST m=+10083.528375525,33.670021057128906
2023-06-27 21:57:00.037512853 +0200 CEST m=+10083.528684190,33.82079315185547
2023-06-27 21:57:00.037751755 +0200 CEST m=+10083.528923093,34.01222229003906
2023-06-27 21:57:00.05671183 +0200 CEST m=+10083.547883154,34.2437744140625
2023-06-27 21:57:00.056719609 +0200 CEST m=+10083.547890932,34.51480484008789
2023-06-27 21:57:00.056727888 +0200 CEST m=+10083.547899213,34.82457733154297
2023-06-27 21:57:00.05673574 +0200 CEST m=+10083.547907062,35.172264099121094
2023-06-27 21:57:00.05674316 +0200 CEST m=+10083.547914484,35.55693054199219
2023-06-27 21:57:00.056752552 +0200 CEST m=+10083.547923876,35.599430084228516
2023-06-27 21:57:00.056760438 +0200 CEST m=+10083.547931763,35.2316780090332
2023-06-27 21:57:00.056776537 +0200 CEST m=+10083.547947860,34.90170669555664
2023-06-27 21:57:00.056784823 +0200 CEST m=+10083.547956148,34.61030578613281
2023-06-27 21:57:00.056792598 +0200 CEST m=+10083.547963922,34.358158111572266
2023-06-27 21:57:00.056801422 +0200 CEST m=+10083.547972746,34.14584732055664
2023-06-27 21:57:00.056809237 +0200 CEST m=+10083.547980562,33.97385787963867
2023-06-27 21:57:00.05681726 +0200 CEST m=+10083.547988584,33.842567443847656
2023-06-27 21:57:00.056979165 +0200 CEST m=+10083.548150489,33.752254486083984
2023-06-27 21:57:00.057141241 +0200 CEST m=+10083.548312566,33.703094482421875
2023-06-27 21:57:00.057282532 +0200 CEST m=+10083.548453861,33.69515609741211
2023-06-27 21:57:00.057434551 +0200 CEST m=+10083.548605875,33.72840118408203
2023-06-27 21:57:00.057587437 +0200 CEST m=+10083.548758761,33.80268859863281
2023-06-27 21:57:00.057783067 +0200 CEST m=+10083.548954392,33.91778564453125
2023-06-27 21:57:00.057937563 +0200 CEST m=+10083.549108887,34.07333755493164
2023-06-27 21:57:00.072716506 +0200 CEST m=+10083.563887827,34.268898010253906
2023-06-27 21:57:00.072848569 +0200 CEST m=+10083.564019899,34.50392150878906
2023-06-27 21:57:00.072867902 +0200 CEST m=+10083.564039228,34.85219955444336
2023-06-27 21:57:00.072884199 +0200 CEST m=+10083.564055526,35.259647369384766
2023-06-27 21:57:00.072906131 +0200 CEST m=+10083.564077461,35.72454833984375
2023-06-27 21:57:00.072920061 +0200 CEST m=+10083.564091386,36.75334167480469
2023-06-27 21:57:00.07293125 +0200 CEST m=+10083.564102576,38.34058380126953
2023-06-27 21:57:00.072942315 +0200 CEST m=+10083.564113644,39.971134185791016
2023-06-27 21:57:00.072956385 +0200 CEST m=+10083.564127713,41.638484954833984
2023-06-27 21:57:00.07297863 +0200 CEST m=+10083.564149955,43.335994720458984
2023-06-27 21:57:00.073006677 +0200 CEST m=+10083.564178005,45.05691146850586
2023-06-27 21:57:00.073024462 +0200 CEST m=+10083.564195789,46.794403076171875
2023-06-27 21:57:00.073042049 +0200 CEST m=+10083.564213378,48.54159164428711
2023-06-27 21:57:00.073060455 +0200 CEST m=+10083.564231784,50.291561126708984
2023-06-27 21:57:00.073081161 +0200 CEST m=+10083.564252486,52.03740310668945
2023-06-27 21:57:00.073237429 +0200 CEST m=+10083.564408758,53.77223587036133
2023-06-27 21:57:00.088717929 +0200 CEST m=+10083.579889255,55.48923110961914
2023-06-27 21:57:00.088785858 +0200 CEST m=+10083.579957178,57.181644439697266
2023-06-27 21:57:00.088791585 +0200 CEST m=+10083.579962906,58.842838287353516
2023-06-27 21:57:00.088797747 +0200 CEST m=+10083.579969067,60.466312408447266
2023-06-27 21:57:00.088804234 +0200 CEST m=+10083.579975554,62.04572296142578
2023-06-27 21:57:00.088811357 +0200 CEST m=+10083.579982678,63.273380279541016
2023-06-27 21:57:00.088819207 +0200 CEST m=+10083.579990527,64.03142547607422
2023-06-27 21:57:00.088833157 +0200 CEST m=+10083.580004478,64.38565063476562
2023-06-27 21:57:00.088841523 +0200 CEST m=+10083.580012844,64.70306396484375
2023-06-27 21:57:00.08885123 +0200 CEST m=+10083.580022549,64.98291015625
2023-06-27 21:57:00.088860195 +0200 CEST m=+10083.580031515,65.22453308105469
2023-06-27 21:57:00.088866107 +0200 CEST m=+10083.580037427,65.42738342285156
2023-06-27 21:57:00.088871946 +0200 CEST m=+10083.580043267,65.59099578857422
2023-06-27 21:57:00.088961695 +0200 CEST m=+10083.580133019,65.71500396728516
2023-06-27 21:57:00.089116759 +0200 CEST m=+10083.580288083,65.79916381835938
2023-06-27 21:57:00.104732426 +0200 CEST m=+10083.595903760,65.84330749511719
2023-06-27 21:57:00.104758975 +0200 CEST m=+10083.595930307,65.84737396240234
2023-06-27 21:57:00.104775389 +0200 CEST m=+10083.595946717,65.8114242553711
2023-06-27 21:57:00.104797677 +0200 CEST m=+10083.595969013,65.735595703125
2023-06-27 21:57:00.104817359 +0200 CEST m=+10083.595988688,72.27987670898438
2023-06-27 21:57:00.10483492 +0200 CEST m=+10083.596006248,72.105712890625
2023-06-27 21:57:00.104852844 +0200 CEST m=+10083.596024178,71.8529052734375
2023-06-27 21:57:00.104875097 +0200 CEST m=+10083.596046430,71.56634521484375
2023-06-27 21:57:00.10489334 +0200 CEST m=+10083.596064673,71.2243423461914
2023-06-27 21:57:00.104910424 +0200 CEST m=+10083.596081757,70.82759857177734
2023-06-27 21:57:00.104926222 +0200 CEST m=+10083.596097549,70.37696838378906
2023-06-27 21:57:00.104937353 +0200 CEST m=+10083.596108686,69.87345886230469
2023-06-27 21:57:00.104949623 +0200 CEST m=+10083.596120949,70.12942504882812
2023-06-27 21:57:00.105069085 +0200 CEST m=+10083.596240411,70.669677734375
2023-06-27 21:57:00.105257341 +0200 CEST m=+10083.596428671,71.15907287597656
2023-06-27 21:57:00.105475903 +0200 CEST m=+10083.596647236,71.59622955322266
2023-06-27 21:57:00.120720065 +0200 CEST m=+10083.611891386,71.9798812866211
2023-06-27 21:57:00.120727107 +0200 CEST m=+10083.611898427,72.30892181396484
2023-06-27 21:57:00.120732781 +0200 CEST m=+10083.611904101,72.58235168457031
2023-06-27 21:57:00.120738663 +0200 CEST m=+10083.611909984,72.7993392944336
2023-06-27 21:57:00.120745522 +0200 CEST m=+10083.611916842,72.95915985107422
2023-06-27 21:57:00.120751099 +0200 CEST m=+10083.611922419,73.07771301269531
2023-06-27 21:57:00.120756793 +0200 CEST m=+10083.611928113,73.10530090332031
2023-06-27 21:57:00.120763309 +0200 CEST m=+10083.611934630,73.04151153564453
2023-06-27 21:57:00.120770654 +0200 CEST m=+10083.611941975,72.88626861572266
2023-06-27 21:57:00.120776163 +0200 CEST m=+10083.611947483,72.63988494873047
2023-06-27 21:57:00.120789566 +0200 CEST m=+10083.611960887,72.30302429199219
2023-06-27 21:57:00.120796343 +0200 CEST m=+10083.611967663,71.87670135498047
2023-06-27 21:57:00.120807356 +0200 CEST m=+10083.611978677,71.36231994628906
2023-06-27 21:57:00.120946792 +0200 CEST m=+10083.612118118,70.76160430908203
2023-06-27 21:57:00.121183369 +0200 CEST m=+10083.612354688,69.63481140136719
2023-06-27 21:57:00.121309864 +0200 CEST m=+10083.612481191,66.23778533935547
2023-06-27 21:57:00.136717371 +0200 CEST m=+10083.627888702,64.06829833984375
2023-06-27 21:57:00.136734649 +0200 CEST m=+10083.627905974,60.9710578918457
2023-06-27 21:57:00.136836106 +0200 CEST m=+10083.628007434,58.617984771728516
2023-06-27 21:57:00.136850402 +0200 CEST m=+10083.628021731,56.51499557495117
2023-06-27 21:57:00.13686836 +0200 CEST m=+10083.628039685,54.273372650146484
2023-06-27 21:57:00.136882135 +0200 CEST m=+10083.628053468,52.00313949584961
2023-06-27 21:57:00.13695287 +0200 CEST m=+10083.628124203,50.06364440917969
2023-06-27 21:57:00.136967988 +0200 CEST m=+10083.628139315,48.15633773803711
2023-06-27 21:57:00.136980538 +0200 CEST m=+10083.628151869,46.63663864135742
2023-06-27 21:57:00.136993198 +0200 CEST m=+10083.628164524,45.12656021118164
2023-06-27 21:57:00.137006383 +0200 CEST m=+10083.628177712,43.629905700683594
2023-06-27 21:57:00.137020111 +0200 CEST m=+10083.628191437,42.150447845458984
2023-06-27 21:57:00.13703337 +0200 CEST m=+10083.628204696,40.6919059753418
2023-06-27 21:57:00.137047085 +0200 CEST m=+10083.628218413,39.25795364379883
2023-06-27 21:57:00.137060096 +0200 CEST m=+10083.628231424,37.85218811035156
2023-06-27 21:57:00.137179563 +0200 CEST m=+10083.628350884,36.4781494140625
2023-06-27 21:57:00.152789139 +0200 CEST m=+10083.643960467,35.13927459716797
2023-06-27 21:57:00.152799619 +0200 CEST m=+10083.643970945,34.53397750854492
2023-06-27 21:57:00.152808335 +0200 CEST m=+10083.643979661,34.15107727050781
2023-06-27 21:57:00.152817651 +0200 CEST m=+10083.643988978,33.8084831237793
2023-06-27 21:57:00.152827144 +0200 CEST m=+10083.643998471,33.50703430175781
2023-06-27 21:57:00.152839731 +0200 CEST m=+10083.644011066,33.24746322631836
2023-06-27 21:57:00.152860576 +0200 CEST m=+10083.644031904,33.030391693115234
2023-06-27 21:57:00.15288269 +0200 CEST m=+10083.644054023,32.8563346862793
2023-06-27 21:57:00.152902071 +0200 CEST m=+10083.644073405,32.725704193115234
2023-06-27 21:57:00.152919879 +0200 CEST m=+10083.644091213,32.638797760009766
2023-06-27 21:57:00.152938537 +0200 CEST m=+10083.644109865,32.59579849243164
2023-06-27 21:57:00.152954056 +0200 CEST m=+10083.644125384,32.59678268432617
2023-06-27 21:57:00.152969919 +0200 CEST m=+10083.644141245,32.641719818115234
2023-06-27 21:57:00.153068382 +0200 CEST m=+10083.644239714,32.7304573059082
2023-06-27 21:57:00.153245442 +0200 CEST m=+10083.644416775,32.86274337768555
2023-06-27 21:57:00.153492684 +0200 CEST m=+10083.644664013,33.0382080078125
2023-06-27 21:57:00.168806172 +0200 CEST m=+10083.659977495,33.25638198852539
2023-06-27 21:57:00.168822673 +0200 CEST m=+10083.659993997,33.51667404174805
2023-06-27 21:57:00.168838665 +0200 CEST m=+10083.660009992,33.818397521972656
2023-06-27 21:57:00.168855794 +0200 CEST m=+10083.660027123,34.160762786865234
2023-06-27 21:57:00.168870695 +0200 CEST m=+10083.660042024,34.54287338256836
2023-06-27 21:57:00.168885114 +0200 CEST m=+10083.660056444,34.9637336730957
2023-06-27 21:57:00.168904304 +0200 CEST m=+10083.660075640,34.58753204345703
2023-06-27 21:57:00.16891559 +0200 CEST m=+10083.660086914,34.127159118652344
2023-06-27 21:57:00.168933786 +0200 CEST m=+10083.660105115,33.729835510253906
2023-06-27 21:57:00.168949546 +0200 CEST m=+10083.660120874,33.397071838378906
2023-06-27 21:57:00.168964043 +0200 CEST m=+10083.660135371,33.13011932373047
2023-06-27 21:57:00.168979195 +0200 CEST m=+10083.660150527,32.92997360229492
2023-06-27 21:57:00.168993866 +0200 CEST m=+10083.660165190,32.797359466552734
2023-06-27 21:57:00.169006318 +0200 CEST m=+10083.660177642,32.73273468017578
2023-06-27 21:57:00.169158982 +0200 CEST m=+10083.660330306,32.736289978027344
2023-06-27 21:57:00.169325629 +0200 CEST m=+10083.660496951,32.807952880859375
2023-06-27 21:57:00.188711219 +0200 CEST m=+10083.679882540,32.94737243652344
2023-06-27 21:57:00.188718156 +0200 CEST m=+10083.679889475,33.153934478759766
2023-06-27 21:57:00.188806627 +0200 CEST m=+10083.679977948,33.42676544189453
2023-06-27 21:57:00.188814487 +0200 CEST m=+10083.679985806,33.76472091674805
2023-06-27 21:57:00.188821184 +0200 CEST m=+10083.679992505,34.16640853881836
2023-06-27 21:57:00.188827328 +0200 CEST m=+10083.679998648,34.630184173583984
2023-06-27 21:57:00.188833043 +0200 CEST m=+10083.680004364,35.262264251708984
2023-06-27 21:57:00.188839773 +0200 CEST m=+10083.680011093,36.92384338378906
2023-06-27 21:57:00.188845827 +0200 CEST m=+10083.680017147,38.63544845581055
2023-06-27 21:57:00.188852115 +0200 CEST m=+10083.680023434,40.39027404785156
2023-06-27 21:57:00.188858932 +0200 CEST m=+10083.680030252,41.82057571411133
2023-06-27 21:57:00.188886938 +0200 CEST m=+10083.680058260,43.27045822143555
2023-06-27 21:57:00.188902106 +0200 CEST m=+10083.680073430,44.736236572265625
2023-06-27 21:57:00.188939806 +0200 CEST m=+10083.680111127,46.214202880859375
2023-06-27 21:57:00.189130039 +0200 CEST m=+10083.680301363,47.70061111450195
2023-06-27 21:57:00.189290861 +0200 CEST m=+10083.680462185,49.19170379638672
2023-06-27 21:57:00.189464837 +0200 CEST m=+10083.680636158,50.68370819091797
2023-06-27 21:57:00.189664389 +0200 CEST m=+10083.680835711,52.17285919189453
2023-06-27 21:57:00.189786352 +0200 CEST m=+10083.680957674,53.6553955078125
2023-06-27 21:57:00.189933712 +0200 CEST m=+10083.681105037,55.1275749206543
2023-06-27 21:57:00.208728358 +0200 CEST m=+10083.699899680,56.585693359375
2023-06-27 21:57:00.208738573 +0200 CEST m=+10083.699909896,58.02607345581055
2023-06-27 21:57:00.208747405 +0200 CEST m=+10083.699918729,59.445091247558594
2023-06-27 21:57:00.208754776 +0200 CEST m=+10083.699926098,60.83917999267578
2023-06-27 21:57:00.208762107 +0200 CEST m=+10083.699933431,62.204837799072266
2023-06-27 21:57:00.208769669 +0200 CEST m=+10083.699940992,63.538639068603516
2023-06-27 21:57:00.208779543 +0200 CEST m=+10083.699950866,64.80148315429688
2023-06-27 21:57:00.208787614 +0200 CEST m=+10083.699958937,65.20430755615234
2023-06-27 21:57:00.208794763 +0200 CEST m=+10083.699966086,66.2399673461914
2023-06-27 21:57:00.208817714 +0200 CEST m=+10083.699989039,66.58311462402344
2023-06-27 21:57:00.208832749 +0200 CEST m=+10083.700004269,66.88430786132812
2023-06-27 21:57:00.208849043 +0200 CEST m=+10083.700020367,67.1427993774414
2023-06-27 21:57:00.208856205 +0200 CEST m=+10083.700027529,67.35792541503906
2023-06-27 21:57:00.208985556 +0200 CEST m=+10083.700156879,67.5291748046875
2023-06-27 21:57:00.209250882 +0200 CEST m=+10083.700422206,67.6561050415039
2023-06-27 21:57:00.209548091 +0200 CEST m=+10083.700719419,67.73841857910156
2023-06-27 21:57:00.209733094 +0200 CEST m=+10083.700904419,67.77590942382812
2023-06-27 21:57:00.209922114 +0200 CEST m=+10083.701093439,67.76849365234375
2023-06-27 21:57:00.210040006 +0200 CEST m=+10083.701211330,67.71619415283203
2023-06-27 21:57:00.210240615 +0200 CEST m=+10083.701411943,67.6191635131836
2023-06-27 21:57:00.224794366 +0200 CEST m=+10083.715965693,67.47764587402344
2023-06-27 21:57:00.224887571 +0200 CEST m=+10083.716058892,67.2920150756836
2023-06-27 21:57:00.224900462 +0200 CEST m=+10083.716071788,66.99866485595703
2023-06-27 21:57:00.224910794 +0200 CEST m=+10083.716082116,66.63832092285156
2023-06-27 21:57:00.224926158 +0200 CEST m=+10083.716097482,66.21240997314453
2023-06-27 21:57:00.224938083 +0200 CEST m=+10083.716109408,65.72262573242188
2023-06-27 21:57:00.224953343 +0200 CEST m=+10083.716124668,65.58002471923828
2023-06-27 21:57:00.224976635 +0200 CEST m=+10083.716147955,66.08238983154297
2023-06-27 21:57:00.224987554 +0200 CEST m=+10083.716158874,68.76542663574219
2023-06-27 21:57:00.224998407 +0200 CEST m=+10083.716169727,69.2081527709961
2023-06-27 21:57:00.225010062 +0200 CEST m=+10083.716181382,69.57572174072266
2023-06-27 21:57:00.225016647 +0200 CEST m=+10083.716187967,69.8665542602539
2023-06-27 21:57:00.225023951 +0200 CEST m=+10083.716195270,70.07938385009766
2023-06-27 21:57:00.225030491 +0200 CEST m=+10083.716201811,70.21322631835938
2023-06-27 21:57:00.225197972 +0200 CEST m=+10083.716369296,70.26742553710938
2023-06-27 21:57:00.225357202 +0200 CEST m=+10083.716528526,70.24163055419922
2023-06-27 21:57:00.244719158 +0200 CEST m=+10083.735890478,70.13581848144531
2023-06-27 21:57:00.244727007 +0200 CEST m=+10083.735898328,69.95027160644531
2023-06-27 21:57:00.244736188 +0200 CEST m=+10083.735907507,69.68557739257812
2023-06-27 21:57:00.244745931 +0200 CEST m=+10083.735917252,69.3426742553711
2023-06-27 21:57:00.24476181 +0200 CEST m=+10083.735933130,69.0128402709961
2023-06-27 21:57:00.244772724 +0200 CEST m=+10083.735944045,68.63448333740234
2023-06-27 21:57:00.244779667 +0200 CEST m=+10083.735950987,68.20851135253906
2023-06-27 21:57:00.244786749 +0200 CEST m=+10083.735958069,67.73593139648438
2023-06-27 21:57:00.244793219 +0200 CEST m=+10083.735964539,66.320068359375
2023-06-27 21:57:00.244799451 +0200 CEST m=+10083.735970772,64.73267364501953
2023-06-27 21:57:00.244805556 +0200 CEST m=+10083.735976876,63.10592269897461
2023-06-27 21:57:00.24481221 +0200 CEST m=+10083.735983530,61.44388198852539
2023-06-27 21:57:00.244819695 +0200 CEST m=+10083.735991015,59.750701904296875
2023-06-27 21:57:00.244946256 +0200 CEST m=+10083.736117581,58.0306282043457
2023-06-27 21:57:00.245133717 +0200 CEST m=+10083.736305037,56.28797912597656
2023-06-27 21:57:00.245279955 +0200 CEST m=+10083.736451276,54.52712631225586
2023-06-27 21:57:00.24541755 +0200 CEST m=+10083.736588874,52.75250244140625
2023-06-27 21:57:00.245516818 +0200 CEST m=+10083.736688139,50.96858215332031
2023-06-27 21:57:00.245674083 +0200 CEST m=+10083.736845407,49.17986297607422
2023-06-27 21:57:00.245784622 +0200 CEST m=+10083.736955941,47.44725036621094
2023-06-27 21:57:00.260739572 +0200 CEST m=+10083.751910906,45.831974029541016
2023-06-27 21:57:00.260762748 +0200 CEST m=+10083.751934087,44.26305389404297
2023-06-27 21:57:00.260779996 +0200 CEST m=+10083.751951323,42.9444580078125
2023-06-27 21:57:00.260788981 +0200 CEST m=+10083.751960308,41.86467361450195
2023-06-27 21:57:00.26079793 +0200 CEST m=+10083.751969257,40.42667770385742
2023-06-27 21:57:00.260807218 +0200 CEST m=+10083.751978546,39.0140495300293
2023-06-27 21:57:00.260820896 +0200 CEST m=+10083.751992224,37.630332946777344
2023-06-27 21:57:00.260832779 +0200 CEST m=+10083.752004107,36.27900314331055
2023-06-27 21:57:00.260843263 +0200 CEST m=+10083.752014591,34.99967956542969
2023-06-27 21:57:00.260852916 +0200 CEST m=+10083.752024244,34.59199142456055
2023-06-27 21:57:00.260862649 +0200 CEST m=+10083.752033978,34.22355270385742
2023-06-27 21:57:00.260872563 +0200 CEST m=+10083.752043890,35.766876220703125
2023-06-27 21:57:00.260882348 +0200 CEST m=+10083.752053675,35.52584457397461
2023-06-27 21:57:00.260927427 +0200 CEST m=+10083.752098754,35.3220100402832
2023-06-27 21:57:00.261142444 +0200 CEST m=+10083.752313777,35.155784606933594
2023-06-27 21:57:00.261313314 +0200 CEST m=+10083.752484641,35.027496337890625
2023-06-27 21:57:00.276731676 +0200 CEST m=+10083.767902999,34.92081832885742
2023-06-27 21:57:00.276738334 +0200 CEST m=+10083.767909656,34.87398147583008
2023-06-27 21:57:00.276745216 +0200 CEST m=+10083.767916538,34.88697814941406
2023-06-27 21:57:00.276755317 +0200 CEST m=+10083.767926641,34.95956039428711
2023-06-27 21:57:00.276764384 +0200 CEST m=+10083.767935717,35.09124755859375
2023-06-27 21:57:00.276776373 +0200 CEST m=+10083.767947695,35.28131866455078
2023-06-27 21:57:00.276788357 +0200 CEST m=+10083.767959679,35.52883529663086
2023-06-27 21:57:00.276795346 +0200 CEST m=+10083.767966668,35.83262252807617
2023-06-27 21:57:00.276802024 +0200 CEST m=+10083.767973346,36.19129943847656
2023-06-27 21:57:00.276810188 +0200 CEST m=+10083.767981510,36.60326385498047
2023-06-27 21:57:00.276817044 +0200 CEST m=+10083.767988367,37.06671142578125
2023-06-27 21:57:00.276825479 +0200 CEST m=+10083.767996801,36.675750732421875
2023-06-27 21:57:00.276835069 +0200 CEST m=+10083.768006392,36.30752944946289
2023-06-27 21:57:00.276997817 +0200 CEST m=+10083.768169140,35.99456787109375
2023-06-27 21:57:00.27721325 +0200 CEST m=+10083.768384573,35.737918853759766
2023-06-27 21:57:00.27744309 +0200 CEST m=+10083.768614420,35.53840255737305
2023-06-27 21:57:00.292731022 +0200 CEST m=+10083.783902347,35.3966178894043
2023-06-27 21:57:00.292743968 +0200 CEST m=+10083.783915291,35.31292724609375
2023-06-27 21:57:00.292760682 +0200 CEST m=+10083.783932007,35.287471771240234
2023-06-27 21:57:00.292774968 +0200 CEST m=+10083.783946297,35.30897903442383
2023-06-27 21:57:00.292789399 +0200 CEST m=+10083.783960724,35.36753845214844
2023-06-27 21:57:00.292804873 +0200 CEST m=+10083.783976197,35.46290969848633
2023-06-27 21:57:00.292818111 +0200 CEST m=+10083.783989434,35.59474563598633
2023-06-27 21:57:00.29283143 +0200 CEST m=+10083.784002755,35.76261520385742
2023-06-27 21:57:00.292845356 +0200 CEST m=+10083.784016683,35.96599578857422
2023-06-27 21:57:00.292860426 +0200 CEST m=+10083.784031751,36.20427322387695
2023-06-27 21:57:00.292873033 +0200 CEST m=+10083.784044358,36.47675323486328
2023-06-27 21:57:00.292888077 +0200 CEST m=+10083.784059401,36.78265380859375
2023-06-27 21:57:00.292903009 +0200 CEST m=+10083.784074334,37.1211051940918
2023-06-27 21:57:00.293026588 +0200 CEST m=+10083.784197924,37.582252502441406
2023-06-27 21:57:00.293234498 +0200 CEST m=+10083.784405822,38.71002197265625
2023-06-27 21:57:00.29359381 +0200 CEST m=+10083.784765155,39.86320877075195
2023-06-27 21:57:00.308791427 +0200 CEST m=+10083.799962752,41.03882598876953
2023-06-27 21:57:00.30880719 +0200 CEST m=+10083.799978516,42.23383331298828
2023-06-27 21:57:00.308830477 +0200 CEST m=+10083.800001804,43.445159912109375
2023-06-27 21:57:00.30884418 +0200 CEST m=+10083.800015511,44.6696891784668
2023-06-27 21:57:00.30885985 +0200 CEST m=+10083.800031176,45.90428924560547
2023-06-27 21:57:00.308873735 +0200 CEST m=+10083.800045061,47.145809173583984
2023-06-27 21:57:00.308887245 +0200 CEST m=+10083.800058571,48.39108657836914
2023-06-27 21:57:00.308901646 +0200 CEST m=+10083.800072971,49.636962890625
2023-06-27 21:57:00.308915142 +0200 CEST m=+10083.800086468,50.880279541015625
2023-06-27 21:57:00.308929416 +0200 CEST m=+10083.800100742,52.11790084838867
2023-06-27 21:57:00.308945166 +0200 CEST m=+10083.800116487,53.346710205078125
2023-06-27 21:57:00.308956448 +0200 CEST m=+10083.800127768,54.563621520996094
2023-06-27 21:57:00.30897194 +0200 CEST m=+10083.800143262,55.765594482421875
2023-06-27 21:57:00.309051978 +0200 CEST m=+10083.800223299,56.94961929321289
2023-06-27 21:57:00.309202394 +0200 CEST m=+10083.800373720,58.112762451171875
2023-06-27 21:57:00.324727743 +0200 CEST m=+10083.815899063,59.25212860107422
2023-06-27 21:57:00.324739596 +0200 CEST m=+10083.815910916,60.364906311035156
2023-06-27 21:57:00.324755455 +0200 CEST m=+10083.815926779,61.44835662841797
2023-06-27 21:57:00.324767885 +0200 CEST m=+10083.815939208,62.374271392822266
2023-06-27 21:57:00.324779963 +0200 CEST m=+10083.815951288,62.748023986816406
2023-06-27 21:57:00.324794209 +0200 CEST m=+10083.815965533,63.07014846801758
2023-06-27 21:57:00.324809655 +0200 CEST m=+10083.815980975,63.33955764770508
2023-06-27 21:57:00.324824059 +0200 CEST m=+10083.815995386,63.55537033081055
2023-06-27 21:57:00.324839392 +0200 CEST m=+10083.816010715,63.71692657470703
2023-06-27 21:57:00.324850758 +0200 CEST m=+10083.816022082,63.82378005981445
2023-06-27 21:57:00.324864471 +0200 CEST m=+10083.816035795,63.87570571899414
2023-06-27 21:57:00.324876272 +0200 CEST m=+10083.816047596,63.8726921081543
2023-06-27 21:57:00.324890445 +0200 CEST m=+10083.816061765,63.81494903564453
2023-06-27 21:57:00.324973575 +0200 CEST m=+10083.816144897,63.702903747558594
2023-06-27 21:57:00.325156284 +0200 CEST m=+10083.816327604,63.53718948364258
2023-06-27 21:57:00.325368939 +0200 CEST m=+10083.816540259,63.31865692138672
2023-06-27 21:57:00.34075741 +0200 CEST m=+10083.831928734,73.93873596191406
2023-06-27 21:57:00.340772332 +0200 CEST m=+10083.831943655,73.45402526855469
2023-06-27 21:57:00.340784605 +0200 CEST m=+10083.831955929,72.87364196777344
2023-06-27 21:57:00.340809288 +0200 CEST m=+10083.831980612,72.19940185546875
2023-06-27 21:57:00.340826922 +0200 CEST m=+10083.831998246,72.66078186035156
2023-06-27 21:57:00.340839486 +0200 CEST m=+10083.832010810,73.40921020507812
2023-06-27 21:57:00.340851218 +0200 CEST m=+10083.832022542,73.35755157470703
2023-06-27 21:57:00.340867084 +0200 CEST m=+10083.832038408,73.81951141357422
2023-06-27 21:57:00.340878233 +0200 CEST m=+10083.832049557,71.83406066894531
2023-06-27 21:57:00.340890391 +0200 CEST m=+10083.832061716,72.02960205078125
2023-06-27 21:57:00.340906972 +0200 CEST m=+10083.832078297,72.27159118652344
2023-06-27 21:57:00.340922307 +0200 CEST m=+10083.832093634,72.45784759521484
2023-06-27 21:57:00.340937823 +0200 CEST m=+10083.832109151,72.58773803710938
2023-06-27 21:57:00.341012273 +0200 CEST m=+10083.832183604,72.66077423095703
2023-06-27 21:57:00.341263059 +0200 CEST m=+10083.832434389,72.67658996582031
2023-06-27 21:57:00.341483105 +0200 CEST m=+10083.832654434,72.63500213623047
2023-06-27 21:57:00.356711523 +0200 CEST m=+10083.847882848,72.53593444824219
2023-06-27 21:57:00.356724555 +0200 CEST m=+10083.847895885,72.37948608398438
2023-06-27 21:57:00.356739895 +0200 CEST m=+10083.847911224,72.16588592529297
2023-06-27 21:57:00.356751794 +0200 CEST m=+10083.847923117,71.8955078125
2023-06-27 21:57:00.356767249 +0200 CEST m=+10083.847938574,71.56888580322266
2023-06-27 21:57:00.356779711 +0200 CEST m=+10083.847951035,71.18668365478516
2023-06-27 21:57:00.356793274 +0200 CEST m=+10083.847964599,70.74971771240234
2023-06-27 21:57:00.356806246 +0200 CEST m=+10083.847977570,70.25892639160156
2023-06-27 21:57:00.356820621 +0200 CEST m=+10083.847991945,69.28153228759766
2023-06-27 21:57:00.356832347 +0200 CEST m=+10083.848003671,66.19220733642578
2023-06-27 21:57:00.356844165 +0200 CEST m=+10083.848015489,64.17561340332031
2023-06-27 21:57:00.356857541 +0200 CEST m=+10083.848028866,62.19904327392578
2023-06-27 21:57:00.356869643 +0200 CEST m=+10083.848040968,60.06185531616211
2023-06-27 21:57:00.35694854 +0200 CEST m=+10083.848119864,58.43989181518555
2023-06-27 21:57:00.35713727 +0200 CEST m=+10083.848308594,56.632572174072266
2023-06-27 21:57:00.357300803 +0200 CEST m=+10083.848472124,55.00809097290039
2023-06-27 21:57:00.372753133 +0200 CEST m=+10083.863924464,53.182373046875
2023-06-27 21:57:00.372773007 +0200 CEST m=+10083.863944345,51.6257209777832
2023-06-27 21:57:00.372792956 +0200 CEST m=+10083.863964288,50.06505584716797
2023-06-27 21:57:00.372833564 +0200 CEST m=+10083.864004895,48.50432586669922
2023-06-27 21:57:00.37285382 +0200 CEST m=+10083.864025145,46.94747543334961
2023-06-27 21:57:00.372862115 +0200 CEST m=+10083.864033440,45.01285171508789
2023-06-27 21:57:00.372883459 +0200 CEST m=+10083.864054793,43.098060607910156
2023-06-27 21:57:00.372905889 +0200 CEST m=+10083.864077221,41.210655212402344
2023-06-27 21:57:00.372922137 +0200 CEST m=+10083.864093462,39.358089447021484
2023-06-27 21:57:00.372930934 +0200 CEST m=+10083.864102259,37.54766845703125
2023-06-27 21:57:00.372939968 +0200 CEST m=+10083.864111294,35.840110778808594
2023-06-27 21:57:00.372948512 +0200 CEST m=+10083.864119837,34.71821594238281
2023-06-27 21:57:00.372957685 +0200 CEST m=+10083.864129010,34.50318145751953
2023-06-27 21:57:00.37301793 +0200 CEST m=+10083.864189255,34.07453155517578
2023-06-27 21:57:00.373239184 +0200 CEST m=+10083.864410516,33.709041595458984
2023-06-27 21:57:00.373445873 +0200 CEST m=+10083.864617199,33.408111572265625
2023-06-27 21:57:00.388660587 +0200 CEST m=+10083.879831908,33.17287063598633
2023-06-27 21:57:00.388706561 +0200 CEST m=+10083.879877884,33.00419998168945
2023-06-27 21:57:00.388724702 +0200 CEST m=+10083.879896024,32.902713775634766
2023-06-27 21:57:00.388737646 +0200 CEST m=+10083.879908970,32.8687629699707
2023-06-27 21:57:00.388756216 +0200 CEST m=+10083.879927542,32.90242385864258
2023-06-27 21:57:00.388772994 +0200 CEST m=+10083.879944320,33.00351333618164
2023-06-27 21:57:00.38878543 +0200 CEST m=+10083.879956756,33.17158126831055
2023-06-27 21:57:00.388798584 +0200 CEST m=+10083.879969910,33.405914306640625
2023-06-27 21:57:00.388815115 +0200 CEST m=+10083.879986441,33.64044189453125
2023-06-27 21:57:00.388829597 +0200 CEST m=+10083.880000923,33.916141510009766
2023-06-27 21:57:00.388843483 +0200 CEST m=+10083.880014809,34.2322883605957
2023-06-27 21:57:00.388856255 +0200 CEST m=+10083.880027581,34.58805847167969
2023-06-27 21:57:00.388868592 +0200 CEST m=+10083.880039918,34.98253631591797
2023-06-27 21:57:00.3889026 +0200 CEST m=+10083.880073925,35.02138900756836
2023-06-27 21:57:00.389103635 +0200 CEST m=+10083.880274964,34.63338851928711
2023-06-27 21:57:00.389253305 +0200 CEST m=+10083.880424630,34.28443908691406
2023-06-27 21:57:00.404777385 +0200 CEST m=+10083.895948730,33.97539520263672
2023-06-27 21:57:00.40481584 +0200 CEST m=+10083.895987201,33.70701599121094
2023-06-27 21:57:00.404850535 +0200 CEST m=+10083.896021879,33.479949951171875
2023-06-27 21:57:00.404889974 +0200 CEST m=+10083.896061318,33.294742584228516
2023-06-27 21:57:00.404922899 +0200 CEST m=+10083.896094253,33.1518440246582
2023-06-27 21:57:00.404949693 +0200 CEST m=+10083.896121040,33.05158233642578
2023-06-27 21:57:00.404982131 +0200 CEST m=+10083.896153474,32.99418640136719
2023-06-27 21:57:00.405027256 +0200 CEST m=+10083.896198603,32.97977828979492
2023-06-27 21:57:00.405061247 +0200 CEST m=+10083.896232594,33.008358001708984
2023-06-27 21:57:00.405090423 +0200 CEST m=+10083.896261770,33.079833984375
2023-06-27 21:57:00.405124438 +0200 CEST m=+10083.896295784,33.19399642944336
2023-06-27 21:57:00.405154008 +0200 CEST m=+10083.896325354,33.35053253173828
2023-06-27 21:57:00.405184665 +0200 CEST m=+10083.896356012,33.54902267456055
2023-06-27 21:57:00.405586313 +0200 CEST m=+10083.896757639,33.7889289855957
2023-06-27 21:57:00.405736825 +0200 CEST m=+10083.896908151,34.06962966918945
2023-06-27 21:57:00.405946791 +0200 CEST m=+10083.897118118,34.39038848876953
2023-06-27 21:57:00.420886153 +0200 CEST m=+10083.912057473,34.7503662109375
2023-06-27 21:57:00.42089337 +0200 CEST m=+10083.912064691,35.14863586425781
2023-06-27 21:57:00.42093534 +0200 CEST m=+10083.912106659,36.116947174072266
2023-06-27 21:57:00.420941909 +0200 CEST m=+10083.912113229,37.43932342529297
2023-06-27 21:57:00.420949095 +0200 CEST m=+10083.912120416,38.79259490966797
2023-06-27 21:57:00.420955004 +0200 CEST m=+10083.912126324,40.1733283996582
2023-06-27 21:57:00.420961331 +0200 CEST m=+10083.912132651,41.57801055908203
2023-06-27 21:57:00.420968054 +0200 CEST m=+10083.912139374,43.00308609008789
2023-06-27 21:57:00.420974699 +0200 CEST m=+10083.912146020,44.807594299316406
2023-06-27 21:57:00.420989823 +0200 CEST m=+10083.912161143,46.63117980957031
2023-06-27 21:57:00.42100019 +0200 CEST m=+10083.912171509,48.46662902832031
2023-06-27 21:57:00.421010807 +0200 CEST m=+10083.912182129,50.30669021606445
2023-06-27 21:57:00.421021267 +0200 CEST m=+10083.912192589,52.14409637451172
2023-06-27 21:57:00.421054234 +0200 CEST m=+10083.912225554,53.97160720825195
2023-06-27 21:57:00.421260442 +0200 CEST m=+10083.912431766,55.78201675415039
2023-06-27 21:57:00.421393243 +0200 CEST m=+10083.912564568,57.56819152832031
2023-06-27 21:57:00.436721148 +0200 CEST m=+10083.927892478,59.3231086730957
2023-06-27 21:57:00.436737413 +0200 CEST m=+10083.927908739,61.03986358642578
2023-06-27 21:57:00.436750229 +0200 CEST m=+10083.927921555,62.71171569824219
2023-06-27 21:57:00.436763861 +0200 CEST m=+10083.927935188,64.33209991455078
2023-06-27 21:57:00.436779408 +0200 CEST m=+10083.927950729,65.01284790039062
2023-06-27 21:57:00.43679247 +0200 CEST m=+10083.927963792,65.45745086669922
2023-06-27 21:57:00.436806484 +0200 CEST m=+10083.927977807,65.8407211303711
2023-06-27 21:57:00.436820945 +0200 CEST m=+10083.927992268,66.16120147705078
2023-06-27 21:57:00.436831473 +0200 CEST m=+10083.928002796,66.41765594482422
2023-06-27 21:57:00.436840809 +0200 CEST m=+10083.928012132,66.60914611816406
2023-06-27 21:57:00.436851479 +0200 CEST m=+10083.928022800,66.71507263183594
2023-06-27 21:57:00.436862952 +0200 CEST m=+10083.928034274,66.77871704101562
2023-06-27 21:57:00.43687315 +0200 CEST m=+10083.928044474,66.7999496459961
2023-06-27 21:57:00.43696259 +0200 CEST m=+10083.928133916,66.77873229980469
2023-06-27 21:57:00.437154532 +0200 CEST m=+10083.928325858,66.71516418457031
2023-06-27 21:57:00.437340174 +0200 CEST m=+10083.928511501,66.60942077636719
2023-06-27 21:57:00.452771204 +0200 CEST m=+10083.943942545,70.29885864257812
2023-06-27 21:57:00.452791877 +0200 CEST m=+10083.943963212,70.09101867675781
2023-06-27 21:57:00.452818414 +0200 CEST m=+10083.943989748,69.83194732666016
2023-06-27 21:57:00.452837879 +0200 CEST m=+10083.944009208,69.52220916748047
2023-06-27 21:57:00.452851339 +0200 CEST m=+10083.944022670,69.16249084472656
2023-06-27 21:57:00.452870697 +0200 CEST m=+10083.944042028,68.75360870361328
2023-06-27 21:57:00.452884884 +0200 CEST m=+10083.944056213,68.29650115966797
2023-06-27 21:57:00.452904146 +0200 CEST m=+10083.944075474,68.27201843261719
2023-06-27 21:57:00.452923456 +0200 CEST m=+10083.944094783,68.76878356933594
2023-06-27 21:57:00.452941122 +0200 CEST m=+10083.944112458,69.21900177001953
2023-06-27 21:57:00.452966989 +0200 CEST m=+10083.944138324,69.62142944335938
2023-06-27 21:57:00.452987736 +0200 CEST m=+10083.944159071,69.97496795654297
2023-06-27 21:57:00.453006156 +0200 CEST m=+10083.944177491,70.27863311767578
2023-06-27 21:57:00.453162675 +0200 CEST m=+10083.944334004,70.53155517578125
2023-06-27 21:57:00.45339001 +0200 CEST m=+10083.944561344,70.73300170898438
2023-06-27 21:57:00.453661745 +0200 CEST m=+10083.944833085,70.88236999511719
2023-06-27 21:57:00.468813206 +0200 CEST m=+10083.959984534,70.97917938232422
2023-06-27 21:57:00.468827773 +0200 CEST m=+10083.959999102,71.02308654785156
2023-06-27 21:57:00.468844891 +0200 CEST m=+10083.960016221,71.01388549804688
2023-06-27 21:57:00.468859985 +0200 CEST m=+10083.960031319,70.95149993896484
2023-06-27 21:57:00.46887563 +0200 CEST m=+10083.960046955,70.83598327636719
2023-06-27 21:57:00.468891571 +0200 CEST m=+10083.960062894,70.66753387451172
2023-06-27 21:57:00.468906422 +0200 CEST m=+10083.960077746,70.44647979736328
2023-06-27 21:57:00.468919028 +0200 CEST m=+10083.960090355,70.17328643798828
2023-06-27 21:57:00.468933045 +0200 CEST m=+10083.960104372,69.84854125976562
2023-06-27 21:57:00.468948406 +0200 CEST m=+10083.960119736,69.47297668457031
2023-06-27 21:57:00.468963187 +0200 CEST m=+10083.960134511,68.93336486816406
2023-06-27 21:57:00.468977321 +0200 CEST m=+10083.960148651,68.18427276611328
2023-06-27 21:57:00.468987767 +0200 CEST m=+10083.960159091,66.16033935546875
2023-06-27 21:57:00.469020563 +0200 CEST m=+10083.960191891,64.0678482055664
2023-06-27 21:57:00.4692475 +0200 CEST m=+10083.960418829,61.91490936279297
2023-06-27 21:57:00.469442879 +0200 CEST m=+10083.960614206,59.66997146606445
2023-06-27 21:57:00.484728261 +0200 CEST m=+10083.975899606,57.36619186401367
2023-06-27 21:57:00.484753283 +0200 CEST m=+10083.975924624,54.845088958740234
2023-06-27 21:57:00.484775322 +0200 CEST m=+10083.975946664,52.609779357910156
2023-06-27 21:57:00.484823722 +0200 CEST m=+10083.975995059,50.49445343017578
2023-06-27 21:57:00.484843274 +0200 CEST m=+10083.976014608,48.37517166137695
2023-06-27 21:57:00.484866252 +0200 CEST m=+10083.976037586,46.26151657104492
2023-06-27 21:57:00.4848891 +0200 CEST m=+10083.976060434,44.18357849121094
2023-06-27 21:57:00.484911079 +0200 CEST m=+10083.976082412,42.111854553222656
2023-06-27 21:57:00.484925625 +0200 CEST m=+10083.976096957,41.012760162353516
2023-06-27 21:57:00.484938381 +0200 CEST m=+10083.976109715,39.20673370361328
2023-06-27 21:57:00.484949859 +0200 CEST m=+10083.976121191,37.67143630981445
2023-06-27 21:57:00.484962845 +0200 CEST m=+10083.976134179,35.993080139160156
2023-06-27 21:57:00.484975319 +0200 CEST m=+10083.976146652,34.84099197387695
2023-06-27 21:57:00.485040351 +0200 CEST m=+10083.976211682,34.45386505126953
2023-06-27 21:57:00.48535423 +0200 CEST m=+10083.976525573,34.10630798339844
2023-06-27 21:57:00.4855571 +0200 CEST m=+10083.976728423,33.79916763305664
2023-06-27 21:57:00.500715817 +0200 CEST m=+10083.991887142,33.53318786621094
2023-06-27 21:57:00.500733442 +0200 CEST m=+10083.991904768,33.30900573730469
2023-06-27 21:57:00.50074547 +0200 CEST m=+10083.991916795,33.47968292236328
2023-06-27 21:57:00.500758703 +0200 CEST m=+10083.991930029,33.34590148925781
2023-06-27 21:57:00.500774626 +0200 CEST m=+10083.991945951,33.25432586669922
2023-06-27 21:57:00.500788052 +0200 CEST m=+10083.991959377,33.205135345458984
2023-06-27 21:57:00.500801456 +0200 CEST m=+10083.991972781,33.19841003417969
2023-06-27 21:57:00.500813566 +0200 CEST m=+10083.991984891,33.23412322998047
2023-06-27 21:57:00.500828147 +0200 CEST m=+10083.991999473,33.312137603759766
2023-06-27 21:57:00.500843571 +0200 CEST m=+10083.992014895,33.43220520019531
2023-06-27 21:57:00.500856551 +0200 CEST m=+10083.992027877,33.5939826965332
2023-06-27 21:57:00.50087049 +0200 CEST m=+10083.992041815,33.7970085144043
2023-06-27 21:57:00.500882537 +0200 CEST m=+10083.992053863,34.040733337402344
2023-06-27 21:57:00.501168666 +0200 CEST m=+10083.992339991,34.32448959350586
2023-06-27 21:57:00.502795116 +0200 CEST m=+10083.993966495,34.64752197265625
2023-06-27 21:57:00.503336957 +0200 CEST m=+10083.994508330,35.00896453857422
2023-06-27 21:57:00.51667875 +0200 CEST m=+10084.007850072,35.40787124633789
2023-06-27 21:57:00.516685031 +0200 CEST m=+10084.007856352,35.248687744140625
2023-06-27 21:57:00.516694063 +0200 CEST m=+10084.007865383,34.88222885131836
2023-06-27 21:57:00.516699946 +0200 CEST m=+10084.007871267,34.554351806640625
2023-06-27 21:57:00.516705646 +0200 CEST m=+10084.007876967,34.26584243774414
2023-06-27 21:57:00.5167141 +0200 CEST m=+10084.007885420,34.01738357543945
2023-06-27 21:57:00.516727901 +0200 CEST m=+10084.007899221,33.8095588684082
2023-06-27 21:57:00.516735598 +0200 CEST m=+10084.007906919,33.642852783203125
2023-06-27 21:57:00.516744298 +0200 CEST m=+10084.007915618,33.517635345458984
2023-06-27 21:57:00.51675069 +0200 CEST m=+10084.007922010,33.434181213378906
2023-06-27 21:57:00.516758387 +0200 CEST m=+10084.007929713,33.39265060424805
2023-06-27 21:57:00.516773489 +0200 CEST m=+10084.007944811,33.393104553222656
2023-06-27 21:57:00.516785397 +0200 CEST m=+10084.007956721,33.43549728393555
2023-06-27 21:57:00.516978511 +0200 CEST m=+10084.008149836,33.54721450805664
2023-06-27 21:57:00.517139299 +0200 CEST m=+10084.008310629,33.72368240356445
2023-06-27 21:57:00.532749874 +0200 CEST m=+10084.023921198,33.964111328125
2023-06-27 21:57:00.532770758 +0200 CEST m=+10084.023942082,34.26746368408203
2023-06-27 21:57:00.532780274 +0200 CEST m=+10084.023951598,34.6324577331543
2023-06-27 21:57:00.532794942 +0200 CEST m=+10084.023966272,35.05756378173828
2023-06-27 21:57:00.532815036 +0200 CEST m=+10084.023986361,35.54102325439453
2023-06-27 21:57:00.532828737 +0200 CEST m=+10084.024000073,36.80664825439453
2023-06-27 21:57:00.532856805 +0200 CEST m=+10084.024028130,38.4334831237793
2023-06-27 21:57:00.532864586 +0200 CEST m=+10084.024035911,40.10367202758789
2023-06-27 21:57:00.532874474 +0200 CEST m=+10084.024045798,41.81057357788086
2023-06-27 21:57:00.532885198 +0200 CEST m=+10084.024056528,43.54739761352539
2023-06-27 21:57:00.532901984 +0200 CEST m=+10084.024073308,45.3072509765625
2023-06-27 21:57:00.53292207 +0200 CEST m=+10084.024093410,47.08315658569336
2023-06-27 21:57:00.532945305 +0200 CEST m=+10084.024116635,48.86808395385742
2023-06-27 21:57:00.533203557 +0200 CEST m=+10084.024374896,50.65497589111328
2023-06-27 21:57:00.533536399 +0200 CEST m=+10084.024707726,52.43678665161133
2023-06-27 21:57:00.533765999 +0200 CEST m=+10084.024937324,54.206485748291016
2023-06-27 21:57:00.54871312 +0200 CEST m=+10084.039884440,55.60884094238281
2023-06-27 21:57:00.548762554 +0200 CEST m=+10084.039933874,56.995460510253906
2023-06-27 21:57:00.548817513 +0200 CEST m=+10084.039988832,58.36285400390625
2023-06-27 21:57:00.548828423 +0200 CEST m=+10084.039999744,59.70759582519531
2023-06-27 21:57:00.548839044 +0200 CEST m=+10084.040010365,61.02630615234375
2023-06-27 21:57:00.548853183 +0200 CEST m=+10084.040024505,62.31568908691406
2023-06-27 21:57:00.548866525 +0200 CEST m=+10084.040037851,63.5725212097168
2023-06-27 21:57:00.548880093 +0200 CEST m=+10084.040051414,64.34940338134766
2023-06-27 21:57:00.548891703 +0200 CEST m=+10084.040063024,64.71345520019531
2023-06-27 21:57:00.548902683 +0200 CEST m=+10084.040074004,65.03994750976562
2023-06-27 21:57:00.548921183 +0200 CEST m=+10084.040092508,65.32808685302734
2023-06-27 21:57:00.548950729 +0200 CEST m=+10084.040122055,65.57719421386719
2023-06-27 21:57:00.548963661 +0200 CEST m=+10084.040134982,65.78668212890625
2023-06-27 21:57:00.548975481 +0200 CEST m=+10084.040146802,65.95606994628906
2023-06-27 21:57:00.549137725 +0200 CEST m=+10084.040309046,66.08496856689453
2023-06-27 21:57:00.549340746 +0200 CEST m=+10084.040512071,66.17310333251953
2023-06-27 21:57:00.564768346 +0200 CEST m=+10084.055939667,66.22029876708984
2023-06-27 21:57:00.564830247 +0200 CEST m=+10084.056001569,66.22647857666016
2023-06-27 21:57:00.564846221 +0200 CEST m=+10084.056017543,66.1916732788086
2023-06-27 21:57:00.564857188 +0200 CEST m=+10084.056028510,66.11602020263672
2023-06-27 21:57:00.564865842 +0200 CEST m=+10084.056037164,65.999755859375
2023-06-27 21:57:00.564874227 +0200 CEST m=+10084.056045548,65.84321594238281
2023-06-27 21:57:00.564888568 +0200 CEST m=+10084.056059891,65.64684295654297
2023-06-27 21:57:00.564895902 +0200 CEST m=+10084.056067225,65.41118621826172
2023-06-27 21:57:00.56490495 +0200 CEST m=+10084.056076271,65.13687896728516
2023-06-27 21:57:00.564916297 +0200 CEST m=+10084.056087620,64.82466125488281
2023-06-27 21:57:00.564923597 +0200 CEST m=+10084.056094919,69.70467376708984
2023-06-27 21:57:00.564930576 +0200 CEST m=+10084.056101898,69.21528625488281
2023-06-27 21:57:00.564938993 +0200 CEST m=+10084.056110316,69.46025848388672
2023-06-27 21:57:00.564987356 +0200 CEST m=+10084.056158677,69.97998046875
2023-06-27 21:57:00.565159318 +0200 CEST m=+10084.056330645,70.4504165649414
2023-06-27 21:57:00.565266417 +0200 CEST m=+10084.056437743,70.9671630859375
2023-06-27 21:57:00.580731492 +0200 CEST m=+10084.071902816,71.40255737304688
2023-06-27 21:57:00.580741769 +0200 CEST m=+10084.071913092,71.75462341308594
2023-06-27 21:57:00.58076089 +0200 CEST m=+10084.071932214,72.02169799804688
2023-06-27 21:57:00.580771206 +0200 CEST m=+10084.071942529,72.20245361328125
2023-06-27 21:57:00.580778036 +0200 CEST m=+10084.071949359,72.29591369628906
2023-06-27 21:57:00.58078481 +0200 CEST m=+10084.071956132,72.30142211914062
2023-06-27 21:57:00.580792363 +0200 CEST m=+10084.071963686,72.21869659423828
2023-06-27 21:57:00.580801507 +0200 CEST m=+10084.071972830,72.04777526855469
2023-06-27 21:57:00.580811525 +0200 CEST m=+10084.071982848,71.7890625
2023-06-27 21:57:00.580819297 +0200 CEST m=+10084.071990620,71.44331359863281
2023-06-27 21:57:00.580827027 +0200 CEST m=+10084.071998350,71.01162719726562
2023-06-27 21:57:00.580834932 +0200 CEST m=+10084.072006255,70.49545288085938
2023-06-27 21:57:00.580853059 +0200 CEST m=+10084.072024381,69.89656829833984
2023-06-27 21:57:00.580924157 +0200 CEST m=+10084.072095480,68.50685119628906
2023-06-27 21:57:00.58113475 +0200 CEST m=+10084.072306078,66.3282699584961
2023-06-27 21:57:00.581312382 +0200 CEST m=+10084.072483710,64.0783462524414
2023-06-27 21:57:00.596721667 +0200 CEST m=+10084.087892988,61.688697814941406
2023-06-27 21:57:00.596731493 +0200 CEST m=+10084.087902813,58.252967834472656
2023-06-27 21:57:00.596794879 +0200 CEST m=+10084.087966200,56.557708740234375
2023-06-27 21:57:00.59681439 +0200 CEST m=+10084.087985711,54.84412384033203
2023-06-27 21:57:00.59683512 +0200 CEST m=+10084.088006439,53.11653137207031
2023-06-27 21:57:00.596843373 +0200 CEST m=+10084.088014693,51.37928009033203
2023-06-27 21:57:00.596851687 +0200 CEST m=+10084.088023007,49.6795768737793
2023-06-27 21:57:00.596862481 +0200 CEST m=+10084.088033802,48.14316177368164
2023-06-27 21:57:00.596882944 +0200 CEST m=+10084.088054268,46.61226272583008
2023-06-27 21:57:00.596898305 +0200 CEST m=+10084.088069625,45.090736389160156
2023-06-27 21:57:00.596913398 +0200 CEST m=+10084.088084727,43.582427978515625
2023-06-27 21:57:00.596920519 +0200 CEST m=+10084.088091839,42.09113311767578
2023-06-27 21:57:00.596927729 +0200 CEST m=+10084.088099055,40.6206169128418
2023-06-27 21:57:00.596944674 +0200 CEST m=+10084.088115995,39.17457580566406
2023-06-27 21:57:00.597119337 +0200 CEST m=+10084.088290660,37.756656646728516
2023-06-27 21:57:00.59731305 +0200 CEST m=+10084.088484373,37.76300048828125
2023-06-27 21:57:00.612681446 +0200 CEST m=+10084.103852777,36.56013107299805
2023-06-27 21:57:00.612697815 +0200 CEST m=+10084.103869137,36.0218505859375
2023-06-27 21:57:00.612800929 +0200 CEST m=+10084.103972255,35.68516540527344
2023-06-27 21:57:00.612814212 +0200 CEST m=+10084.103985537,35.38532257080078
2023-06-27 21:57:00.612826772 +0200 CEST m=+10084.103998099,35.12300491333008
2023-06-27 21:57:00.612842288 +0200 CEST m=+10084.104013614,34.8988037109375
2023-06-27 21:57:00.612854685 +0200 CEST m=+10084.104026012,34.713199615478516
2023-06-27 21:57:00.612870893 +0200 CEST m=+10084.104042219,34.56658935546875
2023-06-27 21:57:00.612883739 +0200 CEST m=+10084.104055066,34.459259033203125
2023-06-27 21:57:00.612896646 +0200 CEST m=+10084.104067972,34.39139938354492
2023-06-27 21:57:00.612910514 +0200 CEST m=+10084.104081840,34.363101959228516
2023-06-27 21:57:00.612923036 +0200 CEST m=+10084.104094362,34.37435531616211
2023-06-27 21:57:00.612968198 +0200 CEST m=+10084.104139524,34.425048828125
2023-06-27 21:57:00.612982555 +0200 CEST m=+10084.104153880,34.514976501464844
2023-06-27 21:57:00.6131275 +0200 CEST m=+10084.104298826,34.64382553100586
2023-06-27 21:57:00.613284137 +0200 CEST m=+10084.104455462,34.81119155883789
2023-06-27 21:57:00.628726354 +0200 CEST m=+10084.119897674,35.01656723022461
2023-06-27 21:57:00.628732245 +0200 CEST m=+10084.119903566,35.259361267089844
2023-06-27 21:57:00.628744488 +0200 CEST m=+10084.119915808,35.61440658569336
2023-06-27 21:57:00.628783001 +0200 CEST m=+10084.119954321,36.025272369384766
2023-06-27 21:57:00.628797851 +0200 CEST m=+10084.119969171,36.49019241333008
2023-06-27 21:57:00.62880488 +0200 CEST m=+10084.119976201,36.26322555541992
2023-06-27 21:57:00.628812541 +0200 CEST m=+10084.119983861,35.864830017089844
2023-06-27 21:57:00.628818842 +0200 CEST m=+10084.119990161,35.52324295043945
2023-06-27 21:57:00.628825835 +0200 CEST m=+10084.119997155,35.23965835571289
2023-06-27 21:57:00.628832285 +0200 CEST m=+10084.120003604,35.015045166015625
2023-06-27 21:57:00.628839647 +0200 CEST m=+10084.120010968,34.85013961791992
2023-06-27 21:57:00.628845641 +0200 CEST m=+10084.120016960,34.745426177978516
2023-06-27 21:57:00.628853736 +0200 CEST m=+10084.120025056,34.701171875
2023-06-27 21:57:00.628921858 +0200 CEST m=+10084.120093178,34.71738052368164
2023-06-27 21:57:00.629061478 +0200 CEST m=+10084.120232798,34.7938346862793
2023-06-27 21:57:00.629224542 +0200 CEST m=+10084.120395867,34.93007278442383
2023-06-27 21:57:00.644708473 +0200 CEST m=+10084.135879793,35.125396728515625
2023-06-27 21:57:00.644719785 +0200 CEST m=+10084.135891105,35.378883361816406
2023-06-27 21:57:00.64472905 +0200 CEST m=+10084.135900369,35.689369201660156
2023-06-27 21:57:00.64473493 +0200 CEST m=+10084.135906251,36.055484771728516
2023-06-27 21:57:00.644740821 +0200 CEST m=+10084.135912141,36.387359619140625
2023-06-27 21:57:00.644750434 +0200 CEST m=+10084.135921754,36.75291061401367
2023-06-27 21:57:00.644756105 +0200 CEST m=+10084.135927425,37.62601089477539
2023-06-27 21:57:00.644763041 +0200 CEST m=+10084.135934361,38.813148498535156
2023-06-27 21:57:00.644768764 +0200 CEST m=+10084.135940084,40.02599334716797
2023-06-27 21:57:00.644774831 +0200 CEST m=+10084.135946150,41.26142501831055
2023-06-27 21:57:00.644781125 +0200 CEST m=+10084.135952445,42.51628112792969
2023-06-27 21:57:00.644787214 +0200 CEST m=+10084.135958534,43.78733444213867
2023-06-27 21:57:00.644793061 +0200 CEST m=+10084.135964380,45.07135009765625
2023-06-27 21:57:00.644880838 +0200 CEST m=+10084.136052162,46.36504364013672
2023-06-27 21:57:00.645058639 +0200 CEST m=+10084.136229963,47.665130615234375
2023-06-27 21:57:00.645172627 +0200 CEST m=+10084.136343947,48.96830749511719
2023-06-27 21:57:00.660710423 +0200 CEST m=+10084.151881760,50.271270751953125
2023-06-27 21:57:00.660724292 +0200 CEST m=+10084.151895628,51.57073211669922
2023-06-27 21:57:00.660743802 +0200 CEST m=+10084.151915138,52.86341094970703
2023-06-27 21:57:00.660758567 +0200 CEST m=+10084.151929902,54.14605712890625
2023-06-27 21:57:00.660771525 +0200 CEST m=+10084.151942861,55.41544723510742
2023-06-27 21:57:00.660788596 +0200 CEST m=+10084.151959933,56.668399810791016
2023-06-27 21:57:00.660801718 +0200 CEST m=+10084.151973054,57.90178298950195
2023-06-27 21:57:00.660814687 +0200 CEST m=+10084.151986023,59.112525939941406
2023-06-27 21:57:00.660829834 +0200 CEST m=+10084.152001172,60.297611236572266
2023-06-27 21:57:00.660842758 +0200 CEST m=+10084.152014093,61.4541015625
2023-06-27 21:57:00.660857279 +0200 CEST m=+10084.152028614,62.57913589477539
2023-06-27 21:57:00.660871083 +0200 CEST m=+10084.152042421,63.0820198059082
2023-06-27 21:57:00.66088536 +0200 CEST m=+10084.152056699,63.39617919921875
2023-06-27 21:57:00.661167105 +0200 CEST m=+10084.152338441,63.67581558227539
2023-06-27 21:57:00.661638424 +0200 CEST m=+10084.152809755,63.9202995300293
2023-06-27 21:57:00.661975171 +0200 CEST m=+10084.153146509,64.12908172607422
2023-06-27 21:57:00.676779796 +0200 CEST m=+10084.167951120,64.30172729492188
2023-06-27 21:57:00.67679533 +0200 CEST m=+10084.167966656,64.43785858154297
2023-06-27 21:57:00.676809881 +0200 CEST m=+10084.167981204,64.5372314453125
2023-06-27 21:57:00.676823378 +0200 CEST m=+10084.167994704,64.59967041015625
2023-06-27 21:57:00.67683539 +0200 CEST m=+10084.168006716,64.62566375732422
2023-06-27 21:57:00.67684785 +0200 CEST m=+10084.168019175,64.59388732910156
2023-06-27 21:57:00.676860921 +0200 CEST m=+10084.168032246,73.07201385498047
2023-06-27 21:57:00.676875599 +0200 CEST m=+10084.168046924,72.91864776611328
2023-06-27 21:57:00.676890526 +0200 CEST m=+10084.168061851,72.65150451660156
2023-06-27 21:57:00.676911195 +0200 CEST m=+10084.168082518,71.20204162597656
2023-06-27 21:57:00.676924251 +0200 CEST m=+10084.168095575,70.79151916503906
2023-06-27 21:57:00.67693699 +0200 CEST m=+10084.168108650,70.2972412109375
2023-06-27 21:57:00.676950983 +0200 CEST m=+10084.168122308,69.72087097167969
2023-06-27 21:57:00.677032345 +0200 CEST m=+10084.168203667,69.5784912109375
2023-06-27 21:57:00.677202755 +0200 CEST m=+10084.168374083,70.24745178222656
2023-06-27 21:57:00.677434059 +0200 CEST m=+10084.168605381,70.83856964111328
2023-06-27 21:57:00.692755708 +0200 CEST m=+10084.183927036,71.34923553466797
2023-06-27 21:57:00.692820291 +0200 CEST m=+10084.183991613,71.77713012695312
2023-06-27 21:57:00.692828417 +0200 CEST m=+10084.183999739,72.12028503417969
2023-06-27 21:57:00.692844188 +0200 CEST m=+10084.184015511,72.37704467773438
2023-06-27 21:57:00.692863366 +0200 CEST m=+10084.184034688,72.54609680175781
2023-06-27 21:57:00.692871127 +0200 CEST m=+10084.184042448,72.62645721435547
2023-06-27 21:57:00.692877624 +0200 CEST m=+10084.184048946,72.62646484375
2023-06-27 21:57:00.69288479 +0200 CEST m=+10084.184056111,72.56915283203125
2023-06-27 21:57:00.692893677 +0200 CEST m=+10084.184064999,72.45451354980469
2023-06-27 21:57:00.692900245 +0200 CEST m=+10084.184071567,72.28267669677734
2023-06-27 21:57:00.692908068 +0200 CEST m=+10084.184079390,72.05391693115234
2023-06-27 21:57:00.692914968 +0200 CEST m=+10084.184086290,71.76866912841797
2023-06-27 21:57:00.692923026 +0200 CEST m=+10084.184094349,71.42750549316406
2023-06-27 21:57:00.693231882 +0200 CEST m=+10084.184403219,71.0311279296875
2023-06-27 21:57:00.693522981 +0200 CEST m=+10084.184694311,70.58039855957031
2023-06-27 21:57:00.693700759 +0200 CEST m=+10084.184872090,70.0763168334961
2023-06-27 21:57:00.708753705 +0200 CEST m=+10084.199925027,68.798583984375
2023-06-27 21:57:00.708760675 +0200 CEST m=+10084.199931998,67.03628540039062
2023-06-27 21:57:00.708771497 +0200 CEST m=+10084.199942819,63.427093505859375
2023-06-27 21:57:00.708779579 +0200 CEST m=+10084.199950900,61.784523010253906
2023-06-27 21:57:00.708786214 +0200 CEST m=+10084.199957537,60.078407287597656
2023-06-27 21:57:00.708794968 +0200 CEST m=+10084.199966291,58.02314376831055
2023-06-27 21:57:00.708813312 +0200 CEST m=+10084.199984636,56.37436294555664
2023-06-27 21:57:00.708827802 +0200 CEST m=+10084.199999125,54.66718292236328
2023-06-27 21:57:00.708839914 +0200 CEST m=+10084.200011236,53.002193450927734
2023-06-27 21:57:00.708859629 +0200 CEST m=+10084.200030956,51.32845687866211
2023-06-27 21:57:00.708876566 +0200 CEST m=+10084.200047890,49.65019989013672
2023-06-27 21:57:00.708883577 +0200 CEST m=+10084.200054900,47.97166061401367
2023-06-27 21:57:00.708891734 +0200 CEST m=+10084.200063056,46.297080993652344
2023-06-27 21:57:00.708949583 +0200 CEST m=+10084.200120910,44.630699157714844
2023-06-27 21:57:00.709165852 +0200 CEST m=+10084.200337174,43.43023681640625
2023-06-27 21:57:00.70931842 +0200 CEST m=+10084.200489747,41.90195846557617
2023-06-27 21:57:00.724727242 +0200 CEST m=+10084.215898572,40.39434814453125
2023-06-27 21:57:00.724741328 +0200 CEST m=+10084.215912653,39.29001235961914
2023-06-27 21:57:00.724761175 +0200 CEST m=+10084.215932499,37.887542724609375
2023-06-27 21:57:00.72477504 +0200 CEST m=+10084.215946359,36.51649475097656
2023-06-27 21:57:00.724789585 +0200 CEST m=+10084.215960905,35.1803092956543
2023-06-27 21:57:00.724798908 +0200 CEST m=+10084.215970229,35.41754150390625
2023-06-27 21:57:00.724809755 +0200 CEST m=+10084.215981075,34.97798538208008
2023-06-27 21:57:00.724818484 +0200 CEST m=+10084.215989803,34.59843826293945
2023-06-27 21:57:00.724829962 +0200 CEST m=+10084.216001283,34.28028869628906
2023-06-27 21:57:00.724842566 +0200 CEST m=+10084.216013887,34.024688720703125
2023-06-27 21:57:00.72485217 +0200 CEST m=+10084.216023491,33.832542419433594
2023-06-27 21:57:00.724861212 +0200 CEST m=+10084.216032532,33.70450210571289
2023-06-27 21:57:00.724870761 +0200 CEST m=+10084.216042082,33.64095687866211
2023-06-27 21:57:00.725099976 +0200 CEST m=+10084.216271300,33.64205551147461
2023-06-27 21:57:00.725246949 +0200 CEST m=+10084.216418269,33.707672119140625
2023-06-27 21:57:00.725358835 +0200 CEST m=+10084.216530157,33.83744812011719
2023-06-27 21:57:00.740812936 +0200 CEST m=+10084.231984264,34.03075408935547
2023-06-27 21:57:00.740825134 +0200 CEST m=+10084.231996462,34.286720275878906
2023-06-27 21:57:00.740835053 +0200 CEST m=+10084.232006381,34.60423278808594
2023-06-27 21:57:00.740847033 +0200 CEST m=+10084.232018361,34.98192596435547
2023-06-27 21:57:00.740856921 +0200 CEST m=+10084.232028250,35.418212890625
2023-06-27 21:57:00.740892551 +0200 CEST m=+10084.232063879,35.9112663269043
2023-06-27 21:57:00.740911791 +0200 CEST m=+10084.232083135,35.47359848022461
2023-06-27 21:57:00.740935506 +0200 CEST m=+10084.232106841,35.06001663208008
2023-06-27 21:57:00.740955018 +0200 CEST m=+10084.232126351,34.70608139038086
2023-06-27 21:57:00.740978097 +0200 CEST m=+10084.232149426,34.46675491333008
2023-06-27 21:57:00.740995272 +0200 CEST m=+10084.232166602,34.266990661621094
2023-06-27 21:57:00.741013085 +0200 CEST m=+10084.232184415,34.10722732543945
2023-06-27 21:57:00.741031934 +0200 CEST m=+10084.232203267,33.987823486328125
2023-06-27 21:57:00.741048854 +0200 CEST m=+10084.232220182,33.909019470214844
2023-06-27 21:57:00.741554546 +0200 CEST m=+10084.232725891,33.8709602355957
2023-06-27 21:57:00.756687023 +0200 CEST m=+10084.247858346,33.873687744140625
2023-06-27 21:57:00.756699193 +0200 CEST m=+10084.247870516,33.91712951660156
2023-06-27 21:57:00.756707154 +0200 CEST m=+10084.247878478,34.00112533569336
2023-06-27 21:57:00.756713897 +0200 CEST m=+10084.247885221,34.12540817260742
2023-06-27 21:57:00.756721241 +0200 CEST m=+10084.247892565,34.289608001708984
2023-06-27 21:57:00.756729751 +0200 CEST m=+10084.247901075,34.493247985839844
2023-06-27 21:57:00.756736492 +0200 CEST m=+10084.247907816,34.73576736450195
2023-06-27 21:57:00.756743899 +0200 CEST m=+10084.247915223,35.0164909362793
2023-06-27 21:57:00.756751924 +0200 CEST m=+10084.247923247,35.33466339111328
2023-06-27 21:57:00.756759711 +0200 CEST m=+10084.247931041,35.689422607421875
2023-06-27 21:57:00.756778408 +0200 CEST m=+10084.247949734,36.0798225402832
2023-06-27 21:57:00.756794169 +0200 CEST m=+10084.247965498,37.208526611328125
2023-06-27 21:57:00.756808618 +0200 CEST m=+10084.247979946,38.46843719482422
2023-06-27 21:57:00.75687442 +0200 CEST m=+10084.248045755,39.75570297241211
2023-06-27 21:57:00.757091936 +0200 CEST m=+10084.248263265,41.06703186035156
2023-06-27 21:57:00.757271177 +0200 CEST m=+10084.248442502,42.399078369140625
2023-06-27 21:57:00.772722843 +0200 CEST m=+10084.263894178,43.748451232910156
2023-06-27 21:57:00.772746502 +0200 CEST m=+10084.263917830,45.11170959472656
2023-06-27 21:57:00.77276557 +0200 CEST m=+10084.263936906,46.48539733886719
2023-06-27 21:57:00.772783152 +0200 CEST m=+10084.263954493,47.866024017333984
2023-06-27 21:57:00.772801442 +0200 CEST m=+10084.263972770,49.25009536743164
2023-06-27 21:57:00.772821766 +0200 CEST m=+10084.263993095,50.63410949707031
2023-06-27 21:57:00.772839117 +0200 CEST m=+10084.264010448,52.01456832885742
2023-06-27 21:57:00.772862184 +0200 CEST m=+10084.264033513,53.38799285888672
2023-06-27 21:57:00.772879589 +0200 CEST m=+10084.264050918,54.750919342041016
2023-06-27 21:57:00.772897085 +0200 CEST m=+10084.264068415,56.43459701538086
2023-06-27 21:57:00.772916259 +0200 CEST m=+10084.264087597,58.08991622924805
2023-06-27 21:57:00.772940866 +0200 CEST m=+10084.264112197,59.71039581298828
2023-06-27 21:57:00.772956567 +0200 CEST m=+10084.264127894,61.289695739746094
2023-06-27 21:57:00.77304866 +0200 CEST m=+10084.264219999,62.82166290283203
2023-06-27 21:57:00.773340132 +0200 CEST m=+10084.264511463,63.87089157104492
2023-06-27 21:57:00.773549567 +0200 CEST m=+10084.264720889,64.30250549316406
2023-06-27 21:57:00.788760518 +0200 CEST m=+10084.279931849,64.67693328857422
2023-06-27 21:57:00.788780091 +0200 CEST m=+10084.279951424,64.99280548095703
2023-06-27 21:57:00.788791397 +0200 CEST m=+10084.279962728,65.24897003173828
2023-06-27 21:57:00.788803631 +0200 CEST m=+10084.279974964,65.44452667236328
2023-06-27 21:57:00.788815976 +0200 CEST m=+10084.279987309,65.57881164550781
2023-06-27 21:57:00.788828554 +0200 CEST m=+10084.279999886,65.65140533447266
2023-06-27 21:57:00.788841569 +0200 CEST m=+10084.280012901,65.66212463378906
2023-06-27 21:57:00.788853477 +0200 CEST m=+10084.280024810,65.61105346679688
2023-06-27 21:57:00.788864628 +0200 CEST m=+10084.280035959,65.49848937988281
2023-06-27 21:57:00.788876416 +0200 CEST m=+10084.280047749,72.42838287353516
2023-06-27 21:57:00.788889691 +0200 CEST m=+10084.280061022,72.14834594726562
2023-06-27 21:57:00.788913003 +0200 CEST m=+10084.280084344,71.77951049804688
2023-06-27 21:57:00.788966383 +0200 CEST m=+10084.280137717,71.42124938964844
2023-06-27 21:57:00.789056797 +0200 CEST m=+10084.280228138,71.00761413574219
2023-06-27 21:57:00.78938098 +0200 CEST m=+10084.280552320,70.53948211669922
2023-06-27 21:57:00.789562313 +0200 CEST m=+10084.280733635,70.01787567138672
2023-06-27 21:57:00.804805176 +0200 CEST m=+10084.295976501,70.55731964111328
2023-06-27 21:57:00.804819049 +0200 CEST m=+10084.295990373,71.09478759765625
2023-06-27 21:57:00.804831684 +0200 CEST m=+10084.296003006,71.58041381835938
2023-06-27 21:57:00.804842274 +0200 CEST m=+10084.296013594,72.01280975341797
2023-06-27 21:57:00.804854455 +0200 CEST m=+10084.296025776,72.39070892333984
2023-06-27 21:57:00.804865263 +0200 CEST m=+10084.296036584,72.7129898071289
2023-06-27 21:57:00.804877409 +0200 CEST m=+10084.296048731,72.97867584228516
2023-06-27 21:57:00.804903894 +0200 CEST m=+10084.296075216,73.31112670898438
2023-06-27 21:57:00.804918767 +0200 CEST m=+10084.296090089,73.46263885498047
2023-06-27 21:57:00.804931866 +0200 CEST m=+10084.296103188,73.5551528930664
2023-06-27 21:57:00.804944217 +0200 CEST m=+10084.296115538,73.58824157714844
2023-06-27 21:57:00.804956826 +0200 CEST m=+10084.296128151,73.56165313720703
2023-06-27 21:57:00.80496864 +0200 CEST m=+10084.296139961,73.47525787353516
2023-06-27 21:57:00.805324406 +0200 CEST m=+10084.296495736,73.32911682128906
2023-06-27 21:57:00.805753613 +0200 CEST m=+10084.296924994,73.12340545654297
2023-06-27 21:57:00.806392811 +0200 CEST m=+10084.297564190,72.85847473144531
2023-06-27 21:57:00.820705886 +0200 CEST m=+10084.311877206,72.53482055664062
2023-06-27 21:57:00.820713298 +0200 CEST m=+10084.311884618,72.15308380126953
2023-06-27 21:57:00.820774189 +0200 CEST m=+10084.311945510,71.71406555175781
2023-06-27 21:57:00.82078607 +0200 CEST m=+10084.311957390,71.07378387451172
2023-06-27 21:57:00.820794554 +0200 CEST m=+10084.311965874,68.8015365600586
2023-06-27 21:57:00.820801251 +0200 CEST m=+10084.311972572,66.59146881103516
2023-06-27 21:57:00.820810667 +0200 CEST m=+10084.311981987,64.93024444580078
2023-06-27 21:57:00.820822055 +0200 CEST m=+10084.311993380,62.21419143676758
2023-06-27 21:57:00.820835671 +0200 CEST m=+10084.312006995,60.604347229003906
2023-06-27 21:57:00.820848032 +0200 CEST m=+10084.312019356,58.523681640625
2023-06-27 21:57:00.820860423 +0200 CEST m=+10084.312031748,56.941646575927734
2023-06-27 21:57:00.820871902 +0200 CEST m=+10084.312043226,54.939598083496094
2023-06-27 21:57:00.820885038 +0200 CEST m=+10084.312056358,53.070838928222656
2023-06-27 21:57:00.820897292 +0200 CEST m=+10084.312068614,51.19189453125
2023-06-27 21:57:00.820986888 +0200 CEST m=+10084.312158211,49.3101921081543
2023-06-27 21:57:00.821173434 +0200 CEST m=+10084.312344758,47.43315887451172
2023-06-27 21:57:00.836728581 +0200 CEST m=+10084.327899904,45.56819152832031
2023-06-27 21:57:00.836744836 +0200 CEST m=+10084.327916164,43.72264099121094
2023-06-27 21:57:00.836762713 +0200 CEST m=+10084.327934041,41.903770446777344
2023-06-27 21:57:00.836780209 +0200 CEST m=+10084.327951538,40.11872100830078
2023-06-27 21:57:00.83679714 +0200 CEST m=+10084.327968464,38.374507904052734
2023-06-27 21:57:00.836807013 +0200 CEST m=+10084.327978339,36.6779670715332
2023-06-27 21:57:00.836819014 +0200 CEST m=+10084.327990337,35.07180404663086
2023-06-27 21:57:00.83683123 +0200 CEST m=+10084.328002557,34.570716857910156
2023-06-27 21:57:00.836843739 +0200 CEST m=+10084.328015062,34.13102340698242
2023-06-27 21:57:00.836856181 +0200 CEST m=+10084.328027506,33.754390716552734
2023-06-27 21:57:00.836870497 +0200 CEST m=+10084.328041820,33.442237854003906
2023-06-27 21:57:00.836878647 +0200 CEST m=+10084.328049971,33.19573211669922
2023-06-27 21:57:00.836885512 +0200 CEST m=+10084.328056836,33.01577377319336
2023-06-27 21:57:00.836933722 +0200 CEST m=+10084.328105046,32.903011322021484
2023-06-27 21:57:00.837068113 +0200 CEST m=+10084.328239436,32.86143493652344
2023-06-27 21:57:00.837197438 +0200 CEST m=+10084.328368762,32.86317825317383
2023-06-27 21:57:00.852762092 +0200 CEST m=+10084.343933422,32.90819549560547
2023-06-27 21:57:00.852776035 +0200 CEST m=+10084.343947361,32.996337890625
2023-06-27 21:57:00.852791132 +0200 CEST m=+10084.343962458,33.127349853515625
2023-06-27 21:57:00.852804034 +0200 CEST m=+10084.343975359,33.30086135864258
2023-06-27 21:57:00.852816835 +0200 CEST m=+10084.343988164,33.51639938354492
2023-06-27 21:57:00.85282823 +0200 CEST m=+10084.343999551,33.773380279541016
2023-06-27 21:57:00.852838438 +0200 CEST m=+10084.344009761,34.071128845214844
2023-06-27 21:57:00.852847449 +0200 CEST m=+10084.344018772,34.40885543823242
2023-06-27 21:57:00.852857787 +0200 CEST m=+10084.344029108,34.785667419433594
2023-06-27 21:57:00.852867223 +0200 CEST m=+10084.344038545,35.20058822631836
2023-06-27 21:57:00.852877786 +0200 CEST m=+10084.344049106,34.83100128173828
2023-06-27 21:57:00.852891253 +0200 CEST m=+10084.344062575,34.46431350708008
2023-06-27 21:57:00.852904232 +0200 CEST m=+10084.344075551,34.137168884277344
2023-06-27 21:57:00.852967946 +0200 CEST m=+10084.344139268,33.85035705566406
2023-06-27 21:57:00.853162558 +0200 CEST m=+10084.344333878,33.60456848144531
2023-06-27 21:57:00.853297175 +0200 CEST m=+10084.344468498,33.400390625
2023-06-27 21:57:00.868697099 +0200 CEST m=+10084.359868419,33.23830795288086
2023-06-27 21:57:00.868707895 +0200 CEST m=+10084.359879217,33.118690490722656
2023-06-27 21:57:00.868718095 +0200 CEST m=+10084.359889418,33.04180145263672
2023-06-27 21:57:00.868724816 +0200 CEST m=+10084.359896138,33.007808685302734
2023-06-27 21:57:00.868733817 +0200 CEST m=+10084.359905139,33.016754150390625
2023-06-27 21:57:00.868740487 +0200 CEST m=+10084.359911809,33.06857681274414
2023-06-27 21:57:00.868749003 +0200 CEST m=+10084.359920325,33.16312026977539
2023-06-27 21:57:00.868756757 +0200 CEST m=+10084.359928079,33.30010223388672
2023-06-27 21:57:00.868763213 +0200 CEST m=+10084.359934534,33.4791374206543
2023-06-27 21:57:00.868770083 +0200 CEST m=+10084.359941406,33.69974899291992
2023-06-27 21:57:00.86877809 +0200 CEST m=+10084.359949411,33.961334228515625
2023-06-27 21:57:00.868785537 +0200 CEST m=+10084.359956859,34.26320266723633
2023-06-27 21:57:00.868793092 +0200 CEST m=+10084.359964414,34.60456085205078
2023-06-27 21:57:00.868902849 +0200 CEST m=+10084.360074175,35.085411071777344
2023-06-27 21:57:00.869053594 +0200 CEST m=+10084.360224917,36.1558837890625
2023-06-27 21:57:00.869253638 +0200 CEST m=+10084.360424964,37.81085205078125
2023-06-27 21:57:00.884814161 +0200 CEST m=+10084.375985480,39.51215744018555
2023-06-27 21:57:00.884819964 +0200 CEST m=+10084.375991284,41.25303268432617
2023-06-27 21:57:00.884828818 +0200 CEST m=+10084.376000138,43.026573181152344
2023-06-27 21:57:00.884835964 +0200 CEST m=+10084.376007292,44.825748443603516
2023-06-27 21:57:00.884865982 +0200 CEST m=+10084.376037303,46.64342498779297
2023-06-27 21:57:00.88488129 +0200 CEST m=+10084.376052610,48.472412109375
2023-06-27 21:57:00.884902489 +0200 CEST m=+10084.376073809,50.30548858642578
2023-06-27 21:57:00.884926117 +0200 CEST m=+10084.376097436,52.135414123535156
2023-06-27 21:57:00.884954426 +0200 CEST m=+10084.376125746,53.9549674987793
2023-06-27 21:57:00.884972597 +0200 CEST m=+10084.376143917,55.756988525390625
2023-06-27 21:57:00.884978671 +0200 CEST m=+10084.376149991,57.53437805175781
2023-06-27 21:57:00.884985056 +0200 CEST m=+10084.376156376,59.2801513671875
2023-06-27 21:57:00.884990727 +0200 CEST m=+10084.376162048,60.98746109008789
2023-06-27 21:57:00.885089134 +0200 CEST m=+10084.376260453,62.649600982666016
2023-06-27 21:57:00.885249355 +0200 CEST m=+10084.376420676,65.17464447021484
2023-06-27 21:57:00.885409071 +0200 CEST m=+10084.376580396,65.90129852294922
2023-06-27 21:57:00.900762211 +0200 CEST m=+10084.391933549,66.37828063964844
2023-06-27 21:57:00.900788726 +0200 CEST m=+10084.391960062,66.7134017944336
2023-06-27 21:57:00.900813216 +0200 CEST m=+10084.391984552,67.00628662109375
2023-06-27 21:57:00.900833376 +0200 CEST m=+10084.392004714,67.2562026977539
2023-06-27 21:57:00.900853082 +0200 CEST m=+10084.392024419,67.4625244140625
2023-06-27 21:57:00.900877684 +0200 CEST m=+10084.392049023,67.62472534179688
2023-06-27 21:57:00.900898848 +0200 CEST m=+10084.392070185,67.74240112304688
2023-06-27 21:57:00.9009219 +0200 CEST m=+10084.392093239,67.81525421142578
2023-06-27 21:57:00.900947561 +0200 CEST m=+10084.392118898,67.84309387207031
2023-06-27 21:57:00.900976692 +0200 CEST m=+10084.392148029,67.82587432861328
2023-06-27 21:57:00.901002146 +0200 CEST m=+10084.392173484,67.76361846923828
2023-06-27 21:57:00.901040921 +0200 CEST m=+10084.392212257,67.656494140625
2023-06-27 21:57:00.901068279 +0200 CEST m=+10084.392239640,67.50476837158203
2023-06-27 21:57:00.901215032 +0200 CEST m=+10084.392386379,69.3167495727539
2023-06-27 21:57:00.90183703 +0200 CEST m=+10084.393008371,69.06193542480469
2023-06-27 21:57:00.9023043 +0200 CEST m=+10084.393475643,68.75859832763672
2023-06-27 21:57:00.916750264 +0200 CEST m=+10084.407921603,68.40743255615234
2023-06-27 21:57:00.916765884 +0200 CEST m=+10084.407937219,68.00927734375
2023-06-27 21:57:00.916783228 +0200 CEST m=+10084.407954564,67.5650634765625
2023-06-27 21:57:00.916812184 +0200 CEST m=+10084.407983558,67.53633117675781
2023-06-27 21:57:00.916844682 +0200 CEST m=+10084.408016019,68.00774383544922
2023-06-27 21:57:00.916879867 +0200 CEST m=+10084.408051203,68.4342269897461
2023-06-27 21:57:00.9169103 +0200 CEST m=+10084.408081647,68.81464385986328
2023-06-27 21:57:00.916938905 +0200 CEST m=+10084.408110251,69.1479721069336
2023-06-27 21:57:00.916965598 +0200 CEST m=+10084.408136945,69.43331909179688
2023-06-27 21:57:00.916993271 +0200 CEST m=+10084.408164617,69.66989135742188
2023-06-27 21:57:00.917020097 +0200 CEST m=+10084.408191445,69.8570327758789
2023-06-27 21:57:00.917045669 +0200 CEST m=+10084.408217015,69.99420166015625
2023-06-27 21:57:00.917072513 +0200 CEST m=+10084.408243858,70.08099365234375
2023-06-27 21:57:00.917252006 +0200 CEST m=+10084.408423348,70.11711883544922
2023-06-27 21:57:00.917783195 +0200 CEST m=+10084.408954541,70.10242462158203
2023-06-27 21:57:00.918102139 +0200 CEST m=+10084.409273521,70.03688049316406
2023-06-27 21:57:00.932711459 +0200 CEST m=+10084.423882787,69.88361358642578
2023-06-27 21:57:00.932727554 +0200 CEST m=+10084.423898886,69.65154266357422
2023-06-27 21:57:00.932747363 +0200 CEST m=+10084.423918692,69.34146118164062
2023-06-27 21:57:00.932763761 +0200 CEST m=+10084.423935090,68.9544677734375
2023-06-27 21:57:00.932781382 +0200 CEST m=+10084.423952710,68.4919662475586
2023-06-27 21:57:00.932799009 +0200 CEST m=+10084.423970336,67.95567321777344
2023-06-27 21:57:00.93281583 +0200 CEST m=+10084.423987158,66.96580505371094
2023-06-27 21:57:00.932835962 +0200 CEST m=+10084.424007291,65.01604461669922
2023-06-27 21:57:00.932855868 +0200 CEST m=+10084.424027196,63.00386428833008
2023-06-27 21:57:00.932874262 +0200 CEST m=+10084.424045591,60.93711471557617
2023-06-27 21:57:00.932891654 +0200 CEST m=+10084.424062983,58.823883056640625
2023-06-27 21:57:00.932909056 +0200 CEST m=+10084.424080386,56.672447204589844
2023-06-27 21:57:00.932925185 +0200 CEST m=+10084.424096517,54.49124526977539
2023-06-27 21:57:00.933065702 +0200 CEST m=+10084.424237036,52.28885269165039
2023-06-27 21:57:00.933399843 +0200 CEST m=+10084.424571173,50.073944091796875
2023-06-27 21:57:00.933679101 +0200 CEST m=+10084.424850429,47.855247497558594
2023-06-27 21:57:00.948733151 +0200 CEST m=+10084.439904484,45.66742706298828
2023-06-27 21:57:00.948750008 +0200 CEST m=+10084.439921331,43.657466888427734
2023-06-27 21:57:00.948768222 +0200 CEST m=+10084.439939546,42.0438232421875
2023-06-27 21:57:00.94878424 +0200 CEST m=+10084.439955563,40.903873443603516
2023-06-27 21:57:00.948791075 +0200 CEST m=+10084.439962398,39.4376335144043
2023-06-27 21:57:00.948797963 +0200 CEST m=+10084.439969286,37.99871826171875
2023-06-27 21:57:00.948805398 +0200 CEST m=+10084.439976720,36.686336517333984
2023-06-27 21:57:00.948812505 +0200 CEST m=+10084.439983827,35.32334899902344
2023-06-27 21:57:00.948822022 +0200 CEST m=+10084.439993345,34.47870635986328
2023-06-27 21:57:00.94882937 +0200 CEST m=+10084.440000693,34.08023452758789
2023-06-27 21:57:00.948837224 +0200 CEST m=+10084.440008546,33.72218704223633
2023-06-27 21:57:00.948844835 +0200 CEST m=+10084.440016156,34.32032012939453
2023-06-27 21:57:00.948852987 +0200 CEST m=+10084.440024309,34.06697082519531
2023-06-27 21:57:00.948992356 +0200 CEST m=+10084.440163680,33.85418701171875
2023-06-27 21:57:00.949227929 +0200 CEST m=+10084.440399252,33.682456970214844
2023-06-27 21:57:00.94937583 +0200 CEST m=+10084.440547155,33.552162170410156
2023-06-27 21:57:00.964813484 +0200 CEST m=+10084.455984804,33.46357345581055
2023-06-27 21:57:00.964821166 +0200 CEST m=+10084.455992486,33.4168586730957
2023-06-27 21:57:00.964829714 +0200 CEST m=+10084.456001035,33.412086486816406
2023-06-27 21:57:00.964840004 +0200 CEST m=+10084.456011325,33.4492073059082
2023-06-27 21:57:00.964847968 +0200 CEST m=+10084.456019288,33.528076171875
2023-06-27 21:57:00.964855985 +0200 CEST m=+10084.456027305,33.648433685302734
2023-06-27 21:57:00.964864825 +0200 CEST m=+10084.456036147,33.80992889404297
2023-06-27 21:57:00.96487089 +0200 CEST m=+10084.456042210,34.01209259033203
2023-06-27 21:57:00.964877346 +0200 CEST m=+10084.456048667,34.254364013671875
2023-06-27 21:57:00.96488348 +0200 CEST m=+10084.456054802,34.536075592041016
2023-06-27 21:57:00.964889679 +0200 CEST m=+10084.456060999,34.85646438598633
2023-06-27 21:57:00.964898398 +0200 CEST m=+10084.456069720,35.21467208862305
2023-06-27 21:57:00.964905454 +0200 CEST m=+10084.456076775,35.6097412109375
2023-06-27 21:57:00.965214493 +0200 CEST m=+10084.456385815,35.45441436767578
2023-06-27 21:57:00.965376906 +0200 CEST m=+10084.456548233,35.09476852416992
2023-06-27 21:57:00.980681 +0200 CEST m=+10084.471852347,34.77323913574219
2023-06-27 21:57:00.980721331 +0200 CEST m=+10084.471892663,34.49059295654297
2023-06-27 21:57:00.980746586 +0200 CEST m=+10084.471917917,34.24748611450195
2023-06-27 21:57:00.980766726 +0200 CEST m=+10084.471938060,34.00005340576172
2023-06-27 21:57:00.980786571 +0200 CEST m=+10084.471958043,33.8161506652832
2023-06-27 21:57:00.980807947 +0200 CEST m=+10084.471979280,33.69639205932617
2023-06-27 21:57:00.980827738 +0200 CEST m=+10084.471999069,33.64114761352539
2023-06-27 21:57:00.980848721 +0200 CEST m=+10084.472020054,33.6505241394043
2023-06-27 21:57:00.980869355 +0200 CEST m=+10084.472040690,33.7243766784668
2023-06-27 21:57:00.980889804 +0200 CEST m=+10084.472061138,33.8623046875
2023-06-27 21:57:00.980908835 +0200 CEST m=+10084.472080167,34.063663482666016
2023-06-27 21:57:00.980926867 +0200 CEST m=+10084.472098199,34.327545166015625
2023-06-27 21:57:00.980945023 +0200 CEST m=+10084.472116354,34.652809143066406
2023-06-27 21:57:00.980965964 +0200 CEST m=+10084.472137297,35.038063049316406
2023-06-27 21:57:00.981159628 +0200 CEST m=+10084.472330981,35.481689453125
2023-06-27 21:57:00.981490693 +0200 CEST m=+10084.472662031,36.08391571044922
2023-06-27 21:57:00.996716219 +0200 CEST m=+10084.487887561,37.657447814941406
2023-06-27 21:57:00.996736375 +0200 CEST m=+10084.487907699,39.27701950073242
2023-06-27 21:57:00.996744064 +0200 CEST m=+10084.487915388,40.936153411865234
2023-06-27 21:57:00.996751646 +0200 CEST m=+10084.487922970,42.62824249267578
2023-06-27 21:57:00.996760674 +0200 CEST m=+10084.487931997,44.346553802490234
2023-06-27 21:57:00.996768952 +0200 CEST m=+10084.487940274,45.735496520996094
2023-06-27 21:57:00.996777899 +0200 CEST m=+10084.487949222,47.13332748413086
2023-06-27 21:57:00.996787598 +0200 CEST m=+10084.487958922,48.536502838134766
2023-06-27 21:57:00.996795549 +0200 CEST m=+10084.487966871,49.94147491455078
2023-06-27 21:57:00.996803164 +0200 CEST m=+10084.487974488,51.34468460083008
2023-06-27 21:57:00.996812212 +0200 CEST m=+10084.487983536,52.74259567260742
2023-06-27 21:57:00.996821743 +0200 CEST m=+10084.487993068,54.131683349609375
2023-06-27 21:57:00.996840941 +0200 CEST m=+10084.488012273,55.50844955444336
2023-06-27 21:57:00.996859228 +0200 CEST m=+10084.488030562,56.86943054199219
2023-06-27 21:57:00.997068882 +0200 CEST m=+10084.488240207,58.211212158203125
2023-06-27 21:57:00.997248626 +0200 CEST m=+10084.488419956,59.53042984008789
2023-06-27 21:57:01.01271442 +0200 CEST m=+10084.503885742,60.82378005981445
2023-06-27 21:57:01.012724443 +0200 CEST m=+10084.503895765,62.088035583496094
2023-06-27 21:57:01.012731253 +0200 CEST m=+10084.503902575,63.32004165649414
2023-06-27 21:57:01.01273781 +0200 CEST m=+10084.503909131,64.08078002929688
2023-06-27 21:57:01.012744867 +0200 CEST m=+10084.503916188,64.43628692626953
2023-06-27 21:57:01.012752556 +0200 CEST m=+10084.503923879,64.75485229492188
2023-06-27 21:57:01.012759175 +0200 CEST m=+10084.503930497,65.03572845458984
2023-06-27 21:57:01.012767371 +0200 CEST m=+10084.503938694,65.27823638916016
2023-06-27 21:57:01.01277384 +0200 CEST m=+10084.503945162,65.48184204101562
2023-06-27 21:57:01.012783553 +0200 CEST m=+10084.503954882,65.64606475830078
2023-06-27 21:57:01.012801008 +0200 CEST m=+10084.503972335,65.77055358886719
2023-06-27 21:57:01.012815175 +0200 CEST m=+10084.503986502,65.85504913330078
2023-06-27 21:57:01.012834937 +0200 CEST m=+10084.504006265,65.89938354492188
2023-06-27 21:57:01.012906088 +0200 CEST m=+10084.504077410,65.90351104736328
2023-06-27 21:57:01.013072641 +0200 CEST m=+10084.504243968,65.86746978759766
2023-06-27 21:57:01.013282226 +0200 CEST m=+10084.504453553,65.7914047241211
2023-06-27 21:57:01.028748517 +0200 CEST m=+10084.519919847,65.67557525634766
2023-06-27 21:57:01.028756209 +0200 CEST m=+10084.519927530,65.52031707763672
2023-06-27 21:57:01.028765127 +0200 CEST m=+10084.519936448,65.3260726928711
2023-06-27 21:57:01.028775285 +0200 CEST m=+10084.519946604,71.5979995727539
2023-06-27 21:57:01.028787944 +0200 CEST m=+10084.519959265,71.25607299804688
2023-06-27 21:57:01.028796858 +0200 CEST m=+10084.519968180,70.75164794921875
2023-06-27 21:57:01.028805642 +0200 CEST m=+10084.519976962,70.16323852539062
2023-06-27 21:57:01.028812383 +0200 CEST m=+10084.519983702,70.01852416992188
2023-06-27 21:57:01.028819438 +0200 CEST m=+10084.519990757,70.70341491699219
2023-06-27 21:57:01.028825556 +0200 CEST m=+10084.519996876,71.30875396728516
2023-06-27 21:57:01.028831481 +0200 CEST m=+10084.520002801,71.83186340332031
2023-06-27 21:57:01.028837347 +0200 CEST m=+10084.520008668,72.27037811279297
2023-06-27 21:57:01.028844221 +0200 CEST m=+10084.520015541,72.62226104736328
2023-06-27 21:57:01.029016666 +0200 CEST m=+10084.520187986,72.88580322265625
2023-06-27 21:57:01.029175824 +0200 CEST m=+10084.520347152,73.05966186523438
2023-06-27 21:57:01.029360084 +0200 CEST m=+10084.520531409,73.142822265625
2023-06-27 21:57:01.044734425 +0200 CEST m=+10084.535905753,73.13463592529297
2023-06-27 21:57:01.044750999 +0200 CEST m=+10084.535922323,73.03482055664062
2023-06-27 21:57:01.044762719 +0200 CEST m=+10084.535934042,72.84345245361328
2023-06-27 21:57:01.044775671 +0200 CEST m=+10084.535947006,72.56095123291016
2023-06-27 21:57:01.044787647 +0200 CEST m=+10084.535958970,72.18814086914062
2023-06-27 21:57:01.0447997 +0200 CEST m=+10084.535971034,71.72618103027344
2023-06-27 21:57:01.044813195 +0200 CEST m=+10084.535984517,71.17658996582031
2023-06-27 21:57:01.044820873 +0200 CEST m=+10084.535992195,70.5412368774414
2023-06-27 21:57:01.044827906 +0200 CEST m=+10084.535999229,69.23453521728516
2023-06-27 21:57:01.044836235 +0200 CEST m=+10084.536007558,67.43193054199219
2023-06-27 21:57:01.044843572 +0200 CEST m=+10084.536014894,64.11665344238281
2023-06-27 21:57:01.044851062 +0200 CEST m=+10084.536022384,62.392051696777344
2023-06-27 21:57:01.044858312 +0200 CEST m=+10084.536029635,60.37042999267578
2023-06-27 21:57:01.044914683 +0200 CEST m=+10084.536086012,58.08921432495117
2023-06-27 21:57:01.045074249 +0200 CEST m=+10084.536245575,56.426509857177734
2023-06-27 21:57:01.045230581 +0200 CEST m=+10084.536401903,54.74641036987305
2023-06-27 21:57:01.060736045 +0200 CEST m=+10084.551907370,53.05315399169922
2023-06-27 21:57:01.060751081 +0200 CEST m=+10084.551922402,51.35100555419922
2023-06-27 21:57:01.060762917 +0200 CEST m=+10084.551934238,49.64694595336914
2023-06-27 21:57:01.06077828 +0200 CEST m=+10084.551949603,47.992218017578125
2023-06-27 21:57:01.060790297 +0200 CEST m=+10084.551961619,46.3352165222168
2023-06-27 21:57:01.060803205 +0200 CEST m=+10084.551974526,44.68687438964844
2023-06-27 21:57:01.060815297 +0200 CEST m=+10084.551986620,43.051353454589844
2023-06-27 21:57:01.060827879 +0200 CEST m=+10084.551999201,41.63359451293945
2023-06-27 21:57:01.060839639 +0200 CEST m=+10084.552010960,41.243995666503906
2023-06-27 21:57:01.06085095 +0200 CEST m=+10084.552022271,39.899559020996094
2023-06-27 21:57:01.060862203 +0200 CEST m=+10084.552033525,39.067264556884766
2023-06-27 21:57:01.060874716 +0200 CEST m=+10084.552046039,37.83992004394531
2023-06-27 21:57:01.06088744 +0200 CEST m=+10084.552058761,36.64606857299805
2023-06-27 21:57:01.060985657 +0200 CEST m=+10084.552156978,36.112754821777344
2023-06-27 21:57:01.061162028 +0200 CEST m=+10084.552333352,35.77981948852539
2023-06-27 21:57:01.061269325 +0200 CEST m=+10084.552440650,35.48355484008789
2023-06-27 21:57:01.076806744 +0200 CEST m=+10084.567978066,35.224632263183594
2023-06-27 21:57:01.076822692 +0200 CEST m=+10084.567994013,35.00361633300781
2023-06-27 21:57:01.076840992 +0200 CEST m=+10084.568012319,34.820980072021484
2023-06-27 21:57:01.07685295 +0200 CEST m=+10084.568024275,34.67710494995117
2023-06-27 21:57:01.076868901 +0200 CEST m=+10084.568040228,34.57225799560547
2023-06-27 21:57:01.076878936 +0200 CEST m=+10084.568050258,34.50661849975586
2023-06-27 21:57:01.076886574 +0200 CEST m=+10084.568057895,34.480262756347656
2023-06-27 21:57:01.076896912 +0200 CEST m=+10084.568068234,34.50251388549805
2023-06-27 21:57:01.076914474 +0200 CEST m=+10084.568085795,34.58584213256836
2023-06-27 21:57:01.076926637 +0200 CEST m=+10084.568097958,34.729736328125
2023-06-27 21:57:01.076940926 +0200 CEST m=+10084.568112248,34.9334602355957
2023-06-27 21:57:01.076959747 +0200 CEST m=+10084.568131072,35.19603729248047
2023-06-27 21:57:01.076975932 +0200 CEST m=+10084.568147255,35.51625442504883
2023-06-27 21:57:01.077054586 +0200 CEST m=+10084.568225908,35.8926887512207
2023-06-27 21:57:01.077232328 +0200 CEST m=+10084.568403660,36.32368469238281
2023-06-27 21:57:01.077403104 +0200 CEST m=+10084.568574436,36.64688491821289
2023-06-27 21:57:01.092761546 +0200 CEST m=+10084.583932872,36.2208366394043
2023-06-27 21:57:01.092782816 +0200 CEST m=+10084.583954139,35.85038757324219
2023-06-27 21:57:01.092796623 +0200 CEST m=+10084.583967947,35.536834716796875
2023-06-27 21:57:01.092809523 +0200 CEST m=+10084.583980846,35.281253814697266
2023-06-27 21:57:01.092822975 +0200 CEST m=+10084.583994298,35.0844841003418
2023-06-27 21:57:01.092835845 +0200 CEST m=+10084.584007167,34.9471321105957
2023-06-27 21:57:01.092848852 +0200 CEST m=+10084.584020176,34.86956787109375
2023-06-27 21:57:01.092863257 +0200 CEST m=+10084.584034581,34.85192108154297
2023-06-27 21:57:01.092877708 +0200 CEST m=+10084.584049031,34.89408493041992
2023-06-27 21:57:01.092890471 +0200 CEST m=+10084.584061794,34.9957160949707
2023-06-27 21:57:01.092903729 +0200 CEST m=+10084.584075053,35.156246185302734
2023-06-27 21:57:01.09291831 +0200 CEST m=+10084.584089635,35.326534271240234
2023-06-27 21:57:01.092931792 +0200 CEST m=+10084.584103113,35.53348922729492
2023-06-27 21:57:01.092959062 +0200 CEST m=+10084.584130385,35.7764892578125
2023-06-27 21:57:01.09315038 +0200 CEST m=+10084.584321707,36.054847717285156
2023-06-27 21:57:01.09334231 +0200 CEST m=+10084.584513633,36.367767333984375
2023-06-27 21:57:01.108717673 +0200 CEST m=+10084.599888996,36.714378356933594
2023-06-27 21:57:01.108771132 +0200 CEST m=+10084.599942460,37.18770217895508
2023-06-27 21:57:01.108790484 +0200 CEST m=+10084.599961811,38.3491325378418
2023-06-27 21:57:01.108807887 +0200 CEST m=+10084.599979214,39.53722381591797
2023-06-27 21:57:01.108819972 +0200 CEST m=+10084.599991298,40.7489128112793
2023-06-27 21:57:01.108832175 +0200 CEST m=+10084.600003498,41.981075286865234
2023-06-27 21:57:01.108846475 +0200 CEST m=+10084.600017799,43.23054885864258
2023-06-27 21:57:01.108865828 +0200 CEST m=+10084.600037149,44.4941291809082
2023-06-27 21:57:01.108898716 +0200 CEST m=+10084.600070039,45.768592834472656
2023-06-27 21:57:01.108912456 +0200 CEST m=+10084.600083781,47.05068588256836
2023-06-27 21:57:01.108926323 +0200 CEST m=+10084.600097646,48.3371467590332
2023-06-27 21:57:01.108939476 +0200 CEST m=+10084.600110800,49.624717712402344
2023-06-27 21:57:01.108954188 +0200 CEST m=+10084.600125512,50.91013717651367
2023-06-27 21:57:01.108968696 +0200 CEST m=+10084.600140019,52.19015884399414
2023-06-27 21:57:01.109075297 +0200 CEST m=+10084.600246619,53.4615592956543
2023-06-27 21:57:01.109269479 +0200 CEST m=+10084.600440800,54.72114562988281
2023-06-27 21:57:01.124686009 +0200 CEST m=+10084.615857332,55.96575927734375
2023-06-27 21:57:01.124704499 +0200 CEST m=+10084.615875826,57.19228744506836
2023-06-27 21:57:01.124720782 +0200 CEST m=+10084.615892109,58.397674560546875
2023-06-27 21:57:01.124735963 +0200 CEST m=+10084.615907290,59.578922271728516
2023-06-27 21:57:01.124752724 +0200 CEST m=+10084.615924050,60.73310470581055
2023-06-27 21:57:01.124767338 +0200 CEST m=+10084.615938661,61.857364654541016
2023-06-27 21:57:01.12478117 +0200 CEST m=+10084.615952495,62.735137939453125
2023-06-27 21:57:01.124795652 +0200 CEST m=+10084.615966977,63.06010818481445
2023-06-27 21:57:01.124807574 +0200 CEST m=+10084.615978899,63.351295471191406
2023-06-27 21:57:01.12482049 +0200 CEST m=+10084.615991815,63.6080436706543
2023-06-27 21:57:01.124835035 +0200 CEST m=+10084.616006359,63.879695892333984
2023-06-27 21:57:01.124848217 +0200 CEST m=+10084.616019542,64.09576416015625
2023-06-27 21:57:01.124864083 +0200 CEST m=+10084.616035407,64.25555419921875
2023-06-27 21:57:01.124967493 +0200 CEST m=+10084.616138820,64.35861206054688
2023-06-27 21:57:01.125218427 +0200 CEST m=+10084.616389754,64.40470886230469
2023-06-27 21:57:01.125342881 +0200 CEST m=+10084.616514207,72.5430679321289
2023-06-27 21:57:01.140744426 +0200 CEST m=+10084.631915746,72.51422882080078
2023-06-27 21:57:01.140756021 +0200 CEST m=+10084.631927340,71.99641418457031
2023-06-27 21:57:01.140762091 +0200 CEST m=+10084.631933411,71.79043579101562
2023-06-27 21:57:01.140777851 +0200 CEST m=+10084.631949182,69.98764038085938
2023-06-27 21:57:01.14078551 +0200 CEST m=+10084.631956830,69.62596893310547
2023-06-27 21:57:01.14079112 +0200 CEST m=+10084.631962439,69.18574523925781
2023-06-27 21:57:01.140799343 +0200 CEST m=+10084.631970663,68.66850280761719
2023-06-27 21:57:01.140806256 +0200 CEST m=+10084.631977575,68.07609558105469
2023-06-27 21:57:01.140820026 +0200 CEST m=+10084.631991357,68.67772674560547
2023-06-27 21:57:01.140833449 +0200 CEST m=+10084.632004773,69.25081634521484
2023-06-27 21:57:01.140844954 +0200 CEST m=+10084.632016280,69.7492446899414
2023-06-27 21:57:01.140856874 +0200 CEST m=+10084.632028199,70.17084503173828
2023-06-27 21:57:01.140868355 +0200 CEST m=+10084.632039680,70.51375579833984
2023-06-27 21:57:01.14094292 +0200 CEST m=+10084.632114243,70.73036193847656
2023-06-27 21:57:01.141097626 +0200 CEST m=+10084.632268946,70.89495086669922
2023-06-27 21:57:01.141221952 +0200 CEST m=+10084.632393272,71.00699615478516
2023-06-27 21:57:01.156717045 +0200 CEST m=+10084.647888397,71.06610870361328
2023-06-27 21:57:01.156749563 +0200 CEST m=+10084.647920918,71.07202911376953
2023-06-27 21:57:01.156778575 +0200 CEST m=+10084.647949930,71.02462768554688
2023-06-27 21:57:01.156820547 +0200 CEST m=+10084.647991899,70.9239273071289
2023-06-27 21:57:01.156858816 +0200 CEST m=+10084.648030174,70.77007293701172
2023-06-27 21:57:01.156895924 +0200 CEST m=+10084.648067273,70.56333923339844
2023-06-27 21:57:01.156949623 +0200 CEST m=+10084.648120966,70.30414581298828
2023-06-27 21:57:01.156993425 +0200 CEST m=+10084.648164773,69.9930419921875
2023-06-27 21:57:01.157025354 +0200 CEST m=+10084.648196704,69.6307144165039
2023-06-27 21:57:01.157062557 +0200 CEST m=+10084.648233913,69.21797943115234
2023-06-27 21:57:01.157105718 +0200 CEST m=+10084.648277069,68.75576782226562
2023-06-27 21:57:01.157140317 +0200 CEST m=+10084.648311670,67.8436279296875
2023-06-27 21:57:01.157166681 +0200 CEST m=+10084.648338032,66.21466827392578
2023-06-27 21:57:01.157195811 +0200 CEST m=+10084.648367164,64.54138946533203
2023-06-27 21:57:01.157259012 +0200 CEST m=+10084.648430367,62.6790771484375
2023-06-27 21:57:01.157654932 +0200 CEST m=+10084.648826278,60.949337005615234
2023-06-27 21:57:01.172781336 +0200 CEST m=+10084.663952663,58.98670959472656
2023-06-27 21:57:01.172790391 +0200 CEST m=+10084.663961718,57.19353485107422
2023-06-27 21:57:01.17280063 +0200 CEST m=+10084.663971956,54.95464324951172
2023-06-27 21:57:01.172811554 +0200 CEST m=+10084.663982881,53.33366012573242
2023-06-27 21:57:01.172820279 +0200 CEST m=+10084.663991606,51.703468322753906
2023-06-27 21:57:01.172830193 +0200 CEST m=+10084.664001520,50.06818771362305
2023-06-27 21:57:01.172841155 +0200 CEST m=+10084.664012482,48.43193817138672
2023-06-27 21:57:01.172850618 +0200 CEST m=+10084.664021945,46.79886245727539
2023-06-27 21:57:01.172860214 +0200 CEST m=+10084.664031541,45.17308807373047
2023-06-27 21:57:01.172869697 +0200 CEST m=+10084.664041024,43.558719635009766
2023-06-27 21:57:01.172878195 +0200 CEST m=+10084.664049520,41.9598503112793
2023-06-27 21:57:01.172888266 +0200 CEST m=+10084.664059593,40.68504333496094
2023-06-27 21:57:01.172897633 +0200 CEST m=+10084.664068959,39.54954528808594
2023-06-27 21:57:01.173045553 +0200 CEST m=+10084.664216894,38.1823616027832
2023-06-27 21:57:01.173289785 +0200 CEST m=+10084.664461123,36.517311096191406
2023-06-27 21:57:01.173430506 +0200 CEST m=+10084.664601839,35.156333923339844
2023-06-27 21:57:01.188710611 +0200 CEST m=+10084.679881941,34.67337417602539
2023-06-27 21:57:01.188738762 +0200 CEST m=+10084.679910094,34.25136947631836
2023-06-27 21:57:01.188755609 +0200 CEST m=+10084.679926936,33.891929626464844
2023-06-27 21:57:01.188776787 +0200 CEST m=+10084.679948119,33.596397399902344
2023-06-27 21:57:01.188795125 +0200 CEST m=+10084.679966452,33.36587905883789
2023-06-27 21:57:01.188814635 +0200 CEST m=+10084.679985969,33.20122146606445
2023-06-27 21:57:01.188846577 +0200 CEST m=+10084.680017904,33.10300064086914
2023-06-27 21:57:01.188866549 +0200 CEST m=+10084.680037876,33.07154083251953
2023-06-27 21:57:01.188888087 +0200 CEST m=+10084.680059418,33.106895446777344
2023-06-27 21:57:01.188901955 +0200 CEST m=+10084.680073289,33.208858489990234
2023-06-27 21:57:01.188923699 +0200 CEST m=+10084.680095027,33.37696075439453
2023-06-27 21:57:01.188943416 +0200 CEST m=+10084.680114747,33.610469818115234
2023-06-27 21:57:01.188961946 +0200 CEST m=+10084.680133277,33.90839767456055
2023-06-27 21:57:01.188982857 +0200 CEST m=+10084.680154186,34.269500732421875
2023-06-27 21:57:01.189127198 +0200 CEST m=+10084.680298520,34.692291259765625
2023-06-27 21:57:01.204721651 +0200 CEST m=+10084.695892977,35.073787689208984
2023-06-27 21:57:01.204734242 +0200 CEST m=+10084.695905562,35.316165924072266
2023-06-27 21:57:01.204742236 +0200 CEST m=+10084.695913556,34.9251823425293
2023-06-27 21:57:01.204751849 +0200 CEST m=+10084.695923169,34.57258605957031
2023-06-27 21:57:01.204781098 +0200 CEST m=+10084.695952418,34.259246826171875
2023-06-27 21:57:01.204788829 +0200 CEST m=+10084.695960149,33.98591232299805
2023-06-27 21:57:01.204795391 +0200 CEST m=+10084.695966711,33.75324249267578
2023-06-27 21:57:01.204801585 +0200 CEST m=+10084.695972904,33.56179428100586
2023-06-27 21:57:01.204816073 +0200 CEST m=+10084.695987393,33.412017822265625
2023-06-27 21:57:01.204836627 +0200 CEST m=+10084.696007948,33.304256439208984
2023-06-27 21:57:01.204853535 +0200 CEST m=+10084.696024855,33.23874282836914
2023-06-27 21:57:01.204868984 +0200 CEST m=+10084.696040308,33.215614318847656
2023-06-27 21:57:01.204881011 +0200 CEST m=+10084.696052335,33.234893798828125
2023-06-27 21:57:01.205256343 +0200 CEST m=+10084.696427668,33.29649353027344
2023-06-27 21:57:01.205495451 +0200 CEST m=+10084.696666774,33.40022277832031
2023-06-27 21:57:01.205735287 +0200 CEST m=+10084.696906610,33.54579162597656
2023-06-27 21:57:01.220711415 +0200 CEST m=+10084.711882735,33.732791900634766
2023-06-27 21:57:01.220751538 +0200 CEST m=+10084.711922862,33.96072006225586
2023-06-27 21:57:01.220784047 +0200 CEST m=+10084.711955367,34.22896194458008
2023-06-27 21:57:01.220790989 +0200 CEST m=+10084.711962309,34.53681182861328
2023-06-27 21:57:01.220797375 +0200 CEST m=+10084.711968696,34.883460998535156
2023-06-27 21:57:01.220804986 +0200 CEST m=+10084.711976306,35.26799774169922
2023-06-27 21:57:01.220810841 +0200 CEST m=+10084.711982161,36.00436019897461
2023-06-27 21:57:01.220818745 +0200 CEST m=+10084.711990066,37.30009078979492
2023-06-27 21:57:01.220824775 +0200 CEST m=+10084.711996095,38.62682342529297
2023-06-27 21:57:01.220837082 +0200 CEST m=+10084.712008404,39.981178283691406
2023-06-27 21:57:01.220848117 +0200 CEST m=+10084.712019438,41.359710693359375
2023-06-27 21:57:01.220859723 +0200 CEST m=+10084.712031044,42.7589225769043
2023-06-27 21:57:01.220865422 +0200 CEST m=+10084.712036741,44.175262451171875
2023-06-27 21:57:01.220893829 +0200 CEST m=+10084.712065153,45.60513687133789
2023-06-27 21:57:01.221114138 +0200 CEST m=+10084.712285462,47.044921875
2023-06-27 21:57:01.221290362 +0200 CEST m=+10084.712461686,48.8530387878418
2023-06-27 21:57:01.236695167 +0200 CEST m=+10084.727866500,50.301780700683594
2023-06-27 21:57:01.236744159 +0200 CEST m=+10084.727915496,52.10951614379883
2023-06-27 21:57:01.236767993 +0200 CEST m=+10084.727939330,53.90705490112305
2023-06-27 21:57:01.236787528 +0200 CEST m=+10084.727958871,55.68730926513672
2023-06-27 21:57:01.236815076 +0200 CEST m=+10084.727986413,57.44327163696289
2023-06-27 21:57:01.236838823 +0200 CEST m=+10084.728010159,59.16804885864258
2023-06-27 21:57:01.236858512 +0200 CEST m=+10084.728029849,60.8548583984375
2023-06-27 21:57:01.236884419 +0200 CEST m=+10084.728055756,62.49708938598633
2023-06-27 21:57:01.236905406 +0200 CEST m=+10084.728076742,64.08830261230469
2023-06-27 21:57:01.2369246 +0200 CEST m=+10084.728095936,64.75556945800781
2023-06-27 21:57:01.23694515 +0200 CEST m=+10084.728116494,65.19060516357422
2023-06-27 21:57:01.236970831 +0200 CEST m=+10084.728142168,65.56525421142578
2023-06-27 21:57:01.236990642 +0200 CEST m=+10084.728161978,65.87810516357422
2023-06-27 21:57:01.237009717 +0200 CEST m=+10084.728181055,66.12799072265625
2023-06-27 21:57:01.237255118 +0200 CEST m=+10084.728426447,66.3139877319336
2023-06-27 21:57:01.237518668 +0200 CEST m=+10084.728690027,66.43543243408203
2023-06-27 21:57:01.252717896 +0200 CEST m=+10084.743889221,70.57585144042969
2023-06-27 21:57:01.252726897 +0200 CEST m=+10084.743898222,70.59965515136719
2023-06-27 21:57:01.252767095 +0200 CEST m=+10084.743938419,70.56008911132812
2023-06-27 21:57:01.25277475 +0200 CEST m=+10084.743946074,70.46843719482422
2023-06-27 21:57:01.252781808 +0200 CEST m=+10084.743953132,69.84508514404297
2023-06-27 21:57:01.2527926 +0200 CEST m=+10084.743963932,69.65181732177734
2023-06-27 21:57:01.25280964 +0200 CEST m=+10084.743980978,69.40853118896484
2023-06-27 21:57:01.25282662 +0200 CEST m=+10084.743997944,69.11576843261719
2023-06-27 21:57:01.252839555 +0200 CEST m=+10084.744010881,68.77420043945312
2023-06-27 21:57:01.252853113 +0200 CEST m=+10084.744024438,68.38460540771484
2023-06-27 21:57:01.252866868 +0200 CEST m=+10084.744038193,67.9478988647461
2023-06-27 21:57:01.252880746 +0200 CEST m=+10084.744052069,67.67758178710938
2023-06-27 21:57:01.252898627 +0200 CEST m=+10084.744069955,68.16999816894531
2023-06-27 21:57:01.2529139 +0200 CEST m=+10084.744085229,68.61722564697266
2023-06-27 21:57:01.253095173 +0200 CEST m=+10084.744266501,69.01806640625
2023-06-27 21:57:01.253260998 +0200 CEST m=+10084.744432321,69.3714370727539
2023-06-27 21:57:01.268769554 +0200 CEST m=+10084.759940879,69.67636108398438
2023-06-27 21:57:01.268788699 +0200 CEST m=+10084.759960024,69.93199920654297
2023-06-27 21:57:01.268800067 +0200 CEST m=+10084.759971391,70.13762664794922
2023-06-27 21:57:01.268814044 +0200 CEST m=+10084.759985369,70.29264068603516
2023-06-27 21:57:01.268828942 +0200 CEST m=+10084.760000266,70.39656829833984
2023-06-27 21:57:01.268840932 +0200 CEST m=+10084.760012256,70.44906616210938
2023-06-27 21:57:01.268855406 +0200 CEST m=+10084.760026730,70.4499282836914
2023-06-27 21:57:01.268869295 +0200 CEST m=+10084.760040619,70.3990707397461
2023-06-27 21:57:01.268881306 +0200 CEST m=+10084.760052631,70.29653930664062
2023-06-27 21:57:01.268896887 +0200 CEST m=+10084.760068211,70.14250946044922
2023-06-27 21:57:01.26890886 +0200 CEST m=+10084.760080184,69.93729400634766
2023-06-27 21:57:01.268921136 +0200 CEST m=+10084.760092461,69.68133544921875
2023-06-27 21:57:01.26893317 +0200 CEST m=+10084.760104494,69.37519836425781
2023-06-27 21:57:01.269027439 +0200 CEST m=+10084.760198760,69.01958465576172
2023-06-27 21:57:01.269273813 +0200 CEST m=+10084.760445133,68.61531066894531
2023-06-27 21:57:01.269466852 +0200 CEST m=+10084.760638180,68.163330078125
2023-06-27 21:57:01.284748619 +0200 CEST m=+10084.775919947,67.27594757080078
2023-06-27 21:57:01.284762246 +0200 CEST m=+10084.775933570,65.2931900024414
2023-06-27 21:57:01.284832616 +0200 CEST m=+10084.776003937,63.24616241455078
2023-06-27 21:57:01.284839758 +0200 CEST m=+10084.776011079,61.142826080322266
2023-06-27 21:57:01.284845426 +0200 CEST m=+10084.776016747,58.991397857666016
2023-06-27 21:57:01.284851582 +0200 CEST m=+10084.776022902,56.80028533935547
2023-06-27 21:57:01.284858195 +0200 CEST m=+10084.776029515,54.57807922363281
2023-06-27 21:57:01.28486445 +0200 CEST m=+10084.776035770,52.17237091064453
2023-06-27 21:57:01.284870483 +0200 CEST m=+10084.776041804,50.07015609741211
2023-06-27 21:57:01.284877182 +0200 CEST m=+10084.776048502,47.96580505371094
2023-06-27 21:57:01.284884267 +0200 CEST m=+10084.776055586,45.86763000488281
2023-06-27 21:57:01.284890031 +0200 CEST m=+10084.776061351,43.78391647338867
2023-06-27 21:57:01.284896635 +0200 CEST m=+10084.776067956,41.7229118347168
2023-06-27 21:57:01.284932952 +0200 CEST m=+10084.776104271,39.76245880126953
2023-06-27 21:57:01.285046294 +0200 CEST m=+10084.776217615,40.24248123168945
2023-06-27 21:57:01.285162856 +0200 CEST m=+10084.776334175,38.72185134887695
2023-06-27 21:57:01.300676462 +0200 CEST m=+10084.791847781,37.25031661987305
2023-06-27 21:57:01.300689914 +0200 CEST m=+10084.791861234,36.44281005859375
2023-06-27 21:57:01.300696497 +0200 CEST m=+10084.791867818,36.04349899291992
2023-06-27 21:57:01.300703413 +0200 CEST m=+10084.791874733,35.700462341308594
2023-06-27 21:57:01.30071409 +0200 CEST m=+10084.791885411,35.46735763549805
2023-06-27 21:57:01.300720099 +0200 CEST m=+10084.791891418,35.27152633666992
2023-06-27 21:57:01.300728723 +0200 CEST m=+10084.791900042,35.113380432128906
2023-06-27 21:57:01.300737877 +0200 CEST m=+10084.791909197,34.993221282958984
2023-06-27 21:57:01.30074383 +0200 CEST m=+10084.791915149,34.9112663269043
2023-06-27 21:57:01.300750727 +0200 CEST m=+10084.791922047,34.86762237548828
2023-06-27 21:57:01.300758286 +0200 CEST m=+10084.791929607,34.86231231689453
2023-06-27 21:57:01.300765278 +0200 CEST m=+10084.791936600,34.89525604248047
2023-06-27 21:57:01.300773358 +0200 CEST m=+10084.791944678,34.966270446777344
2023-06-27 21:57:01.300906579 +0200 CEST m=+10084.792077900,35.0750846862793
2023-06-27 21:57:01.301055971 +0200 CEST m=+10084.792227292,35.22133255004883
2023-06-27 21:57:01.301156563 +0200 CEST m=+10084.792327883,35.40454864501953
2023-06-27 21:57:01.3167652 +0200 CEST m=+10084.807936536,35.62417984008789
2023-06-27 21:57:01.316801772 +0200 CEST m=+10084.807973101,35.879581451416016
2023-06-27 21:57:01.316813285 +0200 CEST m=+10084.807984613,36.170021057128906
2023-06-27 21:57:01.316824246 +0200 CEST m=+10084.807995574,36.49467468261719
2023-06-27 21:57:01.316834258 +0200 CEST m=+10084.808005586,36.85263442993164
2023-06-27 21:57:01.316844488 +0200 CEST m=+10084.808015817,36.89891052246094
2023-06-27 21:57:01.316855052 +0200 CEST m=+10084.808026383,36.57213592529297
2023-06-27 21:57:01.316866173 +0200 CEST m=+10084.808037501,36.280094146728516
2023-06-27 21:57:01.316878172 +0200 CEST m=+10084.808049501,36.0234375
2023-06-27 21:57:01.316888508 +0200 CEST m=+10084.808059894,35.802730560302734
2023-06-27 21:57:01.316898203 +0200 CEST m=+10084.808069532,35.618438720703125
2023-06-27 21:57:01.316907738 +0200 CEST m=+10084.808079066,35.4709358215332
2023-06-27 21:57:01.316918305 +0200 CEST m=+10084.808089636,35.360504150390625
2023-06-27 21:57:01.317039335 +0200 CEST m=+10084.808210664,35.287330627441406
2023-06-27 21:57:01.31729873 +0200 CEST m=+10084.808470066,35.25150680541992
2023-06-27 21:57:01.317634837 +0200 CEST m=+10084.808806166,35.253028869628906
2023-06-27 21:57:01.332799793 +0200 CEST m=+10084.823971121,35.29180145263672
2023-06-27 21:57:01.332817922 +0200 CEST m=+10084.823989250,35.36762619018555
2023-06-27 21:57:01.332829081 +0200 CEST m=+10084.824000408,35.480224609375
2023-06-27 21:57:01.332838195 +0200 CEST m=+10084.824009523,35.629215240478516
2023-06-27 21:57:01.332856987 +0200 CEST m=+10084.824028316,35.865909576416016
2023-06-27 21:57:01.332874782 +0200 CEST m=+10084.824046110,36.157615661621094
2023-06-27 21:57:01.332890187 +0200 CEST m=+10084.824061515,36.50300979614258
2023-06-27 21:57:01.332912127 +0200 CEST m=+10084.824083457,36.900550842285156
2023-06-27 21:57:01.332930636 +0200 CEST m=+10084.824101966,37.3485107421875
2023-06-27 21:57:01.332951657 +0200 CEST m=+10084.824122988,38.66632843017578
2023-06-27 21:57:01.332969812 +0200 CEST m=+10084.824141141,40.11581802368164
2023-06-27 21:57:01.332987248 +0200 CEST m=+10084.824158578,41.59965896606445
2023-06-27 21:57:01.33300859 +0200 CEST m=+10084.824179921,43.111881256103516
2023-06-27 21:57:01.333202663 +0200 CEST m=+10084.824373994,44.64642333984375
2023-06-27 21:57:01.333484773 +0200 CEST m=+10084.824656096,46.197147369384766
2023-06-27 21:57:01.333687311 +0200 CEST m=+10084.824858639,47.757877349853516
2023-06-27 21:57:01.348714854 +0200 CEST m=+10084.839886177,49.32241439819336
2023-06-27 21:57:01.348790689 +0200 CEST m=+10084.839962015,50.88456344604492
2023-06-27 21:57:01.348808087 +0200 CEST m=+10084.839979412,52.43816375732422
2023-06-27 21:57:01.348822951 +0200 CEST m=+10084.839994272,53.97710418701172
2023-06-27 21:57:01.348834482 +0200 CEST m=+10084.840005808,55.49535369873047
2023-06-27 21:57:01.348847471 +0200 CEST m=+10084.840018796,56.986976623535156
2023-06-27 21:57:01.348859751 +0200 CEST m=+10084.840031074,58.44617462158203
2023-06-27 21:57:01.348871209 +0200 CEST m=+10084.840042532,59.58637237548828
2023-06-27 21:57:01.348883161 +0200 CEST m=+10084.840054482,60.69936752319336
2023-06-27 21:57:01.348890762 +0200 CEST m=+10084.840062084,61.78242111206055
2023-06-27 21:57:01.348903282 +0200 CEST m=+10084.840074607,62.44749069213867
2023-06-27 21:57:01.34891622 +0200 CEST m=+10084.840087544,62.753700256347656
2023-06-27 21:57:01.348928686 +0200 CEST m=+10084.840100009,63.02688217163086
2023-06-27 21:57:01.348959693 +0200 CEST m=+10084.840131015,63.26643753051758
2023-06-27 21:57:01.349164339 +0200 CEST m=+10084.840335664,63.47184753417969
2023-06-27 21:57:01.349323337 +0200 CEST m=+10084.840494666,63.64268112182617
2023-06-27 21:57:01.364701329 +0200 CEST m=+10084.855872657,63.77859878540039
2023-06-27 21:57:01.364716543 +0200 CEST m=+10084.855887872,63.87934875488281
2023-06-27 21:57:01.364730938 +0200 CEST m=+10084.855902267,63.944766998291016
2023-06-27 21:57:01.364748476 +0200 CEST m=+10084.855919804,71.49227142333984
2023-06-27 21:57:01.364770116 +0200 CEST m=+10084.855941444,71.54192352294922
2023-06-27 21:57:01.364784018 +0200 CEST m=+10084.855955346,71.53713989257812
2023-06-27 21:57:01.364797915 +0200 CEST m=+10084.855969244,70.36219787597656
2023-06-27 21:57:01.36481267 +0200 CEST m=+10084.855983999,70.24864196777344
2023-06-27 21:57:01.364830266 +0200 CEST m=+10084.856001594,69.5457534790039
2023-06-27 21:57:01.36484451 +0200 CEST m=+10084.856015839,69.33248901367188
2023-06-27 21:57:01.364862631 +0200 CEST m=+10084.856033960,69.06990814208984
2023-06-27 21:57:01.364880067 +0200 CEST m=+10084.856051395,68.75859832763672
2023-06-27 21:57:01.364903165 +0200 CEST m=+10084.856074499,68.39923858642578
2023-06-27 21:57:01.364932895 +0200 CEST m=+10084.856104230,67.99266052246094
2023-06-27 21:57:01.365112244 +0200 CEST m=+10084.856283568,67.539794921875
2023-06-27 21:57:01.365348938 +0200 CEST m=+10084.856520272,67.75736236572266
2023-06-27 21:57:01.380702305 +0200 CEST m=+10084.871873664,68.22541046142578
2023-06-27 21:57:01.380796811 +0200 CEST m=+10084.871968154,68.64820861816406
2023-06-27 21:57:01.380828932 +0200 CEST m=+10084.872000274,69.02460479736328
2023-06-27 21:57:01.380857411 +0200 CEST m=+10084.872028763,69.35356903076172
2023-06-27 21:57:01.380884221 +0200 CEST m=+10084.872055575,69.63417053222656
2023-06-27 21:57:01.380907205 +0200 CEST m=+10084.872078540,69.86561584472656
2023-06-27 21:57:01.380938206 +0200 CEST m=+10084.872109543,70.08477020263672
2023-06-27 21:57:01.380964328 +0200 CEST m=+10084.872135672,70.22502136230469
2023-06-27 21:57:01.3809874 +0200 CEST m=+10084.872158743,70.28562927246094
2023-06-27 21:57:01.381018272 +0200 CEST m=+10084.872189608,70.26618194580078
2023-06-27 21:57:01.381044431 +0200 CEST m=+10084.872215768,70.16654968261719
2023-06-27 21:57:01.38106618 +0200 CEST m=+10084.872237517,69.98696899414062
2023-06-27 21:57:01.381091907 +0200 CEST m=+10084.872263255,69.72795104980469
2023-06-27 21:57:01.381117603 +0200 CEST m=+10084.872288944,69.39033508300781
2023-06-27 21:57:01.381302253 +0200 CEST m=+10084.872473611,68.97529602050781
2023-06-27 21:57:01.381611159 +0200 CEST m=+10084.872782494,68.48428344726562
2023-06-27 21:57:01.396693589 +0200 CEST m=+10084.887864931,67.9190673828125
2023-06-27 21:57:01.396713305 +0200 CEST m=+10084.887884645,66.38057708740234
2023-06-27 21:57:01.396732666 +0200 CEST m=+10084.887904005,64.3870849609375
2023-06-27 21:57:01.396750459 +0200 CEST m=+10084.887921800,62.33218002319336
2023-06-27 21:57:01.396768929 +0200 CEST m=+10084.887940270,60.223854064941406
2023-06-27 21:57:01.396786284 +0200 CEST m=+10084.887957624,58.0703239440918
2023-06-27 21:57:01.396806589 +0200 CEST m=+10084.887977930,55.88001251220703
2023-06-27 21:57:01.396824967 +0200 CEST m=+10084.887996308,53.64373779296875
2023-06-27 21:57:01.396843862 +0200 CEST m=+10084.888015199,51.41653823852539
2023-06-27 21:57:01.396863731 +0200 CEST m=+10084.888035069,49.6414909362793
2023-06-27 21:57:01.396882819 +0200 CEST m=+10084.888054161,47.9205436706543
2023-06-27 21:57:01.396900334 +0200 CEST m=+10084.888071669,46.31902313232422
2023-06-27 21:57:01.396918422 +0200 CEST m=+10084.888089764,44.661869049072266
2023-06-27 21:57:01.397094725 +0200 CEST m=+10084.888266056,43.13340759277344
2023-06-27 21:57:01.39734226 +0200 CEST m=+10084.888513592,41.930355072021484
2023-06-27 21:57:01.412725362 +0200 CEST m=+10084.903896692,40.898773193359375
2023-06-27 21:57:01.412742261 +0200 CEST m=+10084.903913592,39.4954719543457
2023-06-27 21:57:01.412757018 +0200 CEST m=+10084.903928349,38.119415283203125
2023-06-27 21:57:01.412773764 +0200 CEST m=+10084.903945096,36.77406311035156
2023-06-27 21:57:01.412789369 +0200 CEST m=+10084.903960695,35.46280288696289
2023-06-27 21:57:01.412809455 +0200 CEST m=+10084.903980784,34.868927001953125
2023-06-27 21:57:01.412824782 +0200 CEST m=+10084.903996119,34.49251174926758
2023-06-27 21:57:01.412839689 +0200 CEST m=+10084.904011021,34.155460357666016
2023-06-27 21:57:01.412851642 +0200 CEST m=+10084.904022977,33.85859298706055
2023-06-27 21:57:01.412865254 +0200 CEST m=+10084.904036584,33.60264205932617
2023-06-27 21:57:01.412890251 +0200 CEST m=+10084.904061578,33.38823699951172
2023-06-27 21:57:01.412905242 +0200 CEST m=+10084.904076564,33.21589660644531
2023-06-27 21:57:01.412913519 +0200 CEST m=+10084.904084842,33.08603286743164
2023-06-27 21:57:01.412981318 +0200 CEST m=+10084.904152644,32.99895095825195
2023-06-27 21:57:01.413149657 +0200 CEST m=+10084.904320979,32.95485305786133
2023-06-27 21:57:01.413330992 +0200 CEST m=+10084.904502318,32.953826904296875
2023-06-27 21:57:01.428749414 +0200 CEST m=+10084.919920740,32.995853424072266
2023-06-27 21:57:01.428783425 +0200 CEST m=+10084.919954755,33.0807991027832
2023-06-27 21:57:01.428843251 +0200 CEST m=+10084.920014576,33.20843505859375
2023-06-27 21:57:01.428858407 +0200 CEST m=+10084.920029732,33.378414154052734
2023-06-27 21:57:01.428874184 +0200 CEST m=+10084.920045515,33.59028625488281
2023-06-27 21:57:01.428890647 +0200 CEST m=+10084.920061971,33.84349060058594
2023-06-27 21:57:01.428912598 +0200 CEST m=+10084.920083927,34.13737106323242
2023-06-27 21:57:01.428928231 +0200 CEST m=+10084.920099561,34.47116470336914
2023-06-27 21:57:01.428940837 +0200 CEST m=+10084.920112164,34.8440055847168
2023-06-27 21:57:01.428952177 +0200 CEST m=+10084.920123508,35.1854248046875
2023-06-27 21:57:01.428966069 +0200 CEST m=+10084.920137398,34.69541549682617
2023-06-27 21:57:01.42897729 +0200 CEST m=+10084.920148619,34.2661018371582
2023-06-27 21:57:01.428988857 +0200 CEST m=+10084.920160181,33.89914321899414
2023-06-27 21:57:01.429003908 +0200 CEST m=+10084.920175241,33.595947265625
2023-06-27 21:57:01.42913242 +0200 CEST m=+10084.920303741,33.357662200927734
2023-06-27 21:57:01.429315184 +0200 CEST m=+10084.920486504,33.18519592285156
2023-06-27 21:57:01.444716188 +0200 CEST m=+10084.935887516,33.07918167114258
2023-06-27 21:57:01.444768342 +0200 CEST m=+10084.935939682,33.03999710083008
2023-06-27 21:57:01.444789769 +0200 CEST m=+10084.935961096,33.067752838134766
2023-06-27 21:57:01.444806776 +0200 CEST m=+10084.935978109,33.162296295166016
2023-06-27 21:57:01.44482535 +0200 CEST m=+10084.935996680,33.323211669921875
2023-06-27 21:57:01.444847075 +0200 CEST m=+10084.936018402,33.54982376098633
2023-06-27 21:57:01.444863409 +0200 CEST m=+10084.936034739,33.841190338134766
2023-06-27 21:57:01.444885455 +0200 CEST m=+10084.936056785,34.19612503051758
2023-06-27 21:57:01.444902711 +0200 CEST m=+10084.936074039,34.61318588256836
2023-06-27 21:57:01.444921991 +0200 CEST m=+10084.936093321,35.0906867980957
2023-06-27 21:57:01.444940877 +0200 CEST m=+10084.936112207,36.157920837402344
2023-06-27 21:57:01.444960514 +0200 CEST m=+10084.936131846,37.810123443603516
2023-06-27 21:57:01.444979206 +0200 CEST m=+10084.936150536,39.16606903076172
2023-06-27 21:57:01.445028797 +0200 CEST m=+10084.936200125,40.548675537109375
2023-06-27 21:57:01.445255368 +0200 CEST m=+10084.936426709,41.95444107055664
2023-06-27 21:57:01.445517681 +0200 CEST m=+10084.936689014,43.37980270385742
2023-06-27 21:57:01.460740905 +0200 CEST m=+10084.951912228,44.821144104003906
2023-06-27 21:57:01.460762943 +0200 CEST m=+10084.951934271,46.27482223510742
2023-06-27 21:57:01.460776699 +0200 CEST m=+10084.951948027,47.737159729003906
2023-06-27 21:57:01.460792541 +0200 CEST m=+10084.951963873,49.2044563293457
2023-06-27 21:57:01.460806148 +0200 CEST m=+10084.951977470,50.673004150390625
2023-06-27 21:57:01.460824008 +0200 CEST m=+10084.951995332,52.13909149169922
2023-06-27 21:57:01.460835617 +0200 CEST m=+10084.952006949,53.599021911621094
2023-06-27 21:57:01.46085231 +0200 CEST m=+10084.952023643,55.04910659790039
2023-06-27 21:57:01.46086903 +0200 CEST m=+10084.952040357,56.485687255859375
2023-06-27 21:57:01.460992844 +0200 CEST m=+10084.952164173,57.905147552490234
2023-06-27 21:57:01.461007277 +0200 CEST m=+10084.952178601,59.30390548706055
2023-06-27 21:57:01.461018556 +0200 CEST m=+10084.952189878,60.678443908691406
2023-06-27 21:57:01.461034862 +0200 CEST m=+10084.952206189,62.02530288696289
2023-06-27 21:57:01.461085237 +0200 CEST m=+10084.952256560,63.34109115600586
2023-06-27 21:57:01.461273955 +0200 CEST m=+10084.952445277,64.58727264404297
2023-06-27 21:57:01.461477289 +0200 CEST m=+10084.952648615,64.98607635498047
2023-06-27 21:57:01.476727597 +0200 CEST m=+10084.967898929,65.3468246459961
2023-06-27 21:57:01.476769311 +0200 CEST m=+10084.967940645,65.66862487792969
2023-06-27 21:57:01.476781489 +0200 CEST m=+10084.967952823,65.95069122314453
2023-06-27 21:57:01.476794499 +0200 CEST m=+10084.967965835,66.19232177734375
2023-06-27 21:57:01.476808931 +0200 CEST m=+10084.967980264,66.39293670654297
2023-06-27 21:57:01.476821892 +0200 CEST m=+10084.967993224,66.55204010009766
2023-06-27 21:57:01.476834638 +0200 CEST m=+10084.968005970,66.66925811767578
2023-06-27 21:57:01.476853695 +0200 CEST m=+10084.968025028,69.86514282226562
2023-06-27 21:57:01.476866213 +0200 CEST m=+10084.968037547,69.92469787597656
2023-06-27 21:57:01.476878667 +0200 CEST m=+10084.968050000,69.93394470214844
2023-06-27 21:57:01.476901164 +0200 CEST m=+10084.968072499,69.89279174804688
2023-06-27 21:57:01.476922622 +0200 CEST m=+10084.968093961,69.34981536865234
2023-06-27 21:57:01.476945874 +0200 CEST m=+10084.968117211,69.1505355834961
2023-06-27 21:57:01.477101785 +0200 CEST m=+10084.968273119,68.8752670288086
2023-06-27 21:57:01.477508629 +0200 CEST m=+10084.968679954,68.52496337890625
2023-06-27 21:57:01.477726942 +0200 CEST m=+10084.968898267,68.10089111328125
2023-06-27 21:57:01.492697835 +0200 CEST m=+10084.983869157,67.60460662841797
2023-06-27 21:57:01.492709214 +0200 CEST m=+10084.983880536,67.03794860839844
2023-06-27 21:57:01.492720915 +0200 CEST m=+10084.983892237,67.5967788696289
2023-06-27 21:57:01.492749313 +0200 CEST m=+10084.983920634,68.12821960449219
2023-06-27 21:57:01.492810766 +0200 CEST m=+10084.983982093,68.58890533447266
2023-06-27 21:57:01.4928265 +0200 CEST m=+10084.983997831,68.97689056396484
2023-06-27 21:57:01.492842228 +0200 CEST m=+10084.984013548,69.29052734375
2023-06-27 21:57:01.492848176 +0200 CEST m=+10084.984019497,69.5284652709961
2023-06-27 21:57:01.492855229 +0200 CEST m=+10084.984026548,69.68962860107422
2023-06-27 21:57:01.492861285 +0200 CEST m=+10084.984032605,69.77325439453125
2023-06-27 21:57:01.492867685 +0200 CEST m=+10084.984039005,69.77889251708984
2023-06-27 21:57:01.492874573 +0200 CEST m=+10084.984045893,69.7063980102539
2023-06-27 21:57:01.492881975 +0200 CEST m=+10084.984053295,69.55591583251953
2023-06-27 21:57:01.492911167 +0200 CEST m=+10084.984082491,69.32792663574219
2023-06-27 21:57:01.493007491 +0200 CEST m=+10084.984178812,69.02320098876953
2023-06-27 21:57:01.493195763 +0200 CEST m=+10084.984367086,68.72489166259766
2023-06-27 21:57:01.508687318 +0200 CEST m=+10084.999858643,68.37884521484375
2023-06-27 21:57:01.508702663 +0200 CEST m=+10084.999873986,67.98588562011719
2023-06-27 21:57:01.508715208 +0200 CEST m=+10084.999886532,67.54693603515625
2023-06-27 21:57:01.508728463 +0200 CEST m=+10084.999899788,66.68753051757812
2023-06-27 21:57:01.508741166 +0200 CEST m=+10084.999912494,65.15861511230469
2023-06-27 21:57:01.508762722 +0200 CEST m=+10084.999934041,63.58940505981445
2023-06-27 21:57:01.508768611 +0200 CEST m=+10084.999939931,61.98381042480469
2023-06-27 21:57:01.50877597 +0200 CEST m=+10084.999947289,60.34584426879883
2023-06-27 21:57:01.508781956 +0200 CEST m=+10084.999953277,58.67961120605469
2023-06-27 21:57:01.508788667 +0200 CEST m=+10084.999959988,56.98928451538086
2023-06-27 21:57:01.508797044 +0200 CEST m=+10084.999968366,55.27911376953125
2023-06-27 21:57:01.508803091 +0200 CEST m=+10084.999974412,53.55339431762695
2023-06-27 21:57:01.508810622 +0200 CEST m=+10084.999981942,51.81647872924805
2023-06-27 21:57:01.508883036 +0200 CEST m=+10085.000054359,50.07273864746094
2023-06-27 21:57:01.509102873 +0200 CEST m=+10085.000274197,48.32658004760742
2023-06-27 21:57:01.509302044 +0200 CEST m=+10085.000473367,46.58241271972656
2023-06-27 21:57:01.524799531 +0200 CEST m=+10085.015970866,45.11602020263672
2023-06-27 21:57:01.524818568 +0200 CEST m=+10085.015989903,43.799644470214844
2023-06-27 21:57:01.524830983 +0200 CEST m=+10085.016002320,42.289424896240234
2023-06-27 21:57:01.524845563 +0200 CEST m=+10085.016016899,40.77716064453125
2023-06-27 21:57:01.524861592 +0200 CEST m=+10085.016032929,39.714759826660156
2023-06-27 21:57:01.524877601 +0200 CEST m=+10085.016048936,38.68495178222656
2023-06-27 21:57:01.524893199 +0200 CEST m=+10085.016064535,37.520225524902344
2023-06-27 21:57:01.52490956 +0200 CEST m=+10085.016080896,36.246883392333984
2023-06-27 21:57:01.524922397 +0200 CEST m=+10085.016093732,35.45991134643555
2023-06-27 21:57:01.524934921 +0200 CEST m=+10085.016106258,35.09127426147461
2023-06-27 21:57:01.524948469 +0200 CEST m=+10085.016119807,34.76070785522461
2023-06-27 21:57:01.524961032 +0200 CEST m=+10085.016132369,34.469017028808594
2023-06-27 21:57:01.524974522 +0200 CEST m=+10085.016145855,34.216880798339844
2023-06-27 21:57:01.525169371 +0200 CEST m=+10085.016340706,34.0048942565918
2023-06-27 21:57:01.525690706 +0200 CEST m=+10085.016862049,33.79711151123047
2023-06-27 21:57:01.526099219 +0200 CEST m=+10085.017270572,33.65354537963867
2023-06-27 21:57:01.540702229 +0200 CEST m=+10085.031873558,33.574668884277344
2023-06-27 21:57:01.540724184 +0200 CEST m=+10085.031895517,33.56070327758789
2023-06-27 21:57:01.540742977 +0200 CEST m=+10085.031914307,33.61160659790039
2023-06-27 21:57:01.540759812 +0200 CEST m=+10085.031931142,33.727081298828125
2023-06-27 21:57:01.540778243 +0200 CEST m=+10085.031949570,33.90658187866211
2023-06-27 21:57:01.540794615 +0200 CEST m=+10085.031965946,34.1493034362793
2023-06-27 21:57:01.54081288 +0200 CEST m=+10085.031984211,34.45419692993164
2023-06-27 21:57:01.540833729 +0200 CEST m=+10085.032005061,34.81996536254883
2023-06-27 21:57:01.540850455 +0200 CEST m=+10085.032021786,35.245079040527344
2023-06-27 21:57:01.540867017 +0200 CEST m=+10085.032038347,35.72777557373047
2023-06-27 21:57:01.540885433 +0200 CEST m=+10085.032056763,35.47965621948242
2023-06-27 21:57:01.540906146 +0200 CEST m=+10085.032077478,35.049930572509766
2023-06-27 21:57:01.540923978 +0200 CEST m=+10085.032095307,34.679813385009766
2023-06-27 21:57:01.541052918 +0200 CEST m=+10085.032224471,34.37067413330078
2023-06-27 21:57:01.541330093 +0200 CEST m=+10085.032501435,34.12364196777344
2023-06-27 21:57:01.541617034 +0200 CEST m=+10085.032788375,33.93960189819336
2023-06-27 21:57:01.556720719 +0200 CEST m=+10085.047892041,33.81918716430664
2023-06-27 21:57:01.556730799 +0200 CEST m=+10085.047902121,33.7689323425293
2023-06-27 21:57:01.556737372 +0200 CEST m=+10085.047908694,33.75972366333008
2023-06-27 21:57:01.556743858 +0200 CEST m=+10085.047915180,33.791534423828125
2023-06-27 21:57:01.55675083 +0200 CEST m=+10085.047922153,33.86424255371094
2023-06-27 21:57:01.556758196 +0200 CEST m=+10085.047929519,33.97761154174805
2023-06-27 21:57:01.556766576 +0200 CEST m=+10085.047937898,34.13130569458008
2023-06-27 21:57:01.556775386 +0200 CEST m=+10085.047946708,34.32489013671875
2023-06-27 21:57:01.556781928 +0200 CEST m=+10085.047953251,34.557830810546875
2023-06-27 21:57:01.556788322 +0200 CEST m=+10085.047959643,34.82949447631836
2023-06-27 21:57:01.556796141 +0200 CEST m=+10085.047967463,35.13914108276367
2023-06-27 21:57:01.556802481 +0200 CEST m=+10085.047973803,35.4859504699707
2023-06-27 21:57:01.556808919 +0200 CEST m=+10085.047980242,35.868995666503906
2023-06-27 21:57:01.556957435 +0200 CEST m=+10085.048128756,36.79407501220703
2023-06-27 21:57:01.5571509 +0200 CEST m=+10085.048322229,38.055335998535156
2023-06-27 21:57:01.557355016 +0200 CEST m=+10085.048526340,39.34525680541992
2023-06-27 21:57:01.572753999 +0200 CEST m=+10085.063925334,40.66054916381836
2023-06-27 21:57:01.572775645 +0200 CEST m=+10085.063946976,41.99785614013672
2023-06-27 21:57:01.572792131 +0200 CEST m=+10085.063963465,43.35377502441406
2023-06-27 21:57:01.572808684 +0200 CEST m=+10085.063980016,44.72486114501953
2023-06-27 21:57:01.572823923 +0200 CEST m=+10085.063995256,46.10763168334961
2023-06-27 21:57:01.572838807 +0200 CEST m=+10085.064010135,47.49857711791992
2023-06-27 21:57:01.572865633 +0200 CEST m=+10085.064036967,48.89418029785156
2023-06-27 21:57:01.572883719 +0200 CEST m=+10085.064055055,50.29090118408203
2023-06-27 21:57:01.572898424 +0200 CEST m=+10085.064069754,51.685218811035156
2023-06-27 21:57:01.572918033 +0200 CEST m=+10085.064089364,53.073612213134766
2023-06-27 21:57:01.572933327 +0200 CEST m=+10085.064104660,54.45257568359375
2023-06-27 21:57:01.5729502 +0200 CEST m=+10085.064121533,55.81864547729492
2023-06-27 21:57:01.572966268 +0200 CEST m=+10085.064137597,57.16838073730469
2023-06-27 21:57:01.573148215 +0200 CEST m=+10085.064319551,58.49839401245117
2023-06-27 21:57:01.573358621 +0200 CEST m=+10085.064529954,59.80534744262695
2023-06-27 21:57:01.57356256 +0200 CEST m=+10085.064733881,61.085968017578125
2023-06-27 21:57:01.588687618 +0200 CEST m=+10085.079858951,62.33705139160156
2023-06-27 21:57:01.588704557 +0200 CEST m=+10085.079875889,63.82123947143555
2023-06-27 21:57:01.588717523 +0200 CEST m=+10085.079888855,64.28182983398438
2023-06-27 21:57:01.588732143 +0200 CEST m=+10085.079903474,64.68538665771484
2023-06-27 21:57:01.588746369 +0200 CEST m=+10085.079917698,65.03041076660156
2023-06-27 21:57:01.588765767 +0200 CEST m=+10085.079937097,65.31561279296875
2023-06-27 21:57:01.588782775 +0200 CEST m=+10085.079954108,65.53997802734375
2023-06-27 21:57:01.588802212 +0200 CEST m=+10085.079973540,65.70270538330078
2023-06-27 21:57:01.588820145 +0200 CEST m=+10085.079991470,65.80323791503906
2023-06-27 21:57:01.588837778 +0200 CEST m=+10085.080009105,65.8412857055664
2023-06-27 21:57:01.588852578 +0200 CEST m=+10085.080023908,65.81678009033203
2023-06-27 21:57:01.588866044 +0200 CEST m=+10085.080037376,70.424072265625
2023-06-27 21:57:01.588880095 +0200 CEST m=+10085.080051425,70.27139282226562
2023-06-27 21:57:01.58896293 +0200 CEST m=+10085.080134255,70.03816986083984
2023-06-27 21:57:01.589182644 +0200 CEST m=+10085.080353970,69.7251205444336
2023-06-27 21:57:01.589374612 +0200 CEST m=+10085.080545933,69.33329772949219
2023-06-27 21:57:01.604735762 +0200 CEST m=+10085.095907087,68.86405944824219
2023-06-27 21:57:01.604754455 +0200 CEST m=+10085.095925780,68.31906127929688
2023-06-27 21:57:01.604766301 +0200 CEST m=+10085.095937628,68.04674530029297
2023-06-27 21:57:01.604779632 +0200 CEST m=+10085.095950957,68.5531234741211
2023-06-27 21:57:01.604790989 +0200 CEST m=+10085.095962310,69.0135498046875
2023-06-27 21:57:01.604803863 +0200 CEST m=+10085.095975184,71.38188171386719
2023-06-27 21:57:01.60481818 +0200 CEST m=+10085.095989505,71.79418182373047
2023-06-27 21:57:01.604830583 +0200 CEST m=+10085.096001908,72.15247344970703
2023-06-27 21:57:01.604842267 +0200 CEST m=+10085.096013592,72.45568084716797
2023-06-27 21:57:01.604854691 +0200 CEST m=+10085.096026016,72.70287322998047
2023-06-27 21:57:01.60486927 +0200 CEST m=+10085.096040595,72.89325714111328
2023-06-27 21:57:01.604881 +0200 CEST m=+10085.096052325,73.02619171142578
2023-06-27 21:57:01.604893443 +0200 CEST m=+10085.096064769,73.10116577148438
2023-06-27 21:57:01.605195823 +0200 CEST m=+10085.096367147,73.11781311035156
2023-06-27 21:57:01.605342604 +0200 CEST m=+10085.096513924,73.07593536376953
2023-06-27 21:57:01.620721987 +0200 CEST m=+10085.111893308,72.97545623779297
2023-06-27 21:57:01.620732116 +0200 CEST m=+10085.111903436,72.81646728515625
2023-06-27 21:57:01.620739472 +0200 CEST m=+10085.111910792,72.59920501708984
2023-06-27 21:57:01.620746261 +0200 CEST m=+10085.111917581,72.32403564453125
2023-06-27 21:57:01.620752619 +0200 CEST m=+10085.111923939,71.99151611328125
2023-06-27 21:57:01.620758973 +0200 CEST m=+10085.111930293,71.60230255126953
2023-06-27 21:57:01.620773487 +0200 CEST m=+10085.111944808,71.1572265625
2023-06-27 21:57:01.620782418 +0200 CEST m=+10085.111953738,70.65725708007812
2023-06-27 21:57:01.620788468 +0200 CEST m=+10085.111959788,69.16478729248047
2023-06-27 21:57:01.620794604 +0200 CEST m=+10085.111965925,66.39669036865234
2023-06-27 21:57:01.620803707 +0200 CEST m=+10085.111975028,64.70439910888672
2023-06-27 21:57:01.620810147 +0200 CEST m=+10085.111981468,61.68992614746094
2023-06-27 21:57:01.620817222 +0200 CEST m=+10085.111988543,60.089664459228516
2023-06-27 21:57:01.620945227 +0200 CEST m=+10085.112116552,58.46261978149414
2023-06-27 21:57:01.62118781 +0200 CEST m=+10085.112359137,56.79072570800781
2023-06-27 21:57:01.621368443 +0200 CEST m=+10085.112539772,55.12778854370117
2023-06-27 21:57:01.636687635 +0200 CEST m=+10085.127858973,53.45063400268555
2023-06-27 21:57:01.636711086 +0200 CEST m=+10085.127882412,51.70408248901367
2023-06-27 21:57:01.636727766 +0200 CEST m=+10085.127899095,50.068206787109375
2023-06-27 21:57:01.636742803 +0200 CEST m=+10085.127914130,48.43159866333008
2023-06-27 21:57:01.636759614 +0200 CEST m=+10085.127930940,46.39111328125
2023-06-27 21:57:01.636772338 +0200 CEST m=+10085.127943667,44.36400604248047
2023-06-27 21:57:01.636788452 +0200 CEST m=+10085.127959782,42.3582878112793
2023-06-27 21:57:01.636809079 +0200 CEST m=+10085.127980411,40.738861083984375
2023-06-27 21:57:01.636827107 +0200 CEST m=+10085.127998441,38.87487030029297
2023-06-27 21:57:01.636843842 +0200 CEST m=+10085.128015175,37.63272476196289
2023-06-27 21:57:01.636866471 +0200 CEST m=+10085.128037805,35.98294448852539
2023-06-27 21:57:01.636884728 +0200 CEST m=+10085.128056061,34.82971954345703
2023-06-27 21:57:01.636914238 +0200 CEST m=+10085.128085579,34.35129165649414
2023-06-27 21:57:01.636932966 +0200 CEST m=+10085.128104298,34.3297233581543
2023-06-27 21:57:01.637077655 +0200 CEST m=+10085.128248988,33.98932647705078
2023-06-27 21:57:01.637297124 +0200 CEST m=+10085.128468450,33.71256637573242
2023-06-27 21:57:01.652781705 +0200 CEST m=+10085.143953030,33.50043487548828
2023-06-27 21:57:01.652790707 +0200 CEST m=+10085.143962032,33.35369110107422
2023-06-27 21:57:01.652798496 +0200 CEST m=+10085.143969821,33.27281188964844
2023-06-27 21:57:01.65280647 +0200 CEST m=+10085.143977794,33.258033752441406
2023-06-27 21:57:01.652814953 +0200 CEST m=+10085.143986277,33.30931854248047
2023-06-27 21:57:01.652824433 +0200 CEST m=+10085.143995758,33.42637252807617
2023-06-27 21:57:01.652859976 +0200 CEST m=+10085.144031300,33.5670051574707
2023-06-27 21:57:01.652869049 +0200 CEST m=+10085.144040373,33.74897766113281
2023-06-27 21:57:01.652876233 +0200 CEST m=+10085.144047557,33.9717903137207
2023-06-27 21:57:01.652885767 +0200 CEST m=+10085.144057092,34.234825134277344
2023-06-27 21:57:01.652893363 +0200 CEST m=+10085.144064688,34.53738021850586
2023-06-27 21:57:01.652900711 +0200 CEST m=+10085.144072035,34.87864303588867
2023-06-27 21:57:01.652909825 +0200 CEST m=+10085.144081149,35.25770950317383
2023-06-27 21:57:01.653107931 +0200 CEST m=+10085.144279265,35.49928665161133
2023-06-27 21:57:01.653336109 +0200 CEST m=+10085.144507448,35.115421295166016
2023-06-27 21:57:01.653593352 +0200 CEST m=+10085.144764676,34.76957702636719
2023-06-27 21:57:01.668693825 +0200 CEST m=+10085.159865146,34.462581634521484
2023-06-27 21:57:01.668707139 +0200 CEST m=+10085.159878461,34.195167541503906
2023-06-27 21:57:01.668718744 +0200 CEST m=+10085.159890066,33.96796417236328
2023-06-27 21:57:01.668730291 +0200 CEST m=+10085.159901615,33.7815055847168
2023-06-27 21:57:01.668743812 +0200 CEST m=+10085.159915136,33.63621139526367
2023-06-27 21:57:01.668755852 +0200 CEST m=+10085.159927175,33.53240203857422
2023-06-27 21:57:01.668769192 +0200 CEST m=+10085.159940513,33.470298767089844
2023-06-27 21:57:01.668783226 +0200 CEST m=+10085.159954549,33.45000457763672
2023-06-27 21:57:01.668796259 +0200 CEST m=+10085.159967582,33.47153091430664
2023-06-27 21:57:01.668812292 +0200 CEST m=+10085.159983614,33.53477096557617
2023-06-27 21:57:01.668825316 +0200 CEST m=+10085.159996640,33.63951873779297
2023-06-27 21:57:01.66883748 +0200 CEST m=+10085.160008803,33.78546142578125
2023-06-27 21:57:01.668848682 +0200 CEST m=+10085.160020005,33.97218704223633
2023-06-27 21:57:01.668987719 +0200 CEST m=+10085.160159042,34.19917678833008
2023-06-27 21:57:01.669205865 +0200 CEST m=+10085.160377188,34.46581268310547
2023-06-27 21:57:01.6693931 +0200 CEST m=+10085.160564422,34.7713737487793
2023-06-27 21:57:01.684848037 +0200 CEST m=+10085.176019369,35.11504364013672
2023-06-27 21:57:01.68488579 +0200 CEST m=+10085.176057130,35.495914459228516
2023-06-27 21:57:01.684912061 +0200 CEST m=+10085.176083407,36.22300338745117
2023-06-27 21:57:01.684940013 +0200 CEST m=+10085.176111345,37.50041580200195
2023-06-27 21:57:01.684968753 +0200 CEST m=+10085.176140085,38.807945251464844
2023-06-27 21:57:01.685019972 +0200 CEST m=+10085.176191312,40.142250061035156
2023-06-27 21:57:01.685355848 +0200 CEST m=+10085.176527188,41.84260559082031
2023-06-27 21:57:01.68549719 +0200 CEST m=+10085.176668526,43.57271957397461
2023-06-27 21:57:01.68553113 +0200 CEST m=+10085.176702463,45.32572555541992
2023-06-27 21:57:01.685567266 +0200 CEST m=+10085.176738601,47.09467697143555
2023-06-27 21:57:01.685604534 +0200 CEST m=+10085.176775871,48.8725700378418
2023-06-27 21:57:01.685738971 +0200 CEST m=+10085.176910300,50.652374267578125
2023-06-27 21:57:01.685799767 +0200 CEST m=+10085.176971108,52.427066802978516
2023-06-27 21:57:01.685845433 +0200 CEST m=+10085.177016767,54.18965148925781
2023-06-27 21:57:01.686432179 +0200 CEST m=+10085.177603529,55.933189392089844
2023-06-27 21:57:01.687050474 +0200 CEST m=+10085.178221817,57.65082931518555
2023-06-27 21:57:01.700706418 +0200 CEST m=+10085.191877749,59.33583450317383
2023-06-27 21:57:01.700724379 +0200 CEST m=+10085.191895709,60.981597900390625
2023-06-27 21:57:01.700739914 +0200 CEST m=+10085.191911244,62.581687927246094
2023-06-27 21:57:01.700755752 +0200 CEST m=+10085.191927081,64.0958023071289
2023-06-27 21:57:01.70077222 +0200 CEST m=+10085.191943550,64.56605529785156
2023-06-27 21:57:01.700787349 +0200 CEST m=+10085.191958678,64.9781723022461
2023-06-27 21:57:01.700803018 +0200 CEST m=+10085.191974349,65.33061981201172
2023-06-27 21:57:01.700819523 +0200 CEST m=+10085.191990853,65.62207794189453
2023-06-27 21:57:01.700835852 +0200 CEST m=+10085.192007182,65.85149383544922
2023-06-27 21:57:01.700851497 +0200 CEST m=+10085.192022827,65.98979949951172
2023-06-27 21:57:01.700953144 +0200 CEST m=+10085.192124472,66.08757019042969
2023-06-27 21:57:01.700967777 +0200 CEST m=+10085.192139102,66.14459228515625
2023-06-27 21:57:01.700981855 +0200 CEST m=+10085.192153181,66.1607894897461
2023-06-27 21:57:01.700995538 +0200 CEST m=+10085.192166865,66.13615417480469
2023-06-27 21:57:01.701192276 +0200 CEST m=+10085.192363600,66.07079315185547
2023-06-27 21:57:01.701324123 +0200 CEST m=+10085.192495447,65.96492767333984
2023-06-27 21:57:01.716719054 +0200 CEST m=+10085.207890377,65.8188705444336
2023-06-27 21:57:01.716731407 +0200 CEST m=+10085.207902729,71.57804870605469
2023-06-27 21:57:01.716738282 +0200 CEST m=+10085.207909605,71.30805969238281
2023-06-27 21:57:01.716746649 +0200 CEST m=+10085.207917972,70.9833755493164
2023-06-27 21:57:01.716753253 +0200 CEST m=+10085.207924576,70.60466766357422
2023-06-27 21:57:01.716761296 +0200 CEST m=+10085.207932619,70.17276763916016
2023-06-27 21:57:01.716767961 +0200 CEST m=+10085.207939284,69.68862915039062
2023-06-27 21:57:01.716776611 +0200 CEST m=+10085.207947935,69.66981506347656
2023-06-27 21:57:01.716783444 +0200 CEST m=+10085.207954765,70.2123031616211
2023-06-27 21:57:01.716790415 +0200 CEST m=+10085.207961738,70.70503997802734
2023-06-27 21:57:01.716800152 +0200 CEST m=+10085.207971476,71.1466293334961
2023-06-27 21:57:01.716807125 +0200 CEST m=+10085.207978447,71.53582000732422
2023-06-27 21:57:01.716815187 +0200 CEST m=+10085.207986509,71.87149047851562
2023-06-27 21:57:01.716962803 +0200 CEST m=+10085.208134126,72.15264892578125
2023-06-27 21:57:01.717159925 +0200 CEST m=+10085.208331253,72.37843322753906
2023-06-27 21:57:01.717293859 +0200 CEST m=+10085.208465181,72.54813385009766
2023-06-27 21:57:01.73273539 +0200 CEST m=+10085.223906712,72.66116333007812
2023-06-27 21:57:01.732741393 +0200 CEST m=+10085.223912714,72.71710205078125
2023-06-27 21:57:01.732859301 +0200 CEST m=+10085.224030622,72.71564483642578
2023-06-27 21:57:01.732868596 +0200 CEST m=+10085.224039918,72.65664672851562
2023-06-27 21:57:01.732876516 +0200 CEST m=+10085.224047837,72.54010772705078
2023-06-27 21:57:01.732884818 +0200 CEST m=+10085.224056139,72.36618041992188
2023-06-27 21:57:01.73289074 +0200 CEST m=+10085.224062060,72.1351547241211
2023-06-27 21:57:01.732898559 +0200 CEST m=+10085.224069880,71.84746551513672
2023-06-27 21:57:01.732906118 +0200 CEST m=+10085.224077440,71.40907287597656
2023-06-27 21:57:01.732912093 +0200 CEST m=+10085.224083414,70.884521484375
2023-06-27 21:57:01.732919712 +0200 CEST m=+10085.224091034,70.27560424804688
2023-06-27 21:57:01.732926187 +0200 CEST m=+10085.224097508,68.86065673828125
2023-06-27 21:57:01.732932737 +0200 CEST m=+10085.224104058,66.64152526855469
2023-06-27 21:57:01.733011302 +0200 CEST m=+10085.224182628,62.90739822387695
2023-06-27 21:57:01.733161447 +0200 CEST m=+10085.224332775,60.62345886230469
2023-06-27 21:57:01.733384691 +0200 CEST m=+10085.224556018,58.22083282470703
2023-06-27 21:57:01.748725503 +0200 CEST m=+10085.239896825,55.74937057495117
2023-06-27 21:57:01.748732528 +0200 CEST m=+10085.239903850,53.732032775878906
2023-06-27 21:57:01.748743263 +0200 CEST m=+10085.239914585,51.69953918457031
2023-06-27 21:57:01.748749704 +0200 CEST m=+10085.239921026,49.659908294677734
2023-06-27 21:57:01.748761403 +0200 CEST m=+10085.239932725,47.621185302734375
2023-06-27 21:57:01.748770967 +0200 CEST m=+10085.239942289,45.59142303466797
2023-06-27 21:57:01.748778932 +0200 CEST m=+10085.239950255,43.57862854003906
2023-06-27 21:57:01.748788368 +0200 CEST m=+10085.239959690,41.59075927734375
2023-06-27 21:57:01.748797057 +0200 CEST m=+10085.239968380,39.635658264160156
2023-06-27 21:57:01.748805213 +0200 CEST m=+10085.239976534,38.624237060546875
2023-06-27 21:57:01.748813114 +0200 CEST m=+10085.239984437,36.903141021728516
2023-06-27 21:57:01.74882407 +0200 CEST m=+10085.239995392,35.56442642211914
2023-06-27 21:57:01.748835604 +0200 CEST m=+10085.240006925,34.73585510253906
2023-06-27 21:57:01.749020129 +0200 CEST m=+10085.240191451,34.34624099731445
2023-06-27 21:57:01.749402534 +0200 CEST m=+10085.240573860,33.996482849121094
2023-06-27 21:57:01.749624299 +0200 CEST m=+10085.240795634,33.68743133544922
2023-06-27 21:57:01.764742245 +0200 CEST m=+10085.255913571,33.41982650756836
2023-06-27 21:57:01.764756062 +0200 CEST m=+10085.255927404,33.19431686401367
2023-06-27 21:57:01.764782116 +0200 CEST m=+10085.255953443,33.011436462402344
2023-06-27 21:57:01.764802646 +0200 CEST m=+10085.255973975,32.87160873413086
2023-06-27 21:57:01.764816388 +0200 CEST m=+10085.255987715,32.775150299072266
2023-06-27 21:57:01.764832473 +0200 CEST m=+10085.256003800,32.72227478027344
2023-06-27 21:57:01.764847539 +0200 CEST m=+10085.256018867,32.71307373046875
2023-06-27 21:57:01.764872175 +0200 CEST m=+10085.256043503,32.74753952026367
2023-06-27 21:57:01.764889186 +0200 CEST m=+10085.256060515,32.82554626464844
2023-06-27 21:57:01.764904026 +0200 CEST m=+10085.256075363,32.94685745239258
2023-06-27 21:57:01.764924506 +0200 CEST m=+10085.256095839,33.11113357543945
2023-06-27 21:57:01.764946022 +0200 CEST m=+10085.256117348,33.31792449951172
2023-06-27 21:57:01.764966829 +0200 CEST m=+10085.256138159,33.56666946411133
2023-06-27 21:57:01.76503345 +0200 CEST m=+10085.256204793,33.85670852661133
2023-06-27 21:57:01.765277178 +0200 CEST m=+10085.256448510,34.187278747558594
2023-06-27 21:57:01.765458969 +0200 CEST m=+10085.256630301,34.55750274658203
2023-06-27 21:57:01.780716221 +0200 CEST m=+10085.271887541,34.96641540527344
2023-06-27 21:57:01.780724882 +0200 CEST m=+10085.271896204,34.80038833618164
2023-06-27 21:57:01.780779855 +0200 CEST m=+10085.271951182,34.420711517333984
2023-06-27 21:57:01.780788368 +0200 CEST m=+10085.271959691,34.08069610595703
2023-06-27 21:57:01.780795619 +0200 CEST m=+10085.271966941,33.78116989135742
2023-06-27 21:57:01.780807198 +0200 CEST m=+10085.271978520,33.522850036621094
2023-06-27 21:57:01.780816401 +0200 CEST m=+10085.271987723,33.306358337402344
2023-06-27 21:57:01.780824808 +0200 CEST m=+10085.271996129,33.1322021484375
2023-06-27 21:57:01.78083163 +0200 CEST m=+10085.272002953,33.00079345703125
2023-06-27 21:57:01.780838712 +0200 CEST m=+10085.272010035,32.91242218017578
2023-06-27 21:57:01.780846854 +0200 CEST m=+10085.272018176,32.867279052734375
2023-06-27 21:57:01.780854075 +0200 CEST m=+10085.272025398,32.87174606323242
2023-06-27 21:57:01.780861764 +0200 CEST m=+10085.272033087,32.94377517700195
2023-06-27 21:57:01.780869429 +0200 CEST m=+10085.272040751,33.0830192565918
2023-06-27 21:57:01.78101591 +0200 CEST m=+10085.272187231,33.288856506347656
2023-06-27 21:57:01.781211345 +0200 CEST m=+10085.272382668,33.560401916503906
2023-06-27 21:57:01.796797293 +0200 CEST m=+10085.287968613,33.896514892578125
2023-06-27 21:57:01.796811722 +0200 CEST m=+10085.287983041,34.295806884765625
2023-06-27 21:57:01.796826117 +0200 CEST m=+10085.287997927,34.756629943847656
2023-06-27 21:57:01.796853062 +0200 CEST m=+10085.288024382,35.384315490722656
2023-06-27 21:57:01.796868961 +0200 CEST m=+10085.288040281,37.03285217285156
2023-06-27 21:57:01.79687791 +0200 CEST m=+10085.288049229,38.73080825805664
2023-06-27 21:57:01.796884734 +0200 CEST m=+10085.288056054,40.471435546875
2023-06-27 21:57:01.796893516 +0200 CEST m=+10085.288064836,42.24781799316406
2023-06-27 21:57:01.796902911 +0200 CEST m=+10085.288074231,44.05290985107422
2023-06-27 21:57:01.796911322 +0200 CEST m=+10085.288082642,45.87955856323242
2023-06-27 21:57:01.796919251 +0200 CEST m=+10085.288090571,47.72053527832031
2023-06-27 21:57:01.7969277 +0200 CEST m=+10085.288099019,49.56856155395508
2023-06-27 21:57:01.796933575 +0200 CEST m=+10085.288104894,51.41633605957031
2023-06-27 21:57:01.797083075 +0200 CEST m=+10085.288254395,52.88947677612305
2023-06-27 21:57:01.797284117 +0200 CEST m=+10085.288455437,54.35407257080078
2023-06-27 21:57:01.797451212 +0200 CEST m=+10085.288622533,55.806434631347656
2023-06-27 21:57:01.812907761 +0200 CEST m=+10085.304079105,57.24290466308594
2023-06-27 21:57:01.812935306 +0200 CEST m=+10085.304106643,58.65986251831055
2023-06-27 21:57:01.812953159 +0200 CEST m=+10085.304124506,60.05375289916992
2023-06-27 21:57:01.812977161 +0200 CEST m=+10085.304148502,61.42107009887695
2023-06-27 21:57:01.813002966 +0200 CEST m=+10085.304174308,62.75838851928711
2023-06-27 21:57:01.813030361 +0200 CEST m=+10085.304201695,64.06234741210938
2023-06-27 21:57:01.813061828 +0200 CEST m=+10085.304233171,64.86933135986328
2023-06-27 21:57:01.813089103 +0200 CEST m=+10085.304260446,65.24870300292969
2023-06-27 21:57:01.813115469 +0200 CEST m=+10085.304286811,65.58924102783203
2023-06-27 21:57:01.813140057 +0200 CEST m=+10085.304311400,65.89012145996094
2023-06-27 21:57:01.813169307 +0200 CEST m=+10085.304340660,66.1506118774414
2023-06-27 21:57:01.81319591 +0200 CEST m=+10085.304367248,66.37010192871094
2023-06-27 21:57:01.8132182 +0200 CEST m=+10085.304389542,66.54805755615234
2023-06-27 21:57:01.813239182 +0200 CEST m=+10085.304410525,66.68407440185547
2023-06-27 21:57:01.813313364 +0200 CEST m=+10085.304484714,66.77784729003906
2023-06-27 21:57:01.813554215 +0200 CEST m=+10085.304725539,68.05391693115234
2023-06-27 21:57:01.828737822 +0200 CEST m=+10085.319909144,68.0716552734375
2023-06-27 21:57:01.828744925 +0200 CEST m=+10085.319916246,68.04374694824219
2023-06-27 21:57:01.828756877 +0200 CEST m=+10085.319928200,67.97024536132812
2023-06-27 21:57:01.828765189 +0200 CEST m=+10085.319936512,67.85134887695312
2023-06-27 21:57:01.82877324 +0200 CEST m=+10085.319944561,67.68734741210938
2023-06-27 21:57:01.828779962 +0200 CEST m=+10085.319951284,67.47865295410156
2023-06-27 21:57:01.828786711 +0200 CEST m=+10085.319958033,67.22579193115234
2023-06-27 21:57:01.828799962 +0200 CEST m=+10085.319971283,66.92939758300781
2023-06-27 21:57:01.828806936 +0200 CEST m=+10085.319978257,66.59021759033203
2023-06-27 21:57:01.828814352 +0200 CEST m=+10085.319985675,66.20909881591797
2023-06-27 21:57:01.828821731 +0200 CEST m=+10085.319993053,65.7870101928711
2023-06-27 21:57:01.82882876 +0200 CEST m=+10085.320000081,65.96856689453125
2023-06-27 21:57:01.828835775 +0200 CEST m=+10085.320007098,70.33613586425781
2023-06-27 21:57:01.828939202 +0200 CEST m=+10085.320110525,70.92671203613281
2023-06-27 21:57:01.829110381 +0200 CEST m=+10085.320281707,71.43633270263672
2023-06-27 21:57:01.829324366 +0200 CEST m=+10085.320495692,71.86273193359375
2023-06-27 21:57:01.844718188 +0200 CEST m=+10085.335889529,72.20394897460938
2023-06-27 21:57:01.844754236 +0200 CEST m=+10085.335925564,72.45835876464844
2023-06-27 21:57:01.844782668 +0200 CEST m=+10085.335954011,72.62469482421875
2023-06-27 21:57:01.844806881 +0200 CEST m=+10085.335978209,72.7020034790039
2023-06-27 21:57:01.844818231 +0200 CEST m=+10085.335989559,72.6897201538086
2023-06-27 21:57:01.844827251 +0200 CEST m=+10085.335998579,72.58759307861328
2023-06-27 21:57:01.844837189 +0200 CEST m=+10085.336008517,72.395751953125
2023-06-27 21:57:01.844850754 +0200 CEST m=+10085.336022082,72.11468505859375
2023-06-27 21:57:01.844859911 +0200 CEST m=+10085.336031238,71.7452163696289
2023-06-27 21:57:01.844868917 +0200 CEST m=+10085.336040244,71.28854370117188
2023-06-27 21:57:01.844880298 +0200 CEST m=+10085.336051625,70.74620056152344
2023-06-27 21:57:01.844889354 +0200 CEST m=+10085.336060682,70.12007141113281
2023-06-27 21:57:01.844899825 +0200 CEST m=+10085.336071152,68.40013885498047
2023-06-27 21:57:01.845133623 +0200 CEST m=+10085.336304968,66.1674575805664
2023-06-27 21:57:01.845373747 +0200 CEST m=+10085.336545077,62.58366012573242
2023-06-27 21:57:01.860712914 +0200 CEST m=+10085.351884236,60.864437103271484
2023-06-27 21:57:01.860724023 +0200 CEST m=+10085.351895346,59.11529541015625
2023-06-27 21:57:01.860731826 +0200 CEST m=+10085.351903149,57.296302795410156
2023-06-27 21:57:01.860740301 +0200 CEST m=+10085.351911623,55.3662109375
2023-06-27 21:57:01.860751333 +0200 CEST m=+10085.351922656,53.4915771484375
2023-06-27 21:57:01.860765065 +0200 CEST m=+10085.351936387,51.70766067504883
2023-06-27 21:57:01.860906197 +0200 CEST m=+10085.352077519,50.06834030151367
2023-06-27 21:57:01.860915685 +0200 CEST m=+10085.352087008,48.42869186401367
2023-06-27 21:57:01.860924141 +0200 CEST m=+10085.352095463,46.792850494384766
2023-06-27 21:57:01.860933638 +0200 CEST m=+10085.352104961,45.164955139160156
2023-06-27 21:57:01.860941662 +0200 CEST m=+10085.352112983,43.54911422729492
2023-06-27 21:57:01.860949385 +0200 CEST m=+10085.352120707,41.94941711425781
2023-06-27 21:57:01.860956925 +0200 CEST m=+10085.352128248,40.369895935058594
2023-06-27 21:57:01.860963725 +0200 CEST m=+10085.352135048,39.406578063964844
2023-06-27 21:57:01.861101293 +0200 CEST m=+10085.352272625,37.96442794799805
2023-06-27 21:57:01.861304981 +0200 CEST m=+10085.352476304,36.55354690551758
2023-06-27 21:57:01.876721031 +0200 CEST m=+10085.367892353,35.23015213012695
2023-06-27 21:57:01.876732346 +0200 CEST m=+10085.367903667,34.38106918334961
2023-06-27 21:57:01.876750605 +0200 CEST m=+10085.367921935,34.019203186035156
2023-06-27 21:57:01.87677568 +0200 CEST m=+10085.367947004,35.82579803466797
2023-06-27 21:57:01.876790769 +0200 CEST m=+10085.367962091,35.565879821777344
2023-06-27 21:57:01.876802806 +0200 CEST m=+10085.367974135,35.3431396484375
2023-06-27 21:57:01.876817022 +0200 CEST m=+10085.367988343,35.158042907714844
2023-06-27 21:57:01.876827475 +0200 CEST m=+10085.367998796,35.010948181152344
2023-06-27 21:57:01.876839793 +0200 CEST m=+10085.368011119,34.90212631225586
2023-06-27 21:57:01.87686524 +0200 CEST m=+10085.368036561,34.83174514770508
2023-06-27 21:57:01.876872356 +0200 CEST m=+10085.368043678,34.79988098144531
2023-06-27 21:57:01.876880682 +0200 CEST m=+10085.368052004,34.8065071105957
2023-06-27 21:57:01.876888783 +0200 CEST m=+10085.368060105,34.85150146484375
2023-06-27 21:57:01.876992908 +0200 CEST m=+10085.368164233,34.93464279174805
2023-06-27 21:57:01.877171245 +0200 CEST m=+10085.368342567,35.05561065673828
2023-06-27 21:57:01.877358547 +0200 CEST m=+10085.368529873,35.2140007019043
2023-06-27 21:57:01.892703058 +0200 CEST m=+10085.383874377,35.463836669921875
2023-06-27 21:57:01.892745309 +0200 CEST m=+10085.383916632,35.77015686035156
2023-06-27 21:57:01.892759215 +0200 CEST m=+10085.383930534,36.131553649902344
2023-06-27 21:57:01.892766384 +0200 CEST m=+10085.383937705,36.546409606933594
2023-06-27 21:57:01.892773249 +0200 CEST m=+10085.383944569,37.012901306152344
2023-06-27 21:57:01.892779328 +0200 CEST m=+10085.383950648,36.621421813964844
2023-06-27 21:57:01.892786538 +0200 CEST m=+10085.383957859,36.252845764160156
2023-06-27 21:57:01.892793681 +0200 CEST m=+10085.383965002,35.9398078918457
2023-06-27 21:57:01.89280028 +0200 CEST m=+10085.383971600,35.68335723876953
2023-06-27 21:57:01.892807102 +0200 CEST m=+10085.383978423,35.48429870605469
2023-06-27 21:57:01.89281316 +0200 CEST m=+10085.383984479,35.34321975708008
2023-06-27 21:57:01.892820163 +0200 CEST m=+10085.383991484,35.260475158691406
2023-06-27 21:57:01.892826657 +0200 CEST m=+10085.383997977,35.23618698120117
2023-06-27 21:57:01.89284132 +0200 CEST m=+10085.384012640,35.27023696899414
2023-06-27 21:57:01.893033615 +0200 CEST m=+10085.384204935,35.36228561401367
2023-06-27 21:57:01.893140537 +0200 CEST m=+10085.384311861,35.51176834106445
2023-06-27 21:57:01.908712591 +0200 CEST m=+10085.399883913,35.7178840637207
2023-06-27 21:57:01.908792683 +0200 CEST m=+10085.399964010,35.979618072509766
2023-06-27 21:57:01.908802305 +0200 CEST m=+10085.399973628,36.29573440551758
2023-06-27 21:57:01.908809267 +0200 CEST m=+10085.399980589,36.586822509765625
2023-06-27 21:57:01.908816131 +0200 CEST m=+10085.399987453,36.91096115112305
2023-06-27 21:57:01.90882316 +0200 CEST m=+10085.399994482,37.267234802246094
2023-06-27 21:57:01.908830897 +0200 CEST m=+10085.400002220,38.11091613769531
2023-06-27 21:57:01.908837727 +0200 CEST m=+10085.400009049,39.25558853149414
2023-06-27 21:57:01.908846816 +0200 CEST m=+10085.400018139,40.42409133911133
2023-06-27 21:57:01.908854049 +0200 CEST m=+10085.400025371,41.613399505615234
2023-06-27 21:57:01.908860887 +0200 CEST m=+10085.400032210,42.820438385009766
2023-06-27 21:57:01.908868033 +0200 CEST m=+10085.400039356,44.042110443115234
2023-06-27 21:57:01.908874693 +0200 CEST m=+10085.400046014,45.275272369384766
2023-06-27 21:57:01.908907114 +0200 CEST m=+10085.400078440,46.51677703857422
2023-06-27 21:57:01.909128317 +0200 CEST m=+10085.400299644,47.76345443725586
2023-06-27 21:57:01.909337083 +0200 CEST m=+10085.400508405,49.01213073730469
2023-06-27 21:57:01.924753693 +0200 CEST m=+10085.415925020,50.259647369384766
2023-06-27 21:57:01.924768904 +0200 CEST m=+10085.415940230,51.502845764160156
2023-06-27 21:57:01.924781752 +0200 CEST m=+10085.415953078,52.738590240478516
2023-06-27 21:57:01.924795599 +0200 CEST m=+10085.415966924,53.96377944946289
2023-06-27 21:57:01.924812247 +0200 CEST m=+10085.415983573,55.17533874511719
2023-06-27 21:57:01.924825415 +0200 CEST m=+10085.415996743,56.37024688720703
2023-06-27 21:57:01.924841087 +0200 CEST m=+10085.416012416,57.54552459716797
2023-06-27 21:57:01.924855822 +0200 CEST m=+10085.416027148,58.69825744628906
2023-06-27 21:57:01.924879195 +0200 CEST m=+10085.416050528,59.82559585571289
2023-06-27 21:57:01.924909997 +0200 CEST m=+10085.416081323,60.92475509643555
2023-06-27 21:57:01.92492443 +0200 CEST m=+10085.416095756,61.9930419921875
2023-06-27 21:57:01.92493821 +0200 CEST m=+10085.416109536,62.4675407409668
2023-06-27 21:57:01.924949027 +0200 CEST m=+10085.416120351,62.76185989379883
2023-06-27 21:57:01.925021109 +0200 CEST m=+10085.416192430,63.02305221557617
2023-06-27 21:57:01.92519438 +0200 CEST m=+10085.416365706,63.25055694580078
2023-06-27 21:57:01.925384172 +0200 CEST m=+10085.416555502,63.44389724731445
2023-06-27 21:57:01.940766538 +0200 CEST m=+10085.431937897,63.60268783569336
2023-06-27 21:57:01.940805879 +0200 CEST m=+10085.431977217,63.72663116455078
2023-06-27 21:57:01.940844267 +0200 CEST m=+10085.432015628,63.815513610839844
2023-06-27 21:57:01.940875407 +0200 CEST m=+10085.432046747,63.87714767456055
2023-06-27 21:57:01.940905537 +0200 CEST m=+10085.432076876,63.883785247802734
2023-06-27 21:57:01.940931079 +0200 CEST m=+10085.432102439,63.83560562133789
2023-06-27 21:57:01.940979768 +0200 CEST m=+10085.432151105,63.73301315307617
2023-06-27 21:57:01.941007154 +0200 CEST m=+10085.432178509,63.57661437988281
2023-06-27 21:57:01.941033338 +0200 CEST m=+10085.432204678,75.42315673828125
2023-06-27 21:57:01.941067035 +0200 CEST m=+10085.432238372,75.04280090332031
2023-06-27 21:57:01.941097503 +0200 CEST m=+10085.432268846,73.67135620117188
2023-06-27 21:57:01.941125351 +0200 CEST m=+10085.432296696,70.47366333007812
2023-06-27 21:57:01.941152148 +0200 CEST m=+10085.432323489,69.87491607666016
2023-06-27 21:57:01.941285512 +0200 CEST m=+10085.432456876,70.00130462646484
2023-06-27 21:57:01.941689064 +0200 CEST m=+10085.432860392,70.66654968261719
2023-06-27 21:57:01.941909505 +0200 CEST m=+10085.433080830,71.25240325927734
2023-06-27 21:57:01.956787256 +0200 CEST m=+10085.447958583,71.75623321533203
2023-06-27 21:57:01.95682265 +0200 CEST m=+10085.447993976,72.1757583618164
2023-06-27 21:57:01.956856826 +0200 CEST m=+10085.448028160,72.50899505615234
2023-06-27 21:57:01.956873927 +0200 CEST m=+10085.448045255,72.75430297851562
2023-06-27 21:57:01.956894122 +0200 CEST m=+10085.448065456,72.91039276123047
2023-06-27 21:57:01.956914604 +0200 CEST m=+10085.448085940,72.97038269042969
2023-06-27 21:57:01.956926786 +0200 CEST m=+10085.448098115,72.97233581542969
2023-06-27 21:57:01.956961398 +0200 CEST m=+10085.448132726,72.91609191894531
2023-06-27 21:57:01.956979104 +0200 CEST m=+10085.448150432,72.80160522460938
2023-06-27 21:57:01.956997639 +0200 CEST m=+10085.448168971,72.62901306152344
2023-06-27 21:57:01.957027877 +0200 CEST m=+10085.448199212,72.3985824584961
2023-06-27 21:57:01.957045461 +0200 CEST m=+10085.448216794,72.11072540283203
2023-06-27 21:57:01.957064011 +0200 CEST m=+10085.448235340,71.76600646972656
2023-06-27 21:57:01.957117807 +0200 CEST m=+10085.448289138,71.36514282226562
2023-06-27 21:57:01.957475875 +0200 CEST m=+10085.448647222,70.90898895263672
2023-06-27 21:57:01.957734009 +0200 CEST m=+10085.448905349,70.39854431152344
2023-06-27 21:57:01.972722824 +0200 CEST m=+10085.463894144,68.17231750488281
2023-06-27 21:57:01.972729265 +0200 CEST m=+10085.463900586,66.46593475341797
2023-06-27 21:57:01.972741325 +0200 CEST m=+10085.463912646,63.76356887817383
2023-06-27 21:57:01.972754582 +0200 CEST m=+10085.463925910,61.881797790527344
2023-06-27 21:57:01.972813466 +0200 CEST m=+10085.463984788,60.081504821777344
2023-06-27 21:57:01.97282715 +0200 CEST m=+10085.463998472,58.27027130126953
2023-06-27 21:57:01.972840886 +0200 CEST m=+10085.464012208,56.571903228759766
2023-06-27 21:57:01.97285289 +0200 CEST m=+10085.464024215,54.153419494628906
2023-06-27 21:57:01.972866496 +0200 CEST m=+10085.464037818,52.66973114013672
2023-06-27 21:57:01.972879201 +0200 CEST m=+10085.464050524,51.18046569824219
2023-06-27 21:57:01.972893147 +0200 CEST m=+10085.464064469,49.689395904541016
2023-06-27 21:57:01.972904714 +0200 CEST m=+10085.464076036,48.200286865234375
2023-06-27 21:57:01.972916027 +0200 CEST m=+10085.464087349,46.716896057128906
2023-06-27 21:57:01.972931114 +0200 CEST m=+10085.464102438,45.24296951293945
2023-06-27 21:57:01.973070776 +0200 CEST m=+10085.464242098,43.78221893310547
2023-06-27 21:57:01.97321535 +0200 CEST m=+10085.464386672,42.33832550048828
2023-06-27 21:57:01.988757366 +0200 CEST m=+10085.479928705,40.914920806884766
2023-06-27 21:57:01.988773686 +0200 CEST m=+10085.479945026,39.51558303833008
2023-06-27 21:57:01.988788136 +0200 CEST m=+10085.479959475,38.143829345703125
2023-06-27 21:57:01.988802033 +0200 CEST m=+10085.479973374,36.803104400634766
2023-06-27 21:57:01.988823001 +0200 CEST m=+10085.479994340,35.21166229248047
2023-06-27 21:57:01.988837798 +0200 CEST m=+10085.480009136,34.71489715576172
2023-06-27 21:57:01.988852755 +0200 CEST m=+10085.480024094,34.27892303466797
2023-06-27 21:57:01.988868763 +0200 CEST m=+10085.480040101,33.90540313720703
2023-06-27 21:57:01.98888713 +0200 CEST m=+10085.480058469,33.59574508666992
2023-06-27 21:57:01.988901757 +0200 CEST m=+10085.480073094,33.351112365722656
2023-06-27 21:57:01.988916566 +0200 CEST m=+10085.480087906,33.17240524291992
2023-06-27 21:57:01.988931641 +0200 CEST m=+10085.480102981,33.06025695800781
2023-06-27 21:57:01.988947412 +0200 CEST m=+10085.480118749,33.015052795410156
2023-06-27 21:57:01.989374129 +0200 CEST m=+10085.480545480,33.03689956665039
2023-06-27 21:57:01.989852721 +0200 CEST m=+10085.481024072,33.12564468383789
2023-06-27 21:57:01.990302128 +0200 CEST m=+10085.481473476,33.2808723449707
2023-06-27 21:57:02.004899549 +0200 CEST m=+10085.496070879,33.50190353393555
2023-06-27 21:57:02.0049215 +0200 CEST m=+10085.496092830,33.78779983520508
2023-06-27 21:57:02.004942793 +0200 CEST m=+10085.496114124,34.13737106323242
2023-06-27 21:57:02.004966404 +0200 CEST m=+10085.496137731,34.549171447753906
2023-06-27 21:57:02.004980873 +0200 CEST m=+10085.496152201,35.02151870727539
2023-06-27 21:57:02.004997749 +0200 CEST m=+10085.496169078,35.16289520263672
2023-06-27 21:57:02.005027793 +0200 CEST m=+10085.496199125,34.690189361572266
2023-06-27 21:57:02.005053552 +0200 CEST m=+10085.496224889,34.35577392578125
2023-06-27 21:57:02.00507628 +0200 CEST m=+10085.496247610,34.061134338378906
2023-06-27 21:57:02.005094386 +0200 CEST m=+10085.496265715,33.80698013305664
2023-06-27 21:57:02.005112651 +0200 CEST m=+10085.496283985,33.59392547607422
2023-06-27 21:57:02.005131331 +0200 CEST m=+10085.496302661,33.42247009277344
2023-06-27 21:57:02.005148365 +0200 CEST m=+10085.496319698,33.29301834106445
2023-06-27 21:57:02.005684962 +0200 CEST m=+10085.496856299,33.20586395263672
2023-06-27 21:57:02.006024834 +0200 CEST m=+10085.497196168,33.161190032958984
2023-06-27 21:57:02.00634088 +0200 CEST m=+10085.497512215,33.15907669067383
2023-06-27 21:57:02.020707056 +0200 CEST m=+10085.511878379,33.199493408203125
2023-06-27 21:57:02.020714066 +0200 CEST m=+10085.511885388,33.28230667114258
2023-06-27 21:57:02.020724069 +0200 CEST m=+10085.511895392,33.40727233886719
2023-06-27 21:57:02.020731358 +0200 CEST m=+10085.511902680,33.574039459228516
2023-06-27 21:57:02.02073827 +0200 CEST m=+10085.511909593,33.78215789794922
2023-06-27 21:57:02.020746224 +0200 CEST m=+10085.511917549,34.031063079833984
2023-06-27 21:57:02.020754848 +0200 CEST m=+10085.511926171,34.32009506225586
2023-06-27 21:57:02.020764595 +0200 CEST m=+10085.511935918,34.64849853515625
2023-06-27 21:57:02.020771489 +0200 CEST m=+10085.511942812,35.01539993286133
2023-06-27 21:57:02.020778575 +0200 CEST m=+10085.511949897,35.41984939575195
2023-06-27 21:57:02.020786295 +0200 CEST m=+10085.511957618,36.59807205200195
2023-06-27 21:57:02.020793265 +0200 CEST m=+10085.511964589,37.91450500488281
2023-06-27 21:57:02.020801055 +0200 CEST m=+10085.511972378,39.260398864746094
2023-06-27 21:57:02.021003397 +0200 CEST m=+10085.512174719,40.63233184814453
2023-06-27 21:57:02.021181683 +0200 CEST m=+10085.512353008,42.02681350708008
2023-06-27 21:57:02.021420169 +0200 CEST m=+10085.512591497,43.440303802490234
2023-06-27 21:57:02.036750287 +0200 CEST m=+10085.527921614,44.869224548339844
2023-06-27 21:57:02.036763957 +0200 CEST m=+10085.527935280,46.30994415283203
2023-06-27 21:57:02.036778036 +0200 CEST m=+10085.527949357,47.758819580078125
2023-06-27 21:57:02.036833982 +0200 CEST m=+10085.528005305,49.21218490600586
2023-06-27 21:57:02.0368495 +0200 CEST m=+10085.528020830,50.66636657714844
2023-06-27 21:57:02.036860818 +0200 CEST m=+10085.528032141,52.1176872253418
2023-06-27 21:57:02.036867503 +0200 CEST m=+10085.528038825,53.5624885559082
2023-06-27 21:57:02.036875388 +0200 CEST m=+10085.528046712,55.35376739501953
2023-06-27 21:57:02.036886563 +0200 CEST m=+10085.528057887,57.12211227416992
2023-06-27 21:57:02.036903063 +0200 CEST m=+10085.528074391,58.860572814941406
2023-06-27 21:57:02.036917016 +0200 CEST m=+10085.528088343,60.562313079833984
2023-06-27 21:57:02.036931031 +0200 CEST m=+10085.528102358,62.22066116333008
2023-06-27 21:57:02.036944471 +0200 CEST m=+10085.528115799,65.00485229492188
2023-06-27 21:57:02.036961773 +0200 CEST m=+10085.528133101,65.9819107055664
2023-06-27 21:57:02.037070723 +0200 CEST m=+10085.528242051,66.480224609375
2023-06-27 21:57:02.037243889 +0200 CEST m=+10085.528415217,66.91363525390625
2023-06-27 21:57:02.052796398 +0200 CEST m=+10085.543967722,67.28042602539062
2023-06-27 21:57:02.052810074 +0200 CEST m=+10085.543981398,67.5791244506836
2023-06-27 21:57:02.052824605 +0200 CEST m=+10085.543995929,67.80851745605469
2023-06-27 21:57:02.052836849 +0200 CEST m=+10085.544008172,67.96768951416016
2023-06-27 21:57:02.052851285 +0200 CEST m=+10085.544022609,68.05599212646484
2023-06-27 21:57:02.052863638 +0200 CEST m=+10085.544034963,68.07305145263672
2023-06-27 21:57:02.052875079 +0200 CEST m=+10085.544046403,68.0187759399414
2023-06-27 21:57:02.052886509 +0200 CEST m=+10085.544057833,67.89336395263672
2023-06-27 21:57:02.052900403 +0200 CEST m=+10085.544071726,67.69728088378906
2023-06-27 21:57:02.052917243 +0200 CEST m=+10085.544088566,67.49002838134766
2023-06-27 21:57:02.052928253 +0200 CEST m=+10085.544099573,67.23854064941406
2023-06-27 21:57:02.052939225 +0200 CEST m=+10085.544110549,66.94343566894531
2023-06-27 21:57:02.052948887 +0200 CEST m=+10085.544120208,66.60545349121094
2023-06-27 21:57:02.053052307 +0200 CEST m=+10085.544223627,66.22543334960938
2023-06-27 21:57:02.053216722 +0200 CEST m=+10085.544388042,65.80432891845703
2023-06-27 21:57:02.068715476 +0200 CEST m=+10085.559886796,66.73281860351562
2023-06-27 21:57:02.068761299 +0200 CEST m=+10085.559932619,67.16484069824219
2023-06-27 21:57:02.068767671 +0200 CEST m=+10085.559938991,67.55382537841797
2023-06-27 21:57:02.068775654 +0200 CEST m=+10085.559946973,67.89876556396484
2023-06-27 21:57:02.068783319 +0200 CEST m=+10085.559954638,68.19873046875
2023-06-27 21:57:02.068788946 +0200 CEST m=+10085.559960267,68.45294952392578
2023-06-27 21:57:02.068794536 +0200 CEST m=+10085.559965857,68.66072845458984
2023-06-27 21:57:02.068801663 +0200 CEST m=+10085.559972982,68.82151794433594
2023-06-27 21:57:02.068807303 +0200 CEST m=+10085.559978624,68.93486022949219
2023-06-27 21:57:02.068812877 +0200 CEST m=+10085.559984198,69.00043487548828
2023-06-27 21:57:02.068819205 +0200 CEST m=+10085.559990526,69.0180435180664
2023-06-27 21:57:02.068825877 +0200 CEST m=+10085.559997197,68.98760223388672
2023-06-27 21:57:02.06884283 +0200 CEST m=+10085.560014151,68.90914154052734
2023-06-27 21:57:02.06884927 +0200 CEST m=+10085.560020590,68.7828369140625
2023-06-27 21:57:02.068980778 +0200 CEST m=+10085.560152102,68.60894775390625
2023-06-27 21:57:02.069131321 +0200 CEST m=+10085.560302645,68.38789367675781
2023-06-27 21:57:02.069268781 +0200 CEST m=+10085.560440101,68.12018585205078
2023-06-27 21:57:02.084763213 +0200 CEST m=+10085.575934553,67.80647277832031
2023-06-27 21:57:02.084948399 +0200 CEST m=+10085.576119757,67.44750213623047
2023-06-27 21:57:02.084999471 +0200 CEST m=+10085.576170833,67.04414367675781
2023-06-27 21:57:02.085034342 +0200 CEST m=+10085.576205700,66.5973892211914
2023-06-27 21:57:02.085071774 +0200 CEST m=+10085.576243134,65.26837921142578
2023-06-27 21:57:02.085113538 +0200 CEST m=+10085.576284898,63.77963638305664
2023-06-27 21:57:02.085151816 +0200 CEST m=+10085.576323169,62.254886627197266
2023-06-27 21:57:02.085182448 +0200 CEST m=+10085.576353814,60.69794845581055
2023-06-27 21:57:02.085211143 +0200 CEST m=+10085.576382505,59.112735748291016
2023-06-27 21:57:02.085243164 +0200 CEST m=+10085.576414519,57.097530364990234
2023-06-27 21:57:02.08527954 +0200 CEST m=+10085.576450896,55.05229568481445
2023-06-27 21:57:02.085323338 +0200 CEST m=+10085.576494689,52.98508071899414
2023-06-27 21:57:02.085405362 +0200 CEST m=+10085.576576727,50.904022216796875
2023-06-27 21:57:02.085559551 +0200 CEST m=+10085.576730877,48.81733322143555
2023-06-27 21:57:02.085819058 +0200 CEST m=+10085.576990383,46.73324203491211
2023-06-27 21:57:02.101055585 +0200 CEST m=+10085.592226933,44.65998840332031
2023-06-27 21:57:02.101103303 +0200 CEST m=+10085.592274640,42.605770111083984
2023-06-27 21:57:02.101134509 +0200 CEST m=+10085.592305843,40.57871627807617
2023-06-27 21:57:02.101219359 +0200 CEST m=+10085.592390688,39.40261459350586
2023-06-27 21:57:02.101244799 +0200 CEST m=+10085.592416136,37.87964630126953
2023-06-27 21:57:02.101272224 +0200 CEST m=+10085.592443559,36.36997985839844
2023-06-27 21:57:02.101295907 +0200 CEST m=+10085.592467246,34.992286682128906
2023-06-27 21:57:02.101323186 +0200 CEST m=+10085.592494524,35.07503128051758
2023-06-27 21:57:02.101350528 +0200 CEST m=+10085.592521872,34.66710662841797
2023-06-27 21:57:02.101393183 +0200 CEST m=+10085.592564510,34.32024002075195
2023-06-27 21:57:02.101414422 +0200 CEST m=+10085.592585752,34.03571319580078
2023-06-27 21:57:02.101432752 +0200 CEST m=+10085.592604086,33.81456756591797
2023-06-27 21:57:02.101467901 +0200 CEST m=+10085.592639223,33.6575813293457
2023-06-27 21:57:02.101484986 +0200 CEST m=+10085.592656307,33.578548431396484
2023-06-27 21:57:02.101625217 +0200 CEST m=+10085.592796538,33.541080474853516
2023-06-27 21:57:02.101951906 +0200 CEST m=+10085.593123227,33.54521179199219
2023-06-27 21:57:02.116799622 +0200 CEST m=+10085.607970942,33.59089660644531
2023-06-27 21:57:02.116809541 +0200 CEST m=+10085.607980862,33.6779670715332
2023-06-27 21:57:02.116815117 +0200 CEST m=+10085.607986437,33.80615234375
2023-06-27 21:57:02.116821978 +0200 CEST m=+10085.607993298,33.97509002685547
2023-06-27 21:57:02.116827582 +0200 CEST m=+10085.607998902,34.184303283691406
2023-06-27 21:57:02.116834203 +0200 CEST m=+10085.608005524,34.4332160949707
2023-06-27 21:57:02.116846385 +0200 CEST m=+10085.608017712,34.72115707397461
2023-06-27 21:57:02.116854708 +0200 CEST m=+10085.608026029,35.04735565185547
2023-06-27 21:57:02.116861354 +0200 CEST m=+10085.608032674,35.41094207763672
2023-06-27 21:57:02.116870194 +0200 CEST m=+10085.608041514,35.81095504760742
2023-06-27 21:57:02.11687604 +0200 CEST m=+10085.608047360,35.45880889892578
2023-06-27 21:57:02.11688231 +0200 CEST m=+10085.608053630,35.10955047607422
2023-06-27 21:57:02.116890212 +0200 CEST m=+10085.608061531,34.79829406738281
2023-06-27 21:57:02.117054047 +0200 CEST m=+10085.608225382,34.52578353881836
2023-06-27 21:57:02.117236831 +0200 CEST m=+10085.608408150,34.292659759521484
2023-06-27 21:57:02.117391207 +0200 CEST m=+10085.608562531,34.09947204589844
2023-06-27 21:57:02.132711876 +0200 CEST m=+10085.623883206,33.9466552734375
2023-06-27 21:57:02.132728081 +0200 CEST m=+10085.623899411,33.83455276489258
2023-06-27 21:57:02.132744263 +0200 CEST m=+10085.623915594,33.76340103149414
2023-06-27 21:57:02.132768739 +0200 CEST m=+10085.623940069,33.733333587646484
2023-06-27 21:57:02.132787035 +0200 CEST m=+10085.623958367,33.744380950927734
2023-06-27 21:57:02.132803019 +0200 CEST m=+10085.623974351,33.79646301269531
2023-06-27 21:57:02.132819466 +0200 CEST m=+10085.623990797,33.889404296875
2023-06-27 21:57:02.132836407 +0200 CEST m=+10085.624007741,34.022926330566406
2023-06-27 21:57:02.132854454 +0200 CEST m=+10085.624025786,34.19664001464844
2023-06-27 21:57:02.132873947 +0200 CEST m=+10085.624045285,34.41006088256836
2023-06-27 21:57:02.132892558 +0200 CEST m=+10085.624063888,34.66260528564453
2023-06-27 21:57:02.132913537 +0200 CEST m=+10085.624084872,34.953590393066406
2023-06-27 21:57:02.13293256 +0200 CEST m=+10085.624103894,35.370182037353516
2023-06-27 21:57:02.133005263 +0200 CEST m=+10085.624176602,35.8438835144043
2023-06-27 21:57:02.133230142 +0200 CEST m=+10085.624401471,37.08332824707031
2023-06-27 21:57:02.133446363 +0200 CEST m=+10085.624617689,38.67633056640625
2023-06-27 21:57:02.148731294 +0200 CEST m=+10085.639902614,40.31169891357422
2023-06-27 21:57:02.148743145 +0200 CEST m=+10085.639914467,41.98292541503906
2023-06-27 21:57:02.148752949 +0200 CEST m=+10085.639924279,43.68335723876953
2023-06-27 21:57:02.14876861 +0200 CEST m=+10085.639939931,45.406246185302734
2023-06-27 21:57:02.148775958 +0200 CEST m=+10085.639947279,47.14476013183594
2023-06-27 21:57:02.148782211 +0200 CEST m=+10085.639953532,48.89201736450195
2023-06-27 21:57:02.148789823 +0200 CEST m=+10085.639961144,50.641109466552734
2023-06-27 21:57:02.148803824 +0200 CEST m=+10085.639975145,52.385135650634766
2023-06-27 21:57:02.148817333 +0200 CEST m=+10085.639988658,54.11722183227539
2023-06-27 21:57:02.148830965 +0200 CEST m=+10085.640002290,55.830543518066406
2023-06-27 21:57:02.14884549 +0200 CEST m=+10085.640016815,57.518375396728516
2023-06-27 21:57:02.148858334 +0200 CEST m=+10085.640029660,59.174095153808594
2023-06-27 21:57:02.148873915 +0200 CEST m=+10085.640045236,60.79121017456055
2023-06-27 21:57:02.148988892 +0200 CEST m=+10085.640160217,62.363399505615234
2023-06-27 21:57:02.149174803 +0200 CEST m=+10085.640346129,63.85106658935547
2023-06-27 21:57:02.149339058 +0200 CEST m=+10085.640510379,64.22511291503906
2023-06-27 21:57:02.16472454 +0200 CEST m=+10085.655895866,64.56279754638672
2023-06-27 21:57:02.164733953 +0200 CEST m=+10085.655905274,64.86331176757812
2023-06-27 21:57:02.16474064 +0200 CEST m=+10085.655911959,65.12594604492188
2023-06-27 21:57:02.164748148 +0200 CEST m=+10085.655919468,65.35006713867188
2023-06-27 21:57:02.164799174 +0200 CEST m=+10085.655970494,65.53516387939453
2023-06-27 21:57:02.164807126 +0200 CEST m=+10085.655978446,65.68081665039062
2023-06-27 21:57:02.164813837 +0200 CEST m=+10085.655985157,65.78669738769531
2023-06-27 21:57:02.164820472 +0200 CEST m=+10085.655991793,65.85258483886719
2023-06-27 21:57:02.164826581 +0200 CEST m=+10085.655997901,65.87836456298828
2023-06-27 21:57:02.164832964 +0200 CEST m=+10085.656004285,65.86402130126953
2023-06-27 21:57:02.164838802 +0200 CEST m=+10085.656010122,65.80963134765625
2023-06-27 21:57:02.164845338 +0200 CEST m=+10085.656016657,65.71537780761719
2023-06-27 21:57:02.164852871 +0200 CEST m=+10085.656024191,72.19184875488281
2023-06-27 21:57:02.16488442 +0200 CEST m=+10085.656055741,71.99091339111328
2023-06-27 21:57:02.165054192 +0200 CEST m=+10085.656225512,71.73365783691406
2023-06-27 21:57:02.165168938 +0200 CEST m=+10085.656340258,71.4205551147461
2023-06-27 21:57:02.180720026 +0200 CEST m=+10085.671891354,71.05224609375
2023-06-27 21:57:02.180756309 +0200 CEST m=+10085.671927637,70.62950134277344
2023-06-27 21:57:02.180775069 +0200 CEST m=+10085.671946405,70.15323638916016
2023-06-27 21:57:02.180793635 +0200 CEST m=+10085.671964968,69.86325073242188
2023-06-27 21:57:02.180813975 +0200 CEST m=+10085.671985306,70.43043518066406
2023-06-27 21:57:02.180874244 +0200 CEST m=+10085.672045570,70.94751739501953
2023-06-27 21:57:02.180896169 +0200 CEST m=+10085.672067498,71.41302490234375
2023-06-27 21:57:02.180911561 +0200 CEST m=+10085.672082891,71.82563781738281
2023-06-27 21:57:02.180928304 +0200 CEST m=+10085.672099631,72.18415069580078
2023-06-27 21:57:02.18094626 +0200 CEST m=+10085.672117594,72.48748779296875
2023-06-27 21:57:02.180965428 +0200 CEST m=+10085.672136759,72.76248931884766
2023-06-27 21:57:02.180986104 +0200 CEST m=+10085.672157438,72.95320892333984
2023-06-27 21:57:02.181003144 +0200 CEST m=+10085.672174472,73.08631896972656
2023-06-27 21:57:02.18101973 +0200 CEST m=+10085.672191056,73.16131591796875
2023-06-27 21:57:02.181315042 +0200 CEST m=+10085.672486365,73.17281341552734
2023-06-27 21:57:02.181591699 +0200 CEST m=+10085.672763024,73.09258270263672
2023-06-27 21:57:02.196717866 +0200 CEST m=+10085.687889187,72.92060852050781
2023-06-27 21:57:02.196773438 +0200 CEST m=+10085.687944760,72.65723419189453
2023-06-27 21:57:02.196788076 +0200 CEST m=+10085.687959405,72.30319213867188
2023-06-27 21:57:02.19680181 +0200 CEST m=+10085.687973131,71.85955047607422
2023-06-27 21:57:02.196812978 +0200 CEST m=+10085.687984300,71.32774353027344
2023-06-27 21:57:02.196831764 +0200 CEST m=+10085.688003086,70.7095718383789
2023-06-27 21:57:02.196842236 +0200 CEST m=+10085.688013558,69.26773834228516
2023-06-27 21:57:02.196848948 +0200 CEST m=+10085.688020270,65.97427368164062
2023-06-27 21:57:02.196855523 +0200 CEST m=+10085.688026845,62.877384185791016
2023-06-27 21:57:02.196869166 +0200 CEST m=+10085.688040488,60.58336639404297
2023-06-27 21:57:02.196876372 +0200 CEST m=+10085.688047693,58.04646682739258
2023-06-27 21:57:02.196888831 +0200 CEST m=+10085.688060153,55.97633743286133
2023-06-27 21:57:02.196902661 +0200 CEST m=+10085.688073983,53.379180908203125
2023-06-27 21:57:02.196933096 +0200 CEST m=+10085.688104422,51.537681579589844
2023-06-27 21:57:02.197208338 +0200 CEST m=+10085.688379665,49.69253158569336
2023-06-27 21:57:02.197382071 +0200 CEST m=+10085.688553398,47.851016998291016
2023-06-27 21:57:02.2127389 +0200 CEST m=+10085.703910238,46.0203971862793
2023-06-27 21:57:02.212761626 +0200 CEST m=+10085.703932963,44.56859588623047
2023-06-27 21:57:02.212776971 +0200 CEST m=+10085.703948307,43.13203811645508
2023-06-27 21:57:02.212806315 +0200 CEST m=+10085.703977648,41.71433639526367
2023-06-27 21:57:02.212824893 +0200 CEST m=+10085.703996229,40.31904983520508
2023-06-27 21:57:02.212840181 +0200 CEST m=+10085.704011519,38.949684143066406
2023-06-27 21:57:02.212856195 +0200 CEST m=+10085.704027529,37.60966491699219
2023-06-27 21:57:02.212876741 +0200 CEST m=+10085.704048076,36.30235290527344
2023-06-27 21:57:02.21290779 +0200 CEST m=+10085.704079125,35.27815628051758
2023-06-27 21:57:02.212925571 +0200 CEST m=+10085.704096900,34.89201736450195
2023-06-27 21:57:02.212938658 +0200 CEST m=+10085.704109986,34.544437408447266
2023-06-27 21:57:02.212954143 +0200 CEST m=+10085.704125479,34.23625564575195
2023-06-27 21:57:02.212970898 +0200 CEST m=+10085.704142233,33.96820831298828
2023-06-27 21:57:02.213011493 +0200 CEST m=+10085.704182822,33.74093246459961
2023-06-27 21:57:02.21329474 +0200 CEST m=+10085.704466077,33.55495071411133
2023-06-27 21:57:02.21355887 +0200 CEST m=+10085.704730199,33.41069793701172
2023-06-27 21:57:02.228750576 +0200 CEST m=+10085.719921898,33.308494567871094
2023-06-27 21:57:02.228770295 +0200 CEST m=+10085.719941618,33.2485466003418
2023-06-27 21:57:02.228778267 +0200 CEST m=+10085.719949588,33.23096466064453
2023-06-27 21:57:02.228784337 +0200 CEST m=+10085.719955657,33.2557487487793
2023-06-27 21:57:02.228792829 +0200 CEST m=+10085.719964150,33.322792053222656
2023-06-27 21:57:02.228798709 +0200 CEST m=+10085.719970030,33.431880950927734
2023-06-27 21:57:02.228804477 +0200 CEST m=+10085.719975798,33.58269119262695
2023-06-27 21:57:02.228813452 +0200 CEST m=+10085.719984772,33.77479934692383
2023-06-27 21:57:02.228820277 +0200 CEST m=+10085.719991598,34.00767517089844
2023-06-27 21:57:02.228829363 +0200 CEST m=+10085.720000682,34.28068923950195
2023-06-27 21:57:02.228835676 +0200 CEST m=+10085.720006997,34.59311294555664
2023-06-27 21:57:02.22884151 +0200 CEST m=+10085.720012831,34.94410705566406
2023-06-27 21:57:02.228847517 +0200 CEST m=+10085.720018837,35.33274841308594
2023-06-27 21:57:02.229000851 +0200 CEST m=+10085.720172180,35.373966217041016
2023-06-27 21:57:02.229131318 +0200 CEST m=+10085.720302638,34.99845886230469
2023-06-27 21:57:02.229270906 +0200 CEST m=+10085.720442226,34.66123580932617
2023-06-27 21:57:02.244754597 +0200 CEST m=+10085.735925922,34.29477310180664
2023-06-27 21:57:02.244767319 +0200 CEST m=+10085.735938644,33.99075698852539
2023-06-27 21:57:02.244779188 +0200 CEST m=+10085.735950512,33.75029754638672
2023-06-27 21:57:02.244790736 +0200 CEST m=+10085.735962060,33.57426071166992
2023-06-27 21:57:02.244802498 +0200 CEST m=+10085.735973825,33.4632568359375
2023-06-27 21:57:02.244814463 +0200 CEST m=+10085.735985787,33.41763687133789
2023-06-27 21:57:02.244825046 +0200 CEST m=+10085.735996366,33.43749237060547
2023-06-27 21:57:02.244838062 +0200 CEST m=+10085.736009383,33.52265548706055
2023-06-27 21:57:02.244847052 +0200 CEST m=+10085.736018373,33.67270278930664
2023-06-27 21:57:02.244856334 +0200 CEST m=+10085.736027655,33.886959075927734
2023-06-27 21:57:02.244870609 +0200 CEST m=+10085.736041936,34.16448974609375
2023-06-27 21:57:02.244882993 +0200 CEST m=+10085.736054314,34.504112243652344
2023-06-27 21:57:02.244894162 +0200 CEST m=+10085.736065484,34.9044075012207
2023-06-27 21:57:02.24498814 +0200 CEST m=+10085.736159465,35.363712310791016
2023-06-27 21:57:02.245131896 +0200 CEST m=+10085.736303221,36.190879821777344
2023-06-27 21:57:02.245244315 +0200 CEST m=+10085.736415636,37.79579544067383
2023-06-27 21:57:02.260726805 +0200 CEST m=+10085.751898135,39.44668960571289
2023-06-27 21:57:02.260740573 +0200 CEST m=+10085.751911903,41.13698196411133
2023-06-27 21:57:02.260753748 +0200 CEST m=+10085.751925076,42.85995101928711
2023-06-27 21:57:02.260766032 +0200 CEST m=+10085.751937359,44.257259368896484
2023-06-27 21:57:02.260778892 +0200 CEST m=+10085.751950220,45.66755294799805
2023-06-27 21:57:02.260791236 +0200 CEST m=+10085.751962565,47.08726119995117
2023-06-27 21:57:02.260804786 +0200 CEST m=+10085.751976114,48.51278305053711
2023-06-27 21:57:02.260819216 +0200 CEST m=+10085.751990545,49.94051742553711
2023-06-27 21:57:02.260832953 +0200 CEST m=+10085.752004282,51.36684799194336
2023-06-27 21:57:02.26084626 +0200 CEST m=+10085.752017588,52.788177490234375
2023-06-27 21:57:02.260859651 +0200 CEST m=+10085.752030980,54.200923919677734
2023-06-27 21:57:02.260872869 +0200 CEST m=+10085.752044198,55.601524353027344
2023-06-27 21:57:02.260885078 +0200 CEST m=+10085.752056406,56.986454010009766
2023-06-27 21:57:02.261014674 +0200 CEST m=+10085.752185996,58.352230072021484
2023-06-27 21:57:02.261222171 +0200 CEST m=+10085.752393505,59.695430755615234
2023-06-27 21:57:02.261362482 +0200 CEST m=+10085.752533802,61.01268005371094
2023-06-27 21:57:02.276728763 +0200 CEST m=+10085.767900102,62.30068588256836
2023-06-27 21:57:02.276757017 +0200 CEST m=+10085.767928362,63.55622100830078
2023-06-27 21:57:02.276779711 +0200 CEST m=+10085.767951046,66.42913055419922
2023-06-27 21:57:02.276800884 +0200 CEST m=+10085.767972218,66.86111450195312
2023-06-27 21:57:02.276824327 +0200 CEST m=+10085.767995666,67.25077056884766
2023-06-27 21:57:02.276847679 +0200 CEST m=+10085.768019013,67.59709167480469
2023-06-27 21:57:02.276872669 +0200 CEST m=+10085.768044007,67.45268249511719
2023-06-27 21:57:02.27690135 +0200 CEST m=+10085.768072693,67.70059967041016
2023-06-27 21:57:02.276928207 +0200 CEST m=+10085.768099542,67.90387725830078
2023-06-27 21:57:02.276954267 +0200 CEST m=+10085.768125610,68.06199645996094
2023-06-27 21:57:02.276980908 +0200 CEST m=+10085.768152246,68.1745376586914
2023-06-27 21:57:02.277006747 +0200 CEST m=+10085.768178090,68.24119567871094
2023-06-27 21:57:02.27703185 +0200 CEST m=+10085.768203191,68.26178741455078
2023-06-27 21:57:02.277060733 +0200 CEST m=+10085.768232076,68.23625183105469
2023-06-27 21:57:02.277227786 +0200 CEST m=+10085.768399121,68.16462707519531
2023-06-27 21:57:02.292694433 +0200 CEST m=+10085.783865779,68.04708099365234
2023-06-27 21:57:02.292724311 +0200 CEST m=+10085.783895646,67.88390350341797
2023-06-27 21:57:02.292734811 +0200 CEST m=+10085.783906135,67.67546844482422
2023-06-27 21:57:02.292743531 +0200 CEST m=+10085.783914853,67.42230987548828
2023-06-27 21:57:02.292750255 +0200 CEST m=+10085.783921579,67.04390716552734
2023-06-27 21:57:02.292757422 +0200 CEST m=+10085.783928744,66.59805297851562
2023-06-27 21:57:02.292772825 +0200 CEST m=+10085.783944148,66.08647918701172
2023-06-27 21:57:02.292779532 +0200 CEST m=+10085.783950855,66.16254425048828
2023-06-27 21:57:02.292787397 +0200 CEST m=+10085.783958720,66.67311096191406
2023-06-27 21:57:02.292793958 +0200 CEST m=+10085.783965281,67.11808013916016
2023-06-27 21:57:02.292800553 +0200 CEST m=+10085.783971875,67.49568176269531
2023-06-27 21:57:02.292807743 +0200 CEST m=+10085.783979065,67.80438995361328
2023-06-27 21:57:02.292815554 +0200 CEST m=+10085.783986877,68.04295349121094
2023-06-27 21:57:02.292862678 +0200 CEST m=+10085.784034005,68.21039581298828
2023-06-27 21:57:02.293050159 +0200 CEST m=+10085.784221493,68.3060302734375
2023-06-27 21:57:02.293215485 +0200 CEST m=+10085.784386818,68.32943725585938
2023-06-27 21:57:02.308672646 +0200 CEST m=+10085.799843967,68.28050994873047
2023-06-27 21:57:02.308704661 +0200 CEST m=+10085.799875987,68.15938568115234
2023-06-27 21:57:02.308716675 +0200 CEST m=+10085.799888001,67.9665298461914
2023-06-27 21:57:02.308730891 +0200 CEST m=+10085.799902217,67.70266723632812
2023-06-27 21:57:02.308743004 +0200 CEST m=+10085.799914329,67.3687973022461
2023-06-27 21:57:02.308755858 +0200 CEST m=+10085.799927192,66.96621704101562
2023-06-27 21:57:02.308775532 +0200 CEST m=+10085.799946852,66.59571075439453
2023-06-27 21:57:02.308786228 +0200 CEST m=+10085.799957550,66.18314361572266
2023-06-27 21:57:02.308800125 +0200 CEST m=+10085.799971451,65.38337707519531
2023-06-27 21:57:02.308815487 +0200 CEST m=+10085.799986810,63.96745300292969
2023-06-27 21:57:02.308833641 +0200 CEST m=+10085.800004971,62.51572799682617
2023-06-27 21:57:02.308848063 +0200 CEST m=+10085.800019387,61.031864166259766
2023-06-27 21:57:02.30886017 +0200 CEST m=+10085.800031496,59.51959228515625
2023-06-27 21:57:02.308872767 +0200 CEST m=+10085.800044092,57.98272705078125
2023-06-27 21:57:02.308984749 +0200 CEST m=+10085.800156074,56.425140380859375
2023-06-27 21:57:02.309139295 +0200 CEST m=+10085.800310620,54.85076141357422
2023-06-27 21:57:02.324697809 +0200 CEST m=+10085.815869133,53.2635612487793
2023-06-27 21:57:02.324708504 +0200 CEST m=+10085.815879827,51.667545318603516
2023-06-27 21:57:02.324824533 +0200 CEST m=+10085.815995856,50.06674575805664
2023-06-27 21:57:02.324835289 +0200 CEST m=+10085.816006613,48.4651985168457
2023-06-27 21:57:02.324849021 +0200 CEST m=+10085.816020345,46.86695861816406
2023-06-27 21:57:02.324859654 +0200 CEST m=+10085.816030978,45.27606201171875
2023-06-27 21:57:02.324868374 +0200 CEST m=+10085.816039699,43.696533203125
2023-06-27 21:57:02.324883113 +0200 CEST m=+10085.816054437,42.13235855102539
2023-06-27 21:57:02.324895903 +0200 CEST m=+10085.816067226,40.58750534057617
2023-06-27 21:57:02.324906 +0200 CEST m=+10085.816077324,39.06588363647461
2023-06-27 21:57:02.324921403 +0200 CEST m=+10085.816092727,37.912384033203125
2023-06-27 21:57:02.324930613 +0200 CEST m=+10085.816101936,36.49122619628906
2023-06-27 21:57:02.324939662 +0200 CEST m=+10085.816110985,36.29891586303711
2023-06-27 21:57:02.325029868 +0200 CEST m=+10085.816201191,35.51447677612305
2023-06-27 21:57:02.325243174 +0200 CEST m=+10085.816414512,35.14677047729492
2023-06-27 21:57:02.325428713 +0200 CEST m=+10085.816600048,34.81697463989258
2023-06-27 21:57:02.340716301 +0200 CEST m=+10085.831887620,34.525882720947266
2023-06-27 21:57:02.340736047 +0200 CEST m=+10085.831907374,34.27418899536133
2023-06-27 21:57:02.340747927 +0200 CEST m=+10085.831919252,34.06248474121094
2023-06-27 21:57:02.340761451 +0200 CEST m=+10085.831932918,33.89126205444336
2023-06-27 21:57:02.340778952 +0200 CEST m=+10085.831950273,33.76091003417969
2023-06-27 21:57:02.340799 +0200 CEST m=+10085.831970329,33.67170715332031
2023-06-27 21:57:02.340815407 +0200 CEST m=+10085.831986731,33.61833953857422
2023-06-27 21:57:02.340827244 +0200 CEST m=+10085.831998568,33.629669189453125
2023-06-27 21:57:02.340839392 +0200 CEST m=+10085.832010716,33.70555877685547
2023-06-27 21:57:02.340852235 +0200 CEST m=+10085.832023560,33.845619201660156
2023-06-27 21:57:02.340866272 +0200 CEST m=+10085.832037603,34.04921340942383
2023-06-27 21:57:02.340878402 +0200 CEST m=+10085.832049725,34.31544876098633
2023-06-27 21:57:02.340888582 +0200 CEST m=+10085.832059902,34.643184661865234
2023-06-27 21:57:02.340899152 +0200 CEST m=+10085.832070473,35.031044006347656
2023-06-27 21:57:02.341036214 +0200 CEST m=+10085.832207535,35.4774169921875
2023-06-27 21:57:02.341169988 +0200 CEST m=+10085.832341312,35.80989456176758
2023-06-27 21:57:02.356705128 +0200 CEST m=+10085.847876464,35.34604263305664
2023-06-27 21:57:02.356821932 +0200 CEST m=+10085.847993268,34.94064712524414
2023-06-27 21:57:02.356838374 +0200 CEST m=+10085.848009701,34.595218658447266
2023-06-27 21:57:02.356853595 +0200 CEST m=+10085.848024923,34.311038970947266
2023-06-27 21:57:02.356870144 +0200 CEST m=+10085.848041472,34.08914566040039
2023-06-27 21:57:02.356885889 +0200 CEST m=+10085.848057213,33.930328369140625
2023-06-27 21:57:02.356899132 +0200 CEST m=+10085.848070455,33.835121154785156
2023-06-27 21:57:02.356912817 +0200 CEST m=+10085.848084141,33.80381774902344
2023-06-27 21:57:02.356926251 +0200 CEST m=+10085.848097577,33.82481002807617
2023-06-27 21:57:02.35694344 +0200 CEST m=+10085.848114764,33.886627197265625
2023-06-27 21:57:02.356957777 +0200 CEST m=+10085.848129103,33.98906707763672
2023-06-27 21:57:02.356971701 +0200 CEST m=+10085.848143025,34.1318244934082
2023-06-27 21:57:02.356988768 +0200 CEST m=+10085.848160097,34.31449508666992
2023-06-27 21:57:02.357004149 +0200 CEST m=+10085.848175479,34.53657150268555
2023-06-27 21:57:02.357156099 +0200 CEST m=+10085.848327423,34.797447204589844
2023-06-27 21:57:02.357361473 +0200 CEST m=+10085.848532802,35.09641647338867
2023-06-27 21:57:02.372745612 +0200 CEST m=+10085.863916943,35.43269348144531
2023-06-27 21:57:02.37280495 +0200 CEST m=+10085.863976270,35.80537414550781
2023-06-27 21:57:02.372818149 +0200 CEST m=+10085.863989469,36.51689147949219
2023-06-27 21:57:02.372825812 +0200 CEST m=+10085.863997133,37.76700210571289
2023-06-27 21:57:02.372835006 +0200 CEST m=+10085.864006326,39.04659652709961
2023-06-27 21:57:02.372849179 +0200 CEST m=+10085.864020499,40.3524055480957
2023-06-27 21:57:02.372866992 +0200 CEST m=+10085.864038316,41.68111038208008
2023-06-27 21:57:02.37289336 +0200 CEST m=+10085.864064685,43.029319763183594
2023-06-27 21:57:02.372915453 +0200 CEST m=+10085.864086774,44.393611907958984
2023-06-27 21:57:02.372923415 +0200 CEST m=+10085.864094736,45.7705192565918
2023-06-27 21:57:02.372930577 +0200 CEST m=+10085.864101897,47.156551361083984
2023-06-27 21:57:02.372936446 +0200 CEST m=+10085.864107766,48.54819869995117
2023-06-27 21:57:02.372944434 +0200 CEST m=+10085.864115762,49.941932678222656
2023-06-27 21:57:02.372988055 +0200 CEST m=+10085.864159374,51.3342399597168
2023-06-27 21:57:02.373168199 +0200 CEST m=+10085.864339524,52.72159957885742
2023-06-27 21:57:02.373345148 +0200 CEST m=+10085.864516469,54.10050964355469
2023-06-27 21:57:02.388678707 +0200 CEST m=+10085.879850033,55.467506408691406
2023-06-27 21:57:02.388692749 +0200 CEST m=+10085.879864076,56.81914138793945
2023-06-27 21:57:02.388706175 +0200 CEST m=+10085.879877502,58.15202331542969
2023-06-27 21:57:02.388723501 +0200 CEST m=+10085.879894833,59.46280288696289
2023-06-27 21:57:02.388738672 +0200 CEST m=+10085.879909998,60.74819564819336
2023-06-27 21:57:02.388751454 +0200 CEST m=+10085.879922780,62.00498580932617
2023-06-27 21:57:02.388766983 +0200 CEST m=+10085.879938310,63.23002624511719
2023-06-27 21:57:02.388780712 +0200 CEST m=+10085.879952037,63.98721694946289
2023-06-27 21:57:02.388793445 +0200 CEST m=+10085.879964770,64.34199523925781
2023-06-27 21:57:02.388806983 +0200 CEST m=+10085.879978309,64.73387908935547
2023-06-27 21:57:02.388821105 +0200 CEST m=+10085.879992431,65.06708526611328
2023-06-27 21:57:02.388834605 +0200 CEST m=+10085.880005930,65.34037017822266
2023-06-27 21:57:02.388849079 +0200 CEST m=+10085.880020404,65.5527572631836
2023-06-27 21:57:02.388902957 +0200 CEST m=+10085.880074283,65.7034912109375
2023-06-27 21:57:02.389062102 +0200 CEST m=+10085.880233428,65.79206085205078
2023-06-27 21:57:02.389229478 +0200 CEST m=+10085.880400799,65.81820678710938
2023-06-27 21:57:02.404707517 +0200 CEST m=+10085.895878837,0
2023-06-27 21:57:02.404716645 +0200 CEST m=+10085.895887966,0
2023-06-27 21:57:02.404722678 +0200 CEST m=+10085.895893998,0
2023-06-27 21:57:02.404730301 +0200 CEST m=+10085.895901622,0
2023-06-27 21:57:02.404737238 +0200 CEST m=+10085.895908559,0
2023-06-27 21:57:02.404744932 +0200 CEST m=+10085.895916252,0
2023-06-27 21:57:02.404751342 +0200 CEST m=+10085.895922663,0
2023-06-27 21:57:02.404757224 +0200 CEST m=+10085.895928545,0
2023-06-27 21:57:02.404763535 +0200 CEST m=+10085.895934856,0
2023-06-27 21:57:02.404770109 +0200 CEST m=+10085.895941429,0
2023-06-27 21:57:02.404781363 +0200 CEST m=+10085.895952684,0
2023-06-27 21:57:02.404806174 +0200 CEST m=+10085.895977494,0
2023-06-27 21:57:02.404812761 +0200 CEST m=+10085.895984081,0
2023-06-27 21:57:02.40522872 +0200 CEST m=+10085.896400040,0
2023-06-27 21:57:02.405426929 +0200 CEST m=+10085.896598253,0
2023-06-27 21:57:02.405671782 +0200 CEST m=+10085.896843126,0
2023-06-27 21:57:02.420731584 +0200 CEST m=+10085.911902928,0
2023-06-27 21:57:02.420761768 +0200 CEST m=+10085.911933111,0
2023-06-27 21:57:02.420792669 +0200 CEST m=+10085.911964236,0
2023-06-27 21:57:02.420822349 +0200 CEST m=+10085.911993683,0
2023-06-27 21:57:02.42085044 +0200 CEST m=+10085.912021777,0
2023-06-27 21:57:02.420880008 +0200 CEST m=+10085.912051347,0
2023-06-27 21:57:02.420900529 +0200 CEST m=+10085.912071873,0
2023-06-27 21:57:02.420924418 +0200 CEST m=+10085.912095758,0
2023-06-27 21:57:02.420968862 +0200 CEST m=+10085.912140203,0
2023-06-27 21:57:02.420992733 +0200 CEST m=+10085.912164068,0
2023-06-27 21:57:02.421023815 +0200 CEST m=+10085.912195154,0
2023-06-27 21:57:02.421047322 +0200 CEST m=+10085.912218667,0
2023-06-27 21:57:02.42106561 +0200 CEST m=+10085.912236948,0
2023-06-27 21:57:02.421087741 +0200 CEST m=+10085.912259080,0
2023-06-27 21:57:02.421276626 +0200 CEST m=+10085.912447969,0
2023-06-27 21:57:02.421513773 +0200 CEST m=+10085.912685108,0
2023-06-27 21:57:02.436721479 +0200 CEST m=+10085.927892805,0
2023-06-27 21:57:02.436730179 +0200 CEST m=+10085.927901504,0
2023-06-27 21:57:02.436745235 +0200 CEST m=+10085.927916561,0
2023-06-27 21:57:02.436755788 +0200 CEST m=+10085.927927114,0
2023-06-27 21:57:02.436769898 +0200 CEST m=+10085.927941222,0
2023-06-27 21:57:02.436778705 +0200 CEST m=+10085.927950029,0
2023-06-27 21:57:02.43678806 +0200 CEST m=+10085.927959385,0
2023-06-27 21:57:02.436798075 +0200 CEST m=+10085.927969400,0
2023-06-27 21:57:02.436806031 +0200 CEST m=+10085.927977357,0
2023-06-27 21:57:02.436815196 +0200 CEST m=+10085.927986521,0
2023-06-27 21:57:02.436823208 +0200 CEST m=+10085.927994534,0
2023-06-27 21:57:02.43683099 +0200 CEST m=+10085.928002315,0
2023-06-27 21:57:02.436840172 +0200 CEST m=+10085.928011497,0
2023-06-27 21:57:02.437024162 +0200 CEST m=+10085.928195499,0
2023-06-27 21:57:02.437269873 +0200 CEST m=+10085.928441199,0
2023-06-27 21:57:02.437563786 +0200 CEST m=+10085.928735113,0
2023-06-27 21:57:02.452824818 +0200 CEST m=+10085.943996143,0
2023-06-27 21:57:02.452837963 +0200 CEST m=+10085.944009284,0
2023-06-27 21:57:02.452852734 +0200 CEST m=+10085.944024056,0
2023-06-27 21:57:02.452862483 +0200 CEST m=+10085.944033804,0
2023-06-27 21:57:02.452869619 +0200 CEST m=+10085.944040941,0
2023-06-27 21:57:02.452877072 +0200 CEST m=+10085.944048394,0
2023-06-27 21:57:02.45288431 +0200 CEST m=+10085.944055631,0
2023-06-27 21:57:02.452891889 +0200 CEST m=+10085.944063211,0
2023-06-27 21:57:02.452900306 +0200 CEST m=+10085.944071628,0
2023-06-27 21:57:02.452906553 +0200 CEST m=+10085.944077874,0
2023-06-27 21:57:02.452914669 +0200 CEST m=+10085.944085991,0
2023-06-27 21:57:02.452921581 +0200 CEST m=+10085.944092901,0
2023-06-27 21:57:02.452928724 +0200 CEST m=+10085.944100044,0
2023-06-27 21:57:02.453008392 +0200 CEST m=+10085.944179723,0
2023-06-27 21:57:02.453134593 +0200 CEST m=+10085.944305915,0
2023-06-27 21:57:02.453333886 +0200 CEST m=+10085.944505212,0
2023-06-27 21:57:02.468780007 +0200 CEST m=+10085.959951348,0
2023-06-27 21:57:02.468798884 +0200 CEST m=+10085.959970213,0
2023-06-27 21:57:02.468808806 +0200 CEST m=+10085.959980134,0
2023-06-27 21:57:02.468820715 +0200 CEST m=+10085.959992043,0
2023-06-27 21:57:02.468831863 +0200 CEST m=+10085.960003193,0
2023-06-27 21:57:02.468841525 +0200 CEST m=+10085.960012855,0
2023-06-27 21:57:02.468851532 +0200 CEST m=+10085.960022861,0
2023-06-27 21:57:02.468863085 +0200 CEST m=+10085.960034415,0
2023-06-27 21:57:02.468872971 +0200 CEST m=+10085.960044302,0
2023-06-27 21:57:02.468883204 +0200 CEST m=+10085.960054533,0
2023-06-27 21:57:02.468892989 +0200 CEST m=+10085.960064319,0
2023-06-27 21:57:02.468902792 +0200 CEST m=+10085.960074120,0
2023-06-27 21:57:02.468915296 +0200 CEST m=+10085.960086625,0
2023-06-27 21:57:02.469159909 +0200 CEST m=+10085.960331252,0
2023-06-27 21:57:02.469410523 +0200 CEST m=+10085.960581859,0
2023-06-27 21:57:02.4696896 +0200 CEST m=+10085.960860941,0
2023-06-27 21:57:02.484864332 +0200 CEST m=+10085.976035666,0
2023-06-27 21:57:02.484905412 +0200 CEST m=+10085.976076742,0
2023-06-27 21:57:02.484927972 +0200 CEST m=+10085.976099295,0
2023-06-27 21:57:02.484940324 +0200 CEST m=+10085.976111648,0
2023-06-27 21:57:02.484961844 +0200 CEST m=+10085.976133167,0
2023-06-27 21:57:02.484987164 +0200 CEST m=+10085.976158488,0
2023-06-27 21:57:02.48500606 +0200 CEST m=+10085.976177384,0
2023-06-27 21:57:02.485024597 +0200 CEST m=+10085.976195921,0
2023-06-27 21:57:02.485066651 +0200 CEST m=+10085.976237975,0
2023-06-27 21:57:02.485077592 +0200 CEST m=+10085.976248916,0
2023-06-27 21:57:02.485089968 +0200 CEST m=+10085.976261291,0
2023-06-27 21:57:02.485114369 +0200 CEST m=+10085.976285694,0
2023-06-27 21:57:02.48512816 +0200 CEST m=+10085.976299484,0
2023-06-27 21:57:02.485416254 +0200 CEST m=+10085.976587581,0
2023-06-27 21:57:02.485578313 +0200 CEST m=+10085.976749637,0
2023-06-27 21:57:02.50067549 +0200 CEST m=+10085.991846815,0
2023-06-27 21:57:02.500691568 +0200 CEST m=+10085.991862889,0
2023-06-27 21:57:02.500698325 +0200 CEST m=+10085.991869645,0
2023-06-27 21:57:02.500703941 +0200 CEST m=+10085.991875262,0
2023-06-27 21:57:02.500710218 +0200 CEST m=+10085.991881538,0
2023-06-27 21:57:02.500717002 +0200 CEST m=+10085.991888323,0
2023-06-27 21:57:02.500722657 +0200 CEST m=+10085.991893978,0
2023-06-27 21:57:02.500734606 +0200 CEST m=+10085.991905926,0
2023-06-27 21:57:02.500742705 +0200 CEST m=+10085.991914025,0
2023-06-27 21:57:02.500751505 +0200 CEST m=+10085.991922827,0
2023-06-27 21:57:02.50076225 +0200 CEST m=+10085.991933569,0
2023-06-27 21:57:02.50077142 +0200 CEST m=+10085.991942741,0
2023-06-27 21:57:02.50078414 +0200 CEST m=+10085.991955463,0
2023-06-27 21:57:02.500872765 +0200 CEST m=+10085.992044089,0
2023-06-27 21:57:02.501041621 +0200 CEST m=+10085.992212946,0
2023-06-27 21:57:02.501186709 +0200 CEST m=+10085.992358034,0
2023-06-27 21:57:02.501297253 +0200 CEST m=+10085.992468573,0
2023-06-27 21:57:02.516858507 +0200 CEST m=+10086.008029828,0
2023-06-27 21:57:02.516902222 +0200 CEST m=+10086.008073544,0
2023-06-27 21:57:02.51691787 +0200 CEST m=+10086.008089191,0
2023-06-27 21:57:02.516930608 +0200 CEST m=+10086.008101929,0
2023-06-27 21:57:02.516955692 +0200 CEST m=+10086.008127013,0
2023-06-27 21:57:02.517002181 +0200 CEST m=+10086.008173502,0
2023-06-27 21:57:02.517018886 +0200 CEST m=+10086.008190207,0
2023-06-27 21:57:02.517031702 +0200 CEST m=+10086.008203022,0
2023-06-27 21:57:02.517044764 +0200 CEST m=+10086.008216088,0
2023-06-27 21:57:02.517058873 +0200 CEST m=+10086.008230194,0
2023-06-27 21:57:02.517071312 +0200 CEST m=+10086.008242634,0
2023-06-27 21:57:02.517086195 +0200 CEST m=+10086.008257516,0
2023-06-27 21:57:02.517103835 +0200 CEST m=+10086.008275158,0
2023-06-27 21:57:02.517543216 +0200 CEST m=+10086.008714558,0
2023-06-27 21:57:02.517853719 +0200 CEST m=+10086.009025062,0
2023-06-27 21:57:02.53284325 +0200 CEST m=+10086.024014581,0
2023-06-27 21:57:02.532860354 +0200 CEST m=+10086.024031680,0
2023-06-27 21:57:02.532872321 +0200 CEST m=+10086.024043647,0
2023-06-27 21:57:02.532882676 +0200 CEST m=+10086.024054003,0
2023-06-27 21:57:02.532894473 +0200 CEST m=+10086.024065799,0
2023-06-27 21:57:02.532903978 +0200 CEST m=+10086.024075304,0
2023-06-27 21:57:02.532915572 +0200 CEST m=+10086.024086899,0
2023-06-27 21:57:02.532926853 +0200 CEST m=+10086.024098179,0
2023-06-27 21:57:02.532940913 +0200 CEST m=+10086.024112239,0
2023-06-27 21:57:02.532954712 +0200 CEST m=+10086.024126038,0
2023-06-27 21:57:02.532964928 +0200 CEST m=+10086.024136254,0
2023-06-27 21:57:02.532983494 +0200 CEST m=+10086.024154820,0
2023-06-27 21:57:02.533036248 +0200 CEST m=+10086.024207580,0
2023-06-27 21:57:02.533129349 +0200 CEST m=+10086.024300682,0
2023-06-27 21:57:02.533439931 +0200 CEST m=+10086.024611262,0
2023-06-27 21:57:02.533644093 +0200 CEST m=+10086.024815420,0
2023-06-27 21:57:02.548732798 +0200 CEST m=+10086.039904118,0
2023-06-27 21:57:02.548739459 +0200 CEST m=+10086.039910781,0
2023-06-27 21:57:02.548751714 +0200 CEST m=+10086.039923034,0
2023-06-27 21:57:02.54875797 +0200 CEST m=+10086.039929291,0
2023-06-27 21:57:02.548763876 +0200 CEST m=+10086.039935196,0
2023-06-27 21:57:02.548773181 +0200 CEST m=+10086.039944501,0
2023-06-27 21:57:02.548778986 +0200 CEST m=+10086.039950306,0
2023-06-27 21:57:02.548785826 +0200 CEST m=+10086.039957145,0
2023-06-27 21:57:02.548792589 +0200 CEST m=+10086.039963909,0
2023-06-27 21:57:02.548798368 +0200 CEST m=+10086.039969689,0
2023-06-27 21:57:02.548805504 +0200 CEST m=+10086.039976824,0
2023-06-27 21:57:02.548812059 +0200 CEST m=+10086.039983380,0
2023-06-27 21:57:02.548818138 +0200 CEST m=+10086.039989459,0
2023-06-27 21:57:02.549029672 +0200 CEST m=+10086.040200998,0
2023-06-27 21:57:02.549200338 +0200 CEST m=+10086.040371658,0
2023-06-27 21:57:02.549347683 +0200 CEST m=+10086.040519003,0
2023-06-27 21:57:02.564745883 +0200 CEST m=+10086.055917207,0
2023-06-27 21:57:02.56475508 +0200 CEST m=+10086.055926403,0
2023-06-27 21:57:02.564765192 +0200 CEST m=+10086.055936517,0
2023-06-27 21:57:02.564773008 +0200 CEST m=+10086.055944331,0
2023-06-27 21:57:02.564781344 +0200 CEST m=+10086.055952666,0
2023-06-27 21:57:02.564789408 +0200 CEST m=+10086.055960731,0
2023-06-27 21:57:02.564796986 +0200 CEST m=+10086.055968309,0
2023-06-27 21:57:02.564806692 +0200 CEST m=+10086.055978015,0
2023-06-27 21:57:02.564815221 +0200 CEST m=+10086.055986544,0
2023-06-27 21:57:02.56482303 +0200 CEST m=+10086.055994354,0
2023-06-27 21:57:02.564830661 +0200 CEST m=+10086.056001984,0
2023-06-27 21:57:02.564842647 +0200 CEST m=+10086.056013972,0
2023-06-27 21:57:02.564850265 +0200 CEST m=+10086.056021588,0
2023-06-27 21:57:02.564955898 +0200 CEST m=+10086.056127221,0
2023-06-27 21:57:02.565128956 +0200 CEST m=+10086.056300280,0
2023-06-27 21:57:02.565258399 +0200 CEST m=+10086.056429722,0
2023-06-27 21:57:02.58072368 +0200 CEST m=+10086.071895001,0
2023-06-27 21:57:02.580738164 +0200 CEST m=+10086.071909489,0
2023-06-27 21:57:02.58074563 +0200 CEST m=+10086.071916951,0
2023-06-27 21:57:02.580763712 +0200 CEST m=+10086.071935034,0
2023-06-27 21:57:02.580770101 +0200 CEST m=+10086.071941422,0
2023-06-27 21:57:02.58077802 +0200 CEST m=+10086.071949342,0
2023-06-27 21:57:02.580785769 +0200 CEST m=+10086.071957101,0
2023-06-27 21:57:02.580797228 +0200 CEST m=+10086.071968549,0
2023-06-27 21:57:02.58080752 +0200 CEST m=+10086.071978840,0
2023-06-27 21:57:02.580819506 +0200 CEST m=+10086.071990827,0
2023-06-27 21:57:02.580840538 +0200 CEST m=+10086.072011859,0
2023-06-27 21:57:02.580858143 +0200 CEST m=+10086.072029464,0
2023-06-27 21:57:02.580867584 +0200 CEST m=+10086.072038908,0
2023-06-27 21:57:02.58102014 +0200 CEST m=+10086.072191473,0
2023-06-27 21:57:02.581221041 +0200 CEST m=+10086.072392367,0
2023-06-27 21:57:02.581368006 +0200 CEST m=+10086.072539331,0
2023-06-27 21:57:02.596738782 +0200 CEST m=+10086.087910107,0
2023-06-27 21:57:02.596754609 +0200 CEST m=+10086.087925933,0
2023-06-27 21:57:02.596766025 +0200 CEST m=+10086.087937350,0
2023-06-27 21:57:02.596781855 +0200 CEST m=+10086.087953178,0
2023-06-27 21:57:02.596794316 +0200 CEST m=+10086.087965640,0
2023-06-27 21:57:02.596805814 +0200 CEST m=+10086.087977138,0
2023-06-27 21:57:02.596821699 +0200 CEST m=+10086.087993020,0
2023-06-27 21:57:02.596835262 +0200 CEST m=+10086.088006586,0
2023-06-27 21:57:02.59684668 +0200 CEST m=+10086.088018003,0
2023-06-27 21:57:02.596859467 +0200 CEST m=+10086.088030791,0
2023-06-27 21:57:02.596871484 +0200 CEST m=+10086.088042809,0
2023-06-27 21:57:02.596883217 +0200 CEST m=+10086.088054541,0
2023-06-27 21:57:02.596898283 +0200 CEST m=+10086.088069612,0
2023-06-27 21:57:02.596929693 +0200 CEST m=+10086.088101017,0
2023-06-27 21:57:02.597054366 +0200 CEST m=+10086.088225685,0
2023-06-27 21:57:02.597276693 +0200 CEST m=+10086.088448018,0
2023-06-27 21:57:02.612729342 +0200 CEST m=+10086.103900667,0
2023-06-27 21:57:02.612744103 +0200 CEST m=+10086.103915430,0
2023-06-27 21:57:02.612776616 +0200 CEST m=+10086.103947952,0
2023-06-27 21:57:02.612790688 +0200 CEST m=+10086.103962013,0
2023-06-27 21:57:02.612798361 +0200 CEST m=+10086.103969687,0
2023-06-27 21:57:02.612806968 +0200 CEST m=+10086.103978292,0
2023-06-27 21:57:02.612814675 +0200 CEST m=+10086.103986001,0
2023-06-27 21:57:02.612824388 +0200 CEST m=+10086.103995714,0
2023-06-27 21:57:02.612833089 +0200 CEST m=+10086.104004415,0
2023-06-27 21:57:02.612841013 +0200 CEST m=+10086.104012339,0
2023-06-27 21:57:02.612858113 +0200 CEST m=+10086.104029542,0
2023-06-27 21:57:02.61287887 +0200 CEST m=+10086.104050197,0
2023-06-27 21:57:02.612900403 +0200 CEST m=+10086.104071730,0
2023-06-27 21:57:02.613044596 +0200 CEST m=+10086.104215926,0
2023-06-27 21:57:02.613308476 +0200 CEST m=+10086.104479801,0
2023-06-27 21:57:02.613442921 +0200 CEST m=+10086.104614246,0
2023-06-27 21:57:02.628783237 +0200 CEST m=+10086.119954559,0
2023-06-27 21:57:02.628794647 +0200 CEST m=+10086.119965969,0
2023-06-27 21:57:02.628807165 +0200 CEST m=+10086.119978497,0
2023-06-27 21:57:02.628817141 +0200 CEST m=+10086.119988461,0
2023-06-27 21:57:02.628826614 +0200 CEST m=+10086.119997940,0
2023-06-27 21:57:02.628839628 +0200 CEST m=+10086.120010951,0
2023-06-27 21:57:02.628851672 +0200 CEST m=+10086.120022995,0
2023-06-27 21:57:02.628869071 +0200 CEST m=+10086.120040393,0
2023-06-27 21:57:02.628883741 +0200 CEST m=+10086.120055063,0
2023-06-27 21:57:02.628890868 +0200 CEST m=+10086.120062190,0
2023-06-27 21:57:02.628897182 +0200 CEST m=+10086.120068503,0
2023-06-27 21:57:02.628905315 +0200 CEST m=+10086.120076636,0
2023-06-27 21:57:02.628911551 +0200 CEST m=+10086.120082872,0
2023-06-27 21:57:02.628922752 +0200 CEST m=+10086.120094073,0
2023-06-27 21:57:02.629076846 +0200 CEST m=+10086.120248174,0
2023-06-27 21:57:02.62929871 +0200 CEST m=+10086.120470032,0
2023-06-27 21:57:02.644817128 +0200 CEST m=+10086.135988448,0
2023-06-27 21:57:02.644834627 +0200 CEST m=+10086.136005948,0
2023-06-27 21:57:02.644845762 +0200 CEST m=+10086.136017083,0
2023-06-27 21:57:02.644857048 +0200 CEST m=+10086.136028367,0
2023-06-27 21:57:02.644868871 +0200 CEST m=+10086.136040191,0
2023-06-27 21:57:02.644879985 +0200 CEST m=+10086.136051313,0
2023-06-27 21:57:02.644905423 +0200 CEST m=+10086.136076743,0
2023-06-27 21:57:02.644928921 +0200 CEST m=+10086.136100241,0
2023-06-27 21:57:02.644944238 +0200 CEST m=+10086.136115558,0
2023-06-27 21:57:02.644953967 +0200 CEST m=+10086.136125287,0
2023-06-27 21:57:02.644963417 +0200 CEST m=+10086.136134736,0
2023-06-27 21:57:02.644972646 +0200 CEST m=+10086.136143965,0
2023-06-27 21:57:02.644985381 +0200 CEST m=+10086.136156701,0
2023-06-27 21:57:02.645158663 +0200 CEST m=+10086.136329983,0
2023-06-27 21:57:02.64533284 +0200 CEST m=+10086.136504160,0
2023-06-27 21:57:02.645506037 +0200 CEST m=+10086.136677359,0
2023-06-27 21:57:02.660752001 +0200 CEST m=+10086.151923324,0
2023-06-27 21:57:02.660852289 +0200 CEST m=+10086.152023627,0
2023-06-27 21:57:02.660869006 +0200 CEST m=+10086.152040335,0
2023-06-27 21:57:02.660883721 +0200 CEST m=+10086.152055052,0
2023-06-27 21:57:02.660898573 +0200 CEST m=+10086.152069908,0
2023-06-27 21:57:02.660913215 +0200 CEST m=+10086.152084550,0
2023-06-27 21:57:02.660928229 +0200 CEST m=+10086.152099563,0
2023-06-27 21:57:02.660943301 +0200 CEST m=+10086.152114637,0
2023-06-27 21:57:02.660957476 +0200 CEST m=+10086.152128807,0
2023-06-27 21:57:02.660972966 +0200 CEST m=+10086.152144293,0
2023-06-27 21:57:02.660988333 +0200 CEST m=+10086.152159669,0
2023-06-27 21:57:02.661005473 +0200 CEST m=+10086.152176804,0
2023-06-27 21:57:02.661019834 +0200 CEST m=+10086.152191168,0
2023-06-27 21:57:02.661042673 +0200 CEST m=+10086.152214002,0
2023-06-27 21:57:02.661204993 +0200 CEST m=+10086.152376321,0
2023-06-27 21:57:02.661408126 +0200 CEST m=+10086.152579459,0
2023-06-27 21:57:02.676769746 +0200 CEST m=+10086.167941101,0
2023-06-27 21:57:02.676819226 +0200 CEST m=+10086.167990589,0
2023-06-27 21:57:02.676864005 +0200 CEST m=+10086.168035368,0
2023-06-27 21:57:02.676901707 +0200 CEST m=+10086.168073057,0
2023-06-27 21:57:02.67694733 +0200 CEST m=+10086.168118693,0
2023-06-27 21:57:02.676978473 +0200 CEST m=+10086.168149833,0
2023-06-27 21:57:02.677012 +0200 CEST m=+10086.168183361,0
2023-06-27 21:57:02.677052768 +0200 CEST m=+10086.168224120,0
2023-06-27 21:57:02.677097064 +0200 CEST m=+10086.168268423,0
2023-06-27 21:57:02.677208119 +0200 CEST m=+10086.168379486,0
2023-06-27 21:57:02.677255782 +0200 CEST m=+10086.168427133,0
2023-06-27 21:57:02.677292959 +0200 CEST m=+10086.168464315,0
2023-06-27 21:57:02.677333283 +0200 CEST m=+10086.168504633,0
2023-06-27 21:57:02.677437814 +0200 CEST m=+10086.168609169,0
2023-06-27 21:57:02.677578254 +0200 CEST m=+10086.168749603,0
2023-06-27 21:57:02.678117148 +0200 CEST m=+10086.169288517,0
2023-06-27 21:57:02.692730733 +0200 CEST m=+10086.183902073,0
2023-06-27 21:57:02.692805371 +0200 CEST m=+10086.183976711,0
2023-06-27 21:57:02.692823016 +0200 CEST m=+10086.183994355,0
2023-06-27 21:57:02.692838439 +0200 CEST m=+10086.184009779,0
2023-06-27 21:57:02.69285381 +0200 CEST m=+10086.184025147,0
2023-06-27 21:57:02.69286842 +0200 CEST m=+10086.184039760,0
2023-06-27 21:57:02.692886772 +0200 CEST m=+10086.184058113,0
2023-06-27 21:57:02.692904314 +0200 CEST m=+10086.184075652,0
2023-06-27 21:57:02.692918416 +0200 CEST m=+10086.184089756,0
2023-06-27 21:57:02.692933292 +0200 CEST m=+10086.184104631,0
2023-06-27 21:57:02.692950157 +0200 CEST m=+10086.184121494,0
2023-06-27 21:57:02.692964098 +0200 CEST m=+10086.184135437,0
2023-06-27 21:57:02.692980216 +0200 CEST m=+10086.184151556,0
2023-06-27 21:57:02.693089971 +0200 CEST m=+10086.184261321,0
2023-06-27 21:57:02.693487045 +0200 CEST m=+10086.184658395,0
2023-06-27 21:57:02.693860533 +0200 CEST m=+10086.185031872,0
2023-06-27 21:57:02.708697006 +0200 CEST m=+10086.199868345,0
2023-06-27 21:57:02.708717521 +0200 CEST m=+10086.199888862,0
2023-06-27 21:57:02.708742831 +0200 CEST m=+10086.199914171,0
2023-06-27 21:57:02.708770059 +0200 CEST m=+10086.199941426,0
2023-06-27 21:57:02.708987526 +0200 CEST m=+10086.200158867,0
2023-06-27 21:57:02.709005508 +0200 CEST m=+10086.200176846,0
2023-06-27 21:57:02.709021193 +0200 CEST m=+10086.200192530,0
2023-06-27 21:57:02.709035964 +0200 CEST m=+10086.200207303,0
2023-06-27 21:57:02.709053724 +0200 CEST m=+10086.200225060,0
2023-06-27 21:57:02.709069515 +0200 CEST m=+10086.200240854,0
2023-06-27 21:57:02.709084503 +0200 CEST m=+10086.200255842,0
2023-06-27 21:57:02.709100839 +0200 CEST m=+10086.200272177,0
2023-06-27 21:57:02.709115975 +0200 CEST m=+10086.200287313,0
2023-06-27 21:57:02.709130217 +0200 CEST m=+10086.200301557,0
2023-06-27 21:57:02.709557442 +0200 CEST m=+10086.200728791,0
2023-06-27 21:57:02.724744773 +0200 CEST m=+10086.215916118,0
2023-06-27 21:57:02.724800895 +0200 CEST m=+10086.215972232,0
2023-06-27 21:57:02.724825465 +0200 CEST m=+10086.215996805,0
2023-06-27 21:57:02.724859247 +0200 CEST m=+10086.216030597,0
2023-06-27 21:57:02.724887185 +0200 CEST m=+10086.216058518,0
2023-06-27 21:57:02.724909666 +0200 CEST m=+10086.216081002,0
2023-06-27 21:57:02.724938993 +0200 CEST m=+10086.216110332,0
2023-06-27 21:57:02.72499117 +0200 CEST m=+10086.216162505,0
2023-06-27 21:57:02.725011149 +0200 CEST m=+10086.216182482,0
2023-06-27 21:57:02.725033645 +0200 CEST m=+10086.216204977,0
2023-06-27 21:57:02.725056928 +0200 CEST m=+10086.216228260,0
2023-06-27 21:57:02.725080524 +0200 CEST m=+10086.216251856,0
2023-06-27 21:57:02.725102009 +0200 CEST m=+10086.216273549,0
2023-06-27 21:57:02.725124136 +0200 CEST m=+10086.216295469,0
2023-06-27 21:57:02.725336004 +0200 CEST m=+10086.216507336,0
2023-06-27 21:57:02.72572326 +0200 CEST m=+10086.216894603,0
2023-06-27 21:57:02.740733145 +0200 CEST m=+10086.231904476,0
2023-06-27 21:57:02.740753814 +0200 CEST m=+10086.231925145,0
2023-06-27 21:57:02.740769791 +0200 CEST m=+10086.231941122,0
2023-06-27 21:57:02.74078781 +0200 CEST m=+10086.231959140,0
2023-06-27 21:57:02.740822408 +0200 CEST m=+10086.231993740,0
2023-06-27 21:57:02.740854858 +0200 CEST m=+10086.232026189,0
2023-06-27 21:57:02.740874244 +0200 CEST m=+10086.232045575,0
2023-06-27 21:57:02.740897272 +0200 CEST m=+10086.232068603,0
2023-06-27 21:57:02.740913504 +0200 CEST m=+10086.232084834,0
2023-06-27 21:57:02.740929241 +0200 CEST m=+10086.232100572,0
2023-06-27 21:57:02.740945374 +0200 CEST m=+10086.232116705,0
2023-06-27 21:57:02.740961912 +0200 CEST m=+10086.232133242,0
2023-06-27 21:57:02.740977598 +0200 CEST m=+10086.232148929,0
2023-06-27 21:57:02.740994713 +0200 CEST m=+10086.232166044,0
2023-06-27 21:57:02.741199607 +0200 CEST m=+10086.232370937,0
2023-06-27 21:57:02.741417749 +0200 CEST m=+10086.232589079,0
2023-06-27 21:57:02.756716816 +0200 CEST m=+10086.247888147,0
2023-06-27 21:57:02.756730821 +0200 CEST m=+10086.247902147,0
2023-06-27 21:57:02.756743129 +0200 CEST m=+10086.247914456,0
2023-06-27 21:57:02.756759131 +0200 CEST m=+10086.247930457,0
2023-06-27 21:57:02.75677607 +0200 CEST m=+10086.247947391,0
2023-06-27 21:57:02.756786495 +0200 CEST m=+10086.247957819,0
2023-06-27 21:57:02.756797073 +0200 CEST m=+10086.247968393,0
2023-06-27 21:57:02.756807539 +0200 CEST m=+10086.247978860,0
2023-06-27 21:57:02.756819619 +0200 CEST m=+10086.247990943,0
2023-06-27 21:57:02.756830899 +0200 CEST m=+10086.248002222,0
2023-06-27 21:57:02.756843189 +0200 CEST m=+10086.248014509,0
2023-06-27 21:57:02.756855886 +0200 CEST m=+10086.248027207,0
2023-06-27 21:57:02.756868173 +0200 CEST m=+10086.248039495,0
2023-06-27 21:57:02.756984925 +0200 CEST m=+10086.248156246,0
2023-06-27 21:57:02.757122821 +0200 CEST m=+10086.248294143,0
2023-06-27 21:57:02.757236689 +0200 CEST m=+10086.248408011,0
2023-06-27 21:57:02.772739147 +0200 CEST m=+10086.263910478,0
2023-06-27 21:57:02.772791879 +0200 CEST m=+10086.263963205,0
2023-06-27 21:57:02.772808353 +0200 CEST m=+10086.263979679,0
2023-06-27 21:57:02.772832108 +0200 CEST m=+10086.264003434,0
2023-06-27 21:57:02.772848644 +0200 CEST m=+10086.264019970,0
2023-06-27 21:57:02.772868992 +0200 CEST m=+10086.264040321,0
2023-06-27 21:57:02.772886276 +0200 CEST m=+10086.264057629,0
2023-06-27 21:57:02.772900119 +0200 CEST m=+10086.264071453,0
2023-06-27 21:57:02.772911833 +0200 CEST m=+10086.264083163,0
2023-06-27 21:57:02.772923317 +0200 CEST m=+10086.264094647,0
2023-06-27 21:57:02.772935142 +0200 CEST m=+10086.264106470,0
2023-06-27 21:57:02.772954512 +0200 CEST m=+10086.264125841,0
2023-06-27 21:57:02.773026593 +0200 CEST m=+10086.264197924,0
2023-06-27 21:57:02.773049913 +0200 CEST m=+10086.264221240,0
2023-06-27 21:57:02.773104596 +0200 CEST m=+10086.264275922,0
2023-06-27 21:57:02.773266624 +0200 CEST m=+10086.264437946,0
2023-06-27 21:57:02.788715109 +0200 CEST m=+10086.279886442,0
2023-06-27 21:57:02.788743289 +0200 CEST m=+10086.279914613,0
2023-06-27 21:57:02.788755063 +0200 CEST m=+10086.279926387,0
2023-06-27 21:57:02.788766734 +0200 CEST m=+10086.279938059,0
2023-06-27 21:57:02.788780104 +0200 CEST m=+10086.279951428,0
2023-06-27 21:57:02.788792035 +0200 CEST m=+10086.279963360,0
2023-06-27 21:57:02.788805797 +0200 CEST m=+10086.279977126,0
2023-06-27 21:57:02.788819582 +0200 CEST m=+10086.279990907,0
2023-06-27 21:57:02.788831617 +0200 CEST m=+10086.280002941,0
2023-06-27 21:57:02.788843591 +0200 CEST m=+10086.280014916,0
2023-06-27 21:57:02.78885596 +0200 CEST m=+10086.280027284,0
2023-06-27 21:57:02.788867379 +0200 CEST m=+10086.280038703,0
2023-06-27 21:57:02.788882753 +0200 CEST m=+10086.280054077,0
2023-06-27 21:57:02.788895259 +0200 CEST m=+10086.280066583,0
2023-06-27 21:57:02.789031908 +0200 CEST m=+10086.280203235,0
2023-06-27 21:57:02.789206951 +0200 CEST m=+10086.280378276,0
2023-06-27 21:57:02.804713482 +0200 CEST m=+10086.295884810,0
2023-06-27 21:57:02.804733738 +0200 CEST m=+10086.295905065,0
2023-06-27 21:57:02.80475061 +0200 CEST m=+10086.295921948,0
2023-06-27 21:57:02.804800975 +0200 CEST m=+10086.295972304,0
2023-06-27 21:57:02.804815029 +0200 CEST m=+10086.295986362,0
2023-06-27 21:57:02.804832029 +0200 CEST m=+10086.296003358,0
2023-06-27 21:57:02.804858788 +0200 CEST m=+10086.296030116,0
2023-06-27 21:57:02.804874884 +0200 CEST m=+10086.296046218,0
2023-06-27 21:57:02.804890463 +0200 CEST m=+10086.296061799,0
2023-06-27 21:57:02.804907301 +0200 CEST m=+10086.296078633,0
2023-06-27 21:57:02.804921562 +0200 CEST m=+10086.296092895,0
2023-06-27 21:57:02.804937806 +0200 CEST m=+10086.296109139,0
2023-06-27 21:57:02.80495351 +0200 CEST m=+10086.296124847,0
2023-06-27 21:57:02.805139767 +0200 CEST m=+10086.296311095,0
2023-06-27 21:57:02.805334491 +0200 CEST m=+10086.296505812,0
2023-06-27 21:57:02.805491505 +0200 CEST m=+10086.296662833,0
2023-06-27 21:57:02.820724037 +0200 CEST m=+10086.311895382,0
2023-06-27 21:57:02.820744022 +0200 CEST m=+10086.311915363,0
2023-06-27 21:57:02.820768502 +0200 CEST m=+10086.311939830,0
2023-06-27 21:57:02.820779209 +0200 CEST m=+10086.311950538,0
2023-06-27 21:57:02.820794017 +0200 CEST m=+10086.311965346,0
2023-06-27 21:57:02.820811434 +0200 CEST m=+10086.311982766,0
2023-06-27 21:57:02.820828471 +0200 CEST m=+10086.311999800,0
2023-06-27 21:57:02.820845926 +0200 CEST m=+10086.312017254,0
2023-06-27 21:57:02.820867116 +0200 CEST m=+10086.312038445,0
2023-06-27 21:57:02.820884594 +0200 CEST m=+10086.312055922,0
2023-06-27 21:57:02.820899709 +0200 CEST m=+10086.312071038,0
2023-06-27 21:57:02.820916312 +0200 CEST m=+10086.312087642,0
2023-06-27 21:57:02.820931885 +0200 CEST m=+10086.312103216,0
2023-06-27 21:57:02.821016505 +0200 CEST m=+10086.312187843,0
2023-06-27 21:57:02.821314344 +0200 CEST m=+10086.312485678,0
2023-06-27 21:57:02.821529327 +0200 CEST m=+10086.312700653,0
2023-06-27 21:57:02.836793402 +0200 CEST m=+10086.327964735,0
2023-06-27 21:57:02.836811033 +0200 CEST m=+10086.327982366,0
2023-06-27 21:57:02.836835344 +0200 CEST m=+10086.328006678,0
2023-06-27 21:57:02.836854818 +0200 CEST m=+10086.328026151,0
2023-06-27 21:57:02.836873215 +0200 CEST m=+10086.328044548,0
2023-06-27 21:57:02.836890828 +0200 CEST m=+10086.328062161,0
2023-06-27 21:57:02.836908458 +0200 CEST m=+10086.328079791,0
2023-06-27 21:57:02.836930223 +0200 CEST m=+10086.328101557,0
2023-06-27 21:57:02.836950172 +0200 CEST m=+10086.328121505,0
2023-06-27 21:57:02.836969173 +0200 CEST m=+10086.328140505,0
2023-06-27 21:57:02.836987453 +0200 CEST m=+10086.328158790,0
2023-06-27 21:57:02.83700801 +0200 CEST m=+10086.328179343,0
2023-06-27 21:57:02.837024818 +0200 CEST m=+10086.328196151,0
2023-06-27 21:57:02.837041828 +0200 CEST m=+10086.328213162,0
2023-06-27 21:57:02.837427232 +0200 CEST m=+10086.328598553,0
2023-06-27 21:57:02.837568265 +0200 CEST m=+10086.328739591,0
2023-06-27 21:57:02.852868363 +0200 CEST m=+10086.344039739,0
2023-06-27 21:57:02.852926361 +0200 CEST m=+10086.344097733,0
2023-06-27 21:57:02.852989189 +0200 CEST m=+10086.344160553,0
2023-06-27 21:57:02.853041802 +0200 CEST m=+10086.344213187,0
2023-06-27 21:57:02.853099207 +0200 CEST m=+10086.344270580,0
2023-06-27 21:57:02.853159413 +0200 CEST m=+10086.344330778,0
2023-06-27 21:57:02.853204503 +0200 CEST m=+10086.344375881,0
2023-06-27 21:57:02.853247366 +0200 CEST m=+10086.344418758,0
2023-06-27 21:57:02.853299614 +0200 CEST m=+10086.344470989,0
2023-06-27 21:57:02.853355821 +0200 CEST m=+10086.344527193,0
2023-06-27 21:57:02.853410785 +0200 CEST m=+10086.344582148,0
2023-06-27 21:57:02.853473916 +0200 CEST m=+10086.344645280,0
2023-06-27 21:57:02.85354807 +0200 CEST m=+10086.344719446,0
2023-06-27 21:57:02.853654597 +0200 CEST m=+10086.344825947,0
2023-06-27 21:57:02.854285369 +0200 CEST m=+10086.345456731,0
2023-06-27 21:57:02.855965142 +0200 CEST m=+10086.347136524,0
2023-06-27 21:57:02.868713785 +0200 CEST m=+10086.359885119,0
2023-06-27 21:57:02.868730128 +0200 CEST m=+10086.359901460,0
2023-06-27 21:57:02.868743383 +0200 CEST m=+10086.359914725,0
2023-06-27 21:57:02.868772849 +0200 CEST m=+10086.359944196,0
2023-06-27 21:57:02.868796246 +0200 CEST m=+10086.359967581,0
2023-06-27 21:57:02.868818495 +0200 CEST m=+10086.359989826,0
2023-06-27 21:57:02.86885207 +0200 CEST m=+10086.360023411,0
2023-06-27 21:57:02.868876077 +0200 CEST m=+10086.360047419,0
2023-06-27 21:57:02.868901488 +0200 CEST m=+10086.360072822,0
2023-06-27 21:57:02.868914963 +0200 CEST m=+10086.360086296,0
2023-06-27 21:57:02.868927529 +0200 CEST m=+10086.360098862,0
2023-06-27 21:57:02.868940923 +0200 CEST m=+10086.360112254,0
2023-06-27 21:57:02.868954794 +0200 CEST m=+10086.360126136,0
2023-06-27 21:57:02.869152817 +0200 CEST m=+10086.360324150,0
2023-06-27 21:57:02.869406069 +0200 CEST m=+10086.360577410,0
2023-06-27 21:57:02.869715686 +0200 CEST m=+10086.360887027,0
2023-06-27 21:57:02.884763498 +0200 CEST m=+10086.375934824,0
2023-06-27 21:57:02.88477222 +0200 CEST m=+10086.375943545,0
2023-06-27 21:57:02.884779991 +0200 CEST m=+10086.375951317,0
2023-06-27 21:57:02.884792396 +0200 CEST m=+10086.375963722,0
2023-06-27 21:57:02.88480146 +0200 CEST m=+10086.375972785,0
2023-06-27 21:57:02.884810742 +0200 CEST m=+10086.375982069,0
2023-06-27 21:57:02.88481927 +0200 CEST m=+10086.375990597,0
2023-06-27 21:57:02.884827401 +0200 CEST m=+10086.375998725,0
2023-06-27 21:57:02.884835783 +0200 CEST m=+10086.376007109,0
2023-06-27 21:57:02.884843569 +0200 CEST m=+10086.376014894,0
2023-06-27 21:57:02.884851995 +0200 CEST m=+10086.376023321,0
2023-06-27 21:57:02.884860645 +0200 CEST m=+10086.376031971,0
2023-06-27 21:57:02.884870347 +0200 CEST m=+10086.376041673,0
2023-06-27 21:57:02.885054808 +0200 CEST m=+10086.376226139,0
2023-06-27 21:57:02.885302513 +0200 CEST m=+10086.376473847,0
2023-06-27 21:57:02.88556534 +0200 CEST m=+10086.376736670,0
2023-06-27 21:57:02.900712878 +0200 CEST m=+10086.391884207,0
2023-06-27 21:57:02.900729264 +0200 CEST m=+10086.391900592,0
2023-06-27 21:57:02.900743136 +0200 CEST m=+10086.391914464,0
2023-06-27 21:57:02.900760241 +0200 CEST m=+10086.391931569,0
2023-06-27 21:57:02.900780972 +0200 CEST m=+10086.391952300,0
2023-06-27 21:57:02.900794708 +0200 CEST m=+10086.391966036,0
2023-06-27 21:57:02.900808966 +0200 CEST m=+10086.391980294,0
2023-06-27 21:57:02.90083285 +0200 CEST m=+10086.392004183,0
2023-06-27 21:57:02.900850102 +0200 CEST m=+10086.392021429,0
2023-06-27 21:57:02.900864853 +0200 CEST m=+10086.392036182,0
2023-06-27 21:57:02.900879096 +0200 CEST m=+10086.392050424,0
2023-06-27 21:57:02.90090034 +0200 CEST m=+10086.392071668,0
2023-06-27 21:57:02.900914064 +0200 CEST m=+10086.392085392,0
2023-06-27 21:57:02.901018875 +0200 CEST m=+10086.392190202,0
2023-06-27 21:57:02.901197129 +0200 CEST m=+10086.392368452,0
2023-06-27 21:57:02.901467374 +0200 CEST m=+10086.392638700,0
2023-06-27 21:57:02.916705942 +0200 CEST m=+10086.407877263,0
2023-06-27 21:57:02.916719392 +0200 CEST m=+10086.407890713,0
2023-06-27 21:57:02.916726044 +0200 CEST m=+10086.407897365,0
2023-06-27 21:57:02.91673365 +0200 CEST m=+10086.407904971,0
2023-06-27 21:57:02.916740083 +0200 CEST m=+10086.407911404,0
2023-06-27 21:57:02.916747325 +0200 CEST m=+10086.407918645,0
2023-06-27 21:57:02.916753223 +0200 CEST m=+10086.407924545,0
2023-06-27 21:57:02.916760482 +0200 CEST m=+10086.407931802,0
2023-06-27 21:57:02.916766399 +0200 CEST m=+10086.407937720,0
2023-06-27 21:57:02.916775381 +0200 CEST m=+10086.407946702,0
2023-06-27 21:57:02.916782194 +0200 CEST m=+10086.407953515,0
2023-06-27 21:57:02.916788798 +0200 CEST m=+10086.407960118,0
2023-06-27 21:57:02.916794755 +0200 CEST m=+10086.407966077,0
2023-06-27 21:57:02.917007886 +0200 CEST m=+10086.408179213,0
2023-06-27 21:57:02.917191029 +0200 CEST m=+10086.408362354,0
2023-06-27 21:57:02.932708096 +0200 CEST m=+10086.423879419,0
2023-06-27 21:57:02.93271973 +0200 CEST m=+10086.423891053,0
2023-06-27 21:57:02.932761142 +0200 CEST m=+10086.423932469,0
2023-06-27 21:57:02.932787978 +0200 CEST m=+10086.423959300,0
2023-06-27 21:57:02.932795827 +0200 CEST m=+10086.423967148,0
2023-06-27 21:57:02.932802539 +0200 CEST m=+10086.423973861,0
2023-06-27 21:57:02.932811692 +0200 CEST m=+10086.423983014,0
2023-06-27 21:57:02.93282095 +0200 CEST m=+10086.423992272,0
2023-06-27 21:57:02.932827596 +0200 CEST m=+10086.423998919,0
2023-06-27 21:57:02.932836721 +0200 CEST m=+10086.424008042,0
2023-06-27 21:57:02.932843464 +0200 CEST m=+10086.424014786,0
2023-06-27 21:57:02.932849976 +0200 CEST m=+10086.424021299,0
2023-06-27 21:57:02.932857882 +0200 CEST m=+10086.424029204,0
2023-06-27 21:57:02.932864876 +0200 CEST m=+10086.424036198,0
2023-06-27 21:57:02.932996594 +0200 CEST m=+10086.424167916,0
2023-06-27 21:57:02.933140026 +0200 CEST m=+10086.424311349,0
2023-06-27 21:57:02.933289108 +0200 CEST m=+10086.424460430,0
2023-06-27 21:57:02.948692635 +0200 CEST m=+10086.439863955,0
2023-06-27 21:57:02.948705488 +0200 CEST m=+10086.439876808,0
2023-06-27 21:57:02.94871749 +0200 CEST m=+10086.439888816,0
2023-06-27 21:57:02.948736706 +0200 CEST m=+10086.439908172,0
2023-06-27 21:57:02.948748849 +0200 CEST m=+10086.439920169,0
2023-06-27 21:57:02.948758331 +0200 CEST m=+10086.439929651,0
2023-06-27 21:57:02.948845973 +0200 CEST m=+10086.440017293,0
2023-06-27 21:57:02.948859435 +0200 CEST m=+10086.440030756,0
2023-06-27 21:57:02.948870357 +0200 CEST m=+10086.440041681,0
2023-06-27 21:57:02.948882783 +0200 CEST m=+10086.440054102,0
2023-06-27 21:57:02.948890553 +0200 CEST m=+10086.440061873,0
2023-06-27 21:57:02.948896492 +0200 CEST m=+10086.440067813,0
2023-06-27 21:57:02.948905244 +0200 CEST m=+10086.440076564,0
2023-06-27 21:57:02.94896296 +0200 CEST m=+10086.440134284,0
2023-06-27 21:57:02.949154389 +0200 CEST m=+10086.440325714,0
2023-06-27 21:57:02.964707524 +0200 CEST m=+10086.455878856,0
2023-06-27 21:57:02.964728237 +0200 CEST m=+10086.455899565,0
2023-06-27 21:57:02.964745088 +0200 CEST m=+10086.455916417,0
2023-06-27 21:57:02.964768215 +0200 CEST m=+10086.455939543,0
2023-06-27 21:57:02.964784477 +0200 CEST m=+10086.455955805,0
2023-06-27 21:57:02.964801692 +0200 CEST m=+10086.455973019,0
2023-06-27 21:57:02.964819981 +0200 CEST m=+10086.455991308,0
2023-06-27 21:57:02.964837078 +0200 CEST m=+10086.456008407,0
2023-06-27 21:57:02.964854324 +0200 CEST m=+10086.456025653,0
2023-06-27 21:57:02.964872515 +0200 CEST m=+10086.456043843,0
2023-06-27 21:57:02.964888944 +0200 CEST m=+10086.456060270,0
2023-06-27 21:57:02.964906172 +0200 CEST m=+10086.456077512,0
2023-06-27 21:57:02.964925842 +0200 CEST m=+10086.456097170,0
2023-06-27 21:57:02.965001074 +0200 CEST m=+10086.456172412,0
2023-06-27 21:57:02.965370673 +0200 CEST m=+10086.456542010,0
2023-06-27 21:57:02.965641242 +0200 CEST m=+10086.456812568,0
2023-06-27 21:57:02.980739433 +0200 CEST m=+10086.471910754,0
2023-06-27 21:57:02.980745549 +0200 CEST m=+10086.471916870,0
2023-06-27 21:57:02.980753077 +0200 CEST m=+10086.471924397,0
2023-06-27 21:57:02.980761934 +0200 CEST m=+10086.471933254,0
2023-06-27 21:57:02.980767498 +0200 CEST m=+10086.471938818,0
2023-06-27 21:57:02.980773495 +0200 CEST m=+10086.471944816,0
2023-06-27 21:57:02.980780287 +0200 CEST m=+10086.471951607,0
2023-06-27 21:57:02.980792721 +0200 CEST m=+10086.471964046,0
2023-06-27 21:57:02.980813464 +0200 CEST m=+10086.471984789,0
2023-06-27 21:57:02.980841385 +0200 CEST m=+10086.472012705,0
2023-06-27 21:57:02.980853996 +0200 CEST m=+10086.472025317,0
2023-06-27 21:57:02.98086008 +0200 CEST m=+10086.472031400,0
2023-06-27 21:57:02.980866292 +0200 CEST m=+10086.472037612,0
2023-06-27 21:57:02.980959923 +0200 CEST m=+10086.472131243,0
2023-06-27 21:57:02.981132747 +0200 CEST m=+10086.472304071,0
2023-06-27 21:57:02.981263285 +0200 CEST m=+10086.472434605,0
2023-06-27 21:57:02.996700526 +0200 CEST m=+10086.487871847,0
2023-06-27 21:57:02.996706569 +0200 CEST m=+10086.487877890,0
2023-06-27 21:57:02.996715479 +0200 CEST m=+10086.487886799,0
2023-06-27 21:57:02.996754028 +0200 CEST m=+10086.487925348,0
2023-06-27 21:57:02.996761432 +0200 CEST m=+10086.487932753,0
2023-06-27 21:57:02.996767253 +0200 CEST m=+10086.487938574,0
2023-06-27 21:57:02.996777195 +0200 CEST m=+10086.487948516,0
2023-06-27 21:57:02.996784132 +0200 CEST m=+10086.487955451,0
2023-06-27 21:57:02.996790537 +0200 CEST m=+10086.487961856,0
2023-06-27 21:57:02.996797591 +0200 CEST m=+10086.487968912,0
2023-06-27 21:57:02.996807615 +0200 CEST m=+10086.487978934,0
2023-06-27 21:57:02.996814119 +0200 CEST m=+10086.487985439,0
2023-06-27 21:57:02.996821602 +0200 CEST m=+10086.487992923,0
2023-06-27 21:57:02.996881306 +0200 CEST m=+10086.488052630,0
2023-06-27 21:57:02.996995964 +0200 CEST m=+10086.488167285,0
2023-06-27 21:57:02.99708558 +0200 CEST m=+10086.488256901,0
2023-06-27 21:57:03.012944786 +0200 CEST m=+10086.504116201,0
2023-06-27 21:57:03.01311833 +0200 CEST m=+10086.504289734,0
2023-06-27 21:57:03.013205767 +0200 CEST m=+10086.504377157,0
2023-06-27 21:57:03.013279885 +0200 CEST m=+10086.504451295,0
2023-06-27 21:57:03.013344225 +0200 CEST m=+10086.504515605,0
2023-06-27 21:57:03.013397836 +0200 CEST m=+10086.504569210,0
2023-06-27 21:57:03.013471496 +0200 CEST m=+10086.504642819,0
2023-06-27 21:57:03.013490627 +0200 CEST m=+10086.504661951,0
2023-06-27 21:57:03.013504026 +0200 CEST m=+10086.504675349,0
2023-06-27 21:57:03.013518291 +0200 CEST m=+10086.504689614,0
2023-06-27 21:57:03.013531688 +0200 CEST m=+10086.504703014,0
2023-06-27 21:57:03.013544497 +0200 CEST m=+10086.504715823,0
2023-06-27 21:57:03.013558416 +0200 CEST m=+10086.504729741,0
2023-06-27 21:57:03.013571901 +0200 CEST m=+10086.504743232,0
2023-06-27 21:57:03.013775984 +0200 CEST m=+10086.504947311,0
2023-06-27 21:57:03.014082953 +0200 CEST m=+10086.505254280,0
2023-06-27 21:57:03.028732055 +0200 CEST m=+10086.519903404,0
2023-06-27 21:57:03.028772556 +0200 CEST m=+10086.519943907,0
2023-06-27 21:57:03.028796604 +0200 CEST m=+10086.519967958,0
2023-06-27 21:57:03.028821834 +0200 CEST m=+10086.519993186,0
2023-06-27 21:57:03.028849091 +0200 CEST m=+10086.520020440,0
2023-06-27 21:57:03.028873078 +0200 CEST m=+10086.520044426,0
2023-06-27 21:57:03.028897769 +0200 CEST m=+10086.520069121,0
2023-06-27 21:57:03.028923412 +0200 CEST m=+10086.520094761,0
2023-06-27 21:57:03.028946644 +0200 CEST m=+10086.520117993,0
2023-06-27 21:57:03.028971229 +0200 CEST m=+10086.520142579,0
2023-06-27 21:57:03.029000085 +0200 CEST m=+10086.520171437,0
2023-06-27 21:57:03.029024239 +0200 CEST m=+10086.520195588,0
2023-06-27 21:57:03.029050046 +0200 CEST m=+10086.520221393,0
2023-06-27 21:57:03.029246969 +0200 CEST m=+10086.520418304,0
2023-06-27 21:57:03.029567374 +0200 CEST m=+10086.520738704,0
2023-06-27 21:57:03.029751584 +0200 CEST m=+10086.520922906,0
2023-06-27 21:57:03.04485579 +0200 CEST m=+10086.536027131,0
2023-06-27 21:57:03.044896507 +0200 CEST m=+10086.536067854,0
2023-06-27 21:57:03.044923562 +0200 CEST m=+10086.536094902,0
2023-06-27 21:57:03.044950226 +0200 CEST m=+10086.536121567,0
2023-06-27 21:57:03.044976519 +0200 CEST m=+10086.536147859,0
2023-06-27 21:57:03.045009942 +0200 CEST m=+10086.536181285,0
2023-06-27 21:57:03.045036153 +0200 CEST m=+10086.536207498,0
2023-06-27 21:57:03.045063811 +0200 CEST m=+10086.536235151,0
2023-06-27 21:57:03.045095351 +0200 CEST m=+10086.536266694,0
2023-06-27 21:57:03.045122635 +0200 CEST m=+10086.536293974,0
2023-06-27 21:57:03.045150287 +0200 CEST m=+10086.536321630,0
2023-06-27 21:57:03.045179879 +0200 CEST m=+10086.536351219,0
2023-06-27 21:57:03.045206936 +0200 CEST m=+10086.536378278,0
2023-06-27 21:57:03.045415652 +0200 CEST m=+10086.536587013,0
2023-06-27 21:57:03.04561674 +0200 CEST m=+10086.536788064,0
2023-06-27 21:57:03.045753028 +0200 CEST m=+10086.536924348,0
2023-06-27 21:57:03.060742936 +0200 CEST m=+10086.551914271,0
2023-06-27 21:57:03.060761093 +0200 CEST m=+10086.551932429,0
2023-06-27 21:57:03.060778569 +0200 CEST m=+10086.551949906,0
2023-06-27 21:57:03.060795951 +0200 CEST m=+10086.551967287,0
2023-06-27 21:57:03.060811992 +0200 CEST m=+10086.551983330,0
2023-06-27 21:57:03.060829956 +0200 CEST m=+10086.552001293,0
2023-06-27 21:57:03.060847547 +0200 CEST m=+10086.552018882,0
2023-06-27 21:57:03.060863411 +0200 CEST m=+10086.552034750,0
2023-06-27 21:57:03.060878834 +0200 CEST m=+10086.552050170,0
2023-06-27 21:57:03.060897811 +0200 CEST m=+10086.552069148,0
2023-06-27 21:57:03.060913643 +0200 CEST m=+10086.552084978,0
2023-06-27 21:57:03.060931731 +0200 CEST m=+10086.552103063,0
2023-06-27 21:57:03.060948493 +0200 CEST m=+10086.552119832,0
2023-06-27 21:57:03.060965754 +0200 CEST m=+10086.552137092,0
2023-06-27 21:57:03.06119404 +0200 CEST m=+10086.552365375,0
2023-06-27 21:57:03.061383083 +0200 CEST m=+10086.552554406,0
2023-06-27 21:57:03.076754294 +0200 CEST m=+10086.567925621,0
2023-06-27 21:57:03.076769993 +0200 CEST m=+10086.567941314,0
2023-06-27 21:57:03.07678193 +0200 CEST m=+10086.567953255,0
2023-06-27 21:57:03.076799098 +0200 CEST m=+10086.567970422,0
2023-06-27 21:57:03.076811252 +0200 CEST m=+10086.567982582,0
2023-06-27 21:57:03.076827497 +0200 CEST m=+10086.567998821,0
2023-06-27 21:57:03.076840762 +0200 CEST m=+10086.568012086,0
2023-06-27 21:57:03.076854184 +0200 CEST m=+10086.568025510,0
2023-06-27 21:57:03.076866295 +0200 CEST m=+10086.568037626,0
2023-06-27 21:57:03.076880715 +0200 CEST m=+10086.568052040,0
2023-06-27 21:57:03.076892414 +0200 CEST m=+10086.568063738,0
2023-06-27 21:57:03.076904581 +0200 CEST m=+10086.568075906,0
2023-06-27 21:57:03.07691666 +0200 CEST m=+10086.568087985,0
2023-06-27 21:57:03.076928413 +0200 CEST m=+10086.568099737,0
2023-06-27 21:57:03.077079591 +0200 CEST m=+10086.568250915,0
2023-06-27 21:57:03.077230557 +0200 CEST m=+10086.568401879,0
2023-06-27 21:57:03.092701695 +0200 CEST m=+10086.583873019,0
2023-06-27 21:57:03.092754771 +0200 CEST m=+10086.583926091,0
2023-06-27 21:57:03.0927655 +0200 CEST m=+10086.583936821,0
2023-06-27 21:57:03.092773263 +0200 CEST m=+10086.583944584,0
2023-06-27 21:57:03.092779466 +0200 CEST m=+10086.583950786,0
2023-06-27 21:57:03.092785578 +0200 CEST m=+10086.583956898,0
2023-06-27 21:57:03.092793076 +0200 CEST m=+10086.583964396,0
2023-06-27 21:57:03.092800639 +0200 CEST m=+10086.583971960,0
2023-06-27 21:57:03.092807628 +0200 CEST m=+10086.583978950,0
2023-06-27 21:57:03.092814538 +0200 CEST m=+10086.583985858,0
2023-06-27 21:57:03.092821397 +0200 CEST m=+10086.583992717,0
2023-06-27 21:57:03.092827991 +0200 CEST m=+10086.583999311,0
2023-06-27 21:57:03.092834361 +0200 CEST m=+10086.584005682,0
2023-06-27 21:57:03.092841305 +0200 CEST m=+10086.584012625,0
2023-06-27 21:57:03.09298567 +0200 CEST m=+10086.584156990,0
2023-06-27 21:57:03.093136501 +0200 CEST m=+10086.584307822,0
2023-06-27 21:57:03.108718176 +0200 CEST m=+10086.599889502,0
2023-06-27 21:57:03.108739244 +0200 CEST m=+10086.599910578,0
2023-06-27 21:57:03.108759225 +0200 CEST m=+10086.599930560,0
2023-06-27 21:57:03.108778749 +0200 CEST m=+10086.599950087,0
2023-06-27 21:57:03.108801265 +0200 CEST m=+10086.599972789,0
2023-06-27 21:57:03.108822285 +0200 CEST m=+10086.599993621,0
2023-06-27 21:57:03.108841543 +0200 CEST m=+10086.600012878,0
2023-06-27 21:57:03.108863638 +0200 CEST m=+10086.600034969,0
2023-06-27 21:57:03.108886681 +0200 CEST m=+10086.600058017,0
2023-06-27 21:57:03.108906934 +0200 CEST m=+10086.600078272,0
2023-06-27 21:57:03.10892556 +0200 CEST m=+10086.600096893,0
2023-06-27 21:57:03.108950979 +0200 CEST m=+10086.600122308,0
2023-06-27 21:57:03.108974712 +0200 CEST m=+10086.600146043,0
2023-06-27 21:57:03.108993684 +0200 CEST m=+10086.600165014,0
2023-06-27 21:57:03.109631762 +0200 CEST m=+10086.600803106,0
2023-06-27 21:57:03.110038028 +0200 CEST m=+10086.601209354,0
2023-06-27 21:57:03.124765859 +0200 CEST m=+10086.615937180,0
2023-06-27 21:57:03.124775072 +0200 CEST m=+10086.615946394,0
2023-06-27 21:57:03.124782618 +0200 CEST m=+10086.615953938,0
2023-06-27 21:57:03.124789546 +0200 CEST m=+10086.615960868,0
2023-06-27 21:57:03.124796057 +0200 CEST m=+10086.615967379,0
2023-06-27 21:57:03.124804815 +0200 CEST m=+10086.615976138,0
2023-06-27 21:57:03.124811141 +0200 CEST m=+10086.615982463,0
2023-06-27 21:57:03.124818418 +0200 CEST m=+10086.615989739,0
2023-06-27 21:57:03.124826189 +0200 CEST m=+10086.615997510,0
2023-06-27 21:57:03.124832725 +0200 CEST m=+10086.616004046,0
2023-06-27 21:57:03.124839421 +0200 CEST m=+10086.616010743,0
2023-06-27 21:57:03.124846172 +0200 CEST m=+10086.616017494,0
2023-06-27 21:57:03.124852736 +0200 CEST m=+10086.616024057,0
2023-06-27 21:57:03.125004537 +0200 CEST m=+10086.616175862,0
2023-06-27 21:57:03.125144829 +0200 CEST m=+10086.616316150,0
2023-06-27 21:57:03.125315647 +0200 CEST m=+10086.616486968,0
2023-06-27 21:57:03.140746435 +0200 CEST m=+10086.631917763,0
2023-06-27 21:57:03.140756674 +0200 CEST m=+10086.631928002,0
2023-06-27 21:57:03.140772659 +0200 CEST m=+10086.631943987,0
2023-06-27 21:57:03.140782083 +0200 CEST m=+10086.631953412,0
2023-06-27 21:57:03.140792225 +0200 CEST m=+10086.631963553,0
2023-06-27 21:57:03.140802001 +0200 CEST m=+10086.631973328,0
2023-06-27 21:57:03.14081121 +0200 CEST m=+10086.631982540,0
2023-06-27 21:57:03.140822478 +0200 CEST m=+10086.631993806,0
2023-06-27 21:57:03.1408316 +0200 CEST m=+10086.632002928,0
2023-06-27 21:57:03.140840919 +0200 CEST m=+10086.632012247,0
2023-06-27 21:57:03.140852646 +0200 CEST m=+10086.632023974,0
2023-06-27 21:57:03.140866557 +0200 CEST m=+10086.632037886,0
2023-06-27 21:57:03.140881709 +0200 CEST m=+10086.632053037,0
2023-06-27 21:57:03.141132089 +0200 CEST m=+10086.632303423,0
2023-06-27 21:57:03.141490114 +0200 CEST m=+10086.632661442,0
2023-06-27 21:57:03.141721055 +0200 CEST m=+10086.632892395,0
2023-06-27 21:57:03.156675303 +0200 CEST m=+10086.647846629,0
2023-06-27 21:57:03.156683631 +0200 CEST m=+10086.647854956,0
2023-06-27 21:57:03.156695899 +0200 CEST m=+10086.647867225,0
2023-06-27 21:57:03.156704715 +0200 CEST m=+10086.647876041,0
2023-06-27 21:57:03.156712776 +0200 CEST m=+10086.647884100,0
2023-06-27 21:57:03.156720827 +0200 CEST m=+10086.647892151,0
2023-06-27 21:57:03.156729571 +0200 CEST m=+10086.647900897,0
2023-06-27 21:57:03.156737383 +0200 CEST m=+10086.647908708,0
2023-06-27 21:57:03.156751889 +0200 CEST m=+10086.647923217,0
2023-06-27 21:57:03.156775438 +0200 CEST m=+10086.647946770,0
2023-06-27 21:57:03.156791269 +0200 CEST m=+10086.647962599,0
2023-06-27 21:57:03.156807738 +0200 CEST m=+10086.647979068,0
2023-06-27 21:57:03.156825488 +0200 CEST m=+10086.647996829,0
2023-06-27 21:57:03.156957711 +0200 CEST m=+10086.648129036,0
2023-06-27 21:57:03.15717063 +0200 CEST m=+10086.648341971,0
2023-06-27 21:57:03.172744914 +0200 CEST m=+10086.663916251,0
2023-06-27 21:57:03.172762069 +0200 CEST m=+10086.663933399,0
2023-06-27 21:57:03.172786166 +0200 CEST m=+10086.663957511,0
2023-06-27 21:57:03.17280357 +0200 CEST m=+10086.663974900,0
2023-06-27 21:57:03.172818511 +0200 CEST m=+10086.663989839,0
2023-06-27 21:57:03.172845204 +0200 CEST m=+10086.664016532,0
2023-06-27 21:57:03.172863762 +0200 CEST m=+10086.664035096,0
2023-06-27 21:57:03.172885454 +0200 CEST m=+10086.664056791,0
2023-06-27 21:57:03.172930014 +0200 CEST m=+10086.664101343,0
2023-06-27 21:57:03.172950372 +0200 CEST m=+10086.664121706,0
2023-06-27 21:57:03.172969976 +0200 CEST m=+10086.664141307,0
2023-06-27 21:57:03.172995728 +0200 CEST m=+10086.664167065,0
2023-06-27 21:57:03.173017126 +0200 CEST m=+10086.664188462,0
2023-06-27 21:57:03.17303842 +0200 CEST m=+10086.664209751,0
2023-06-27 21:57:03.173207367 +0200 CEST m=+10086.664378705,0
2023-06-27 21:57:03.173474926 +0200 CEST m=+10086.664646261,0
2023-06-27 21:57:03.188721869 +0200 CEST m=+10086.679893191,0
2023-06-27 21:57:03.188844354 +0200 CEST m=+10086.680015677,0
2023-06-27 21:57:03.188856644 +0200 CEST m=+10086.680027967,0
2023-06-27 21:57:03.188872892 +0200 CEST m=+10086.680044215,0
2023-06-27 21:57:03.188881658 +0200 CEST m=+10086.680052986,0
2023-06-27 21:57:03.188899626 +0200 CEST m=+10086.680070953,0
2023-06-27 21:57:03.188916336 +0200 CEST m=+10086.680087663,0
2023-06-27 21:57:03.188929187 +0200 CEST m=+10086.680100514,0
2023-06-27 21:57:03.188942449 +0200 CEST m=+10086.680113774,0
2023-06-27 21:57:03.18895599 +0200 CEST m=+10086.680127316,0
2023-06-27 21:57:03.188970381 +0200 CEST m=+10086.680141707,0
2023-06-27 21:57:03.188983626 +0200 CEST m=+10086.680154952,0
2023-06-27 21:57:03.188997321 +0200 CEST m=+10086.680168647,0
2023-06-27 21:57:03.189010762 +0200 CEST m=+10086.680182094,0
2023-06-27 21:57:03.189092761 +0200 CEST m=+10086.680264087,0
2023-06-27 21:57:03.189241434 +0200 CEST m=+10086.680412755,0
2023-06-27 21:57:03.204708997 +0200 CEST m=+10086.695880322,0
2023-06-27 21:57:03.204785574 +0200 CEST m=+10086.695956895,0
2023-06-27 21:57:03.204794695 +0200 CEST m=+10086.695966016,0
2023-06-27 21:57:03.204806011 +0200 CEST m=+10086.695977331,0
2023-06-27 21:57:03.204813895 +0200 CEST m=+10086.695985215,0
2023-06-27 21:57:03.204820034 +0200 CEST m=+10086.695991356,0
2023-06-27 21:57:03.204829392 +0200 CEST m=+10086.696000715,0
2023-06-27 21:57:03.204835472 +0200 CEST m=+10086.696006793,0
2023-06-27 21:57:03.204841391 +0200 CEST m=+10086.696012712,0
2023-06-27 21:57:03.20484865 +0200 CEST m=+10086.696019971,0
2023-06-27 21:57:03.204855055 +0200 CEST m=+10086.696026377,0
2023-06-27 21:57:03.204861461 +0200 CEST m=+10086.696032783,0
2023-06-27 21:57:03.204867772 +0200 CEST m=+10086.696039093,0
2023-06-27 21:57:03.2051519 +0200 CEST m=+10086.696323224,0
2023-06-27 21:57:03.205262965 +0200 CEST m=+10086.696434287,0
2023-06-27 21:57:03.20550156 +0200 CEST m=+10086.696672907,0
2023-06-27 21:57:03.220770459 +0200 CEST m=+10086.711941779,0
2023-06-27 21:57:03.220819196 +0200 CEST m=+10086.711990515,0
2023-06-27 21:57:03.220827043 +0200 CEST m=+10086.711998362,0
2023-06-27 21:57:03.220834627 +0200 CEST m=+10086.712005947,0
2023-06-27 21:57:03.220840508 +0200 CEST m=+10086.712011828,0
2023-06-27 21:57:03.220846179 +0200 CEST m=+10086.712017499,0
2023-06-27 21:57:03.220853001 +0200 CEST m=+10086.712024322,0
2023-06-27 21:57:03.220859823 +0200 CEST m=+10086.712031143,0
2023-06-27 21:57:03.220867807 +0200 CEST m=+10086.712039128,0
2023-06-27 21:57:03.220875581 +0200 CEST m=+10086.712046901,0
2023-06-27 21:57:03.220881372 +0200 CEST m=+10086.712052691,0
2023-06-27 21:57:03.220887028 +0200 CEST m=+10086.712058349,0
2023-06-27 21:57:03.220893048 +0200 CEST m=+10086.712064369,0
2023-06-27 21:57:03.220907965 +0200 CEST m=+10086.712079285,0
2023-06-27 21:57:03.221027529 +0200 CEST m=+10086.712198849,0
2023-06-27 21:57:03.221157353 +0200 CEST m=+10086.712328672,0
2023-06-27 21:57:03.236667502 +0200 CEST m=+10086.727838823,0
2023-06-27 21:57:03.236678299 +0200 CEST m=+10086.727849620,0
2023-06-27 21:57:03.236757373 +0200 CEST m=+10086.727928699,0
2023-06-27 21:57:03.236766249 +0200 CEST m=+10086.727937570,0
2023-06-27 21:57:03.236774278 +0200 CEST m=+10086.727945600,0
2023-06-27 21:57:03.236781452 +0200 CEST m=+10086.727952775,0
2023-06-27 21:57:03.23678899 +0200 CEST m=+10086.727960312,0
2023-06-27 21:57:03.236795154 +0200 CEST m=+10086.727966476,0
2023-06-27 21:57:03.236801072 +0200 CEST m=+10086.727972394,0
2023-06-27 21:57:03.236808996 +0200 CEST m=+10086.727980317,0
2023-06-27 21:57:03.236815212 +0200 CEST m=+10086.727986532,0
2023-06-27 21:57:03.236821226 +0200 CEST m=+10086.727992548,0
2023-06-27 21:57:03.23682973 +0200 CEST m=+10086.728001050,0
2023-06-27 21:57:03.23683646 +0200 CEST m=+10086.728007782,0
2023-06-27 21:57:03.236992001 +0200 CEST m=+10086.728163327,0
2023-06-27 21:57:03.237149444 +0200 CEST m=+10086.728320769,0
2023-06-27 21:57:03.252699394 +0200 CEST m=+10086.743870718,0
2023-06-27 21:57:03.252753705 +0200 CEST m=+10086.743925025,0
2023-06-27 21:57:03.252760219 +0200 CEST m=+10086.743931539,0
2023-06-27 21:57:03.252770033 +0200 CEST m=+10086.743941353,0
2023-06-27 21:57:03.252776262 +0200 CEST m=+10086.743947582,0
2023-06-27 21:57:03.252783135 +0200 CEST m=+10086.743954455,0
2023-06-27 21:57:03.252789246 +0200 CEST m=+10086.743960566,0
2023-06-27 21:57:03.252801943 +0200 CEST m=+10086.743973272,0
2023-06-27 21:57:03.252813753 +0200 CEST m=+10086.743985073,0
2023-06-27 21:57:03.252819848 +0200 CEST m=+10086.743991167,0
2023-06-27 21:57:03.252826327 +0200 CEST m=+10086.743997647,0
2023-06-27 21:57:03.252832533 +0200 CEST m=+10086.744003854,0
2023-06-27 21:57:03.252839973 +0200 CEST m=+10086.744011293,0
2023-06-27 21:57:03.252915185 +0200 CEST m=+10086.744086506,0
2023-06-27 21:57:03.253139133 +0200 CEST m=+10086.744310462,0
2023-06-27 21:57:03.253310389 +0200 CEST m=+10086.744481712,0
2023-06-27 21:57:03.268757073 +0200 CEST m=+10086.759928437,0
2023-06-27 21:57:03.268803613 +0200 CEST m=+10086.759974973,0
2023-06-27 21:57:03.268840704 +0200 CEST m=+10086.760012067,0
2023-06-27 21:57:03.268878684 +0200 CEST m=+10086.760050047,0
2023-06-27 21:57:03.268928218 +0200 CEST m=+10086.760099587,0
2023-06-27 21:57:03.268970209 +0200 CEST m=+10086.760141581,0
2023-06-27 21:57:03.269011141 +0200 CEST m=+10086.760182492,0
2023-06-27 21:57:03.26905905 +0200 CEST m=+10086.760230414,0
2023-06-27 21:57:03.269098151 +0200 CEST m=+10086.760269520,0
2023-06-27 21:57:03.269144165 +0200 CEST m=+10086.760315543,0
2023-06-27 21:57:03.269190394 +0200 CEST m=+10086.760361758,0
2023-06-27 21:57:03.269252555 +0200 CEST m=+10086.760423917,0
2023-06-27 21:57:03.269291136 +0200 CEST m=+10086.760462520,0
2023-06-27 21:57:03.269337262 +0200 CEST m=+10086.760508626,0
2023-06-27 21:57:03.269912849 +0200 CEST m=+10086.761084199,0
2023-06-27 21:57:03.270465781 +0200 CEST m=+10086.761637143,0
2023-06-27 21:57:03.284737188 +0200 CEST m=+10086.775908521,0
2023-06-27 21:57:03.284792306 +0200 CEST m=+10086.775963655,0
2023-06-27 21:57:03.284810714 +0200 CEST m=+10086.775982048,0
2023-06-27 21:57:03.284822689 +0200 CEST m=+10086.775994021,0
2023-06-27 21:57:03.284838622 +0200 CEST m=+10086.776009955,0
2023-06-27 21:57:03.284849908 +0200 CEST m=+10086.776021240,0
2023-06-27 21:57:03.284861572 +0200 CEST m=+10086.776032905,0
2023-06-27 21:57:03.284875223 +0200 CEST m=+10086.776046555,0
2023-06-27 21:57:03.284890057 +0200 CEST m=+10086.776061389,0
2023-06-27 21:57:03.284906342 +0200 CEST m=+10086.776077675,0
2023-06-27 21:57:03.284918352 +0200 CEST m=+10086.776089686,0
2023-06-27 21:57:03.284929583 +0200 CEST m=+10086.776100915,0
2023-06-27 21:57:03.284940666 +0200 CEST m=+10086.776112000,0
2023-06-27 21:57:03.284998245 +0200 CEST m=+10086.776169586,0
2023-06-27 21:57:03.285349403 +0200 CEST m=+10086.776520755,0
2023-06-27 21:57:03.285653344 +0200 CEST m=+10086.776824673,0
2023-06-27 21:57:03.300716866 +0200 CEST m=+10086.791888191,0
2023-06-27 21:57:03.300781908 +0200 CEST m=+10086.791953231,0
2023-06-27 21:57:03.300790799 +0200 CEST m=+10086.791962122,0
2023-06-27 21:57:03.300799967 +0200 CEST m=+10086.791971289,0
2023-06-27 21:57:03.300807217 +0200 CEST m=+10086.791978540,0
2023-06-27 21:57:03.30081422 +0200 CEST m=+10086.791985543,0
2023-06-27 21:57:03.300825292 +0200 CEST m=+10086.791996614,0
2023-06-27 21:57:03.300832408 +0200 CEST m=+10086.792003730,0
2023-06-27 21:57:03.300839916 +0200 CEST m=+10086.792011239,0
2023-06-27 21:57:03.30084696 +0200 CEST m=+10086.792018282,0
2023-06-27 21:57:03.300854358 +0200 CEST m=+10086.792025682,0
2023-06-27 21:57:03.300862045 +0200 CEST m=+10086.792033368,0
2023-06-27 21:57:03.300875988 +0200 CEST m=+10086.792047311,0
2023-06-27 21:57:03.300919511 +0200 CEST m=+10086.792090833,0
2023-06-27 21:57:03.301104441 +0200 CEST m=+10086.792275768,0
2023-06-27 21:57:03.301348597 +0200 CEST m=+10086.792519930,0
2023-06-27 21:57:03.316783451 +0200 CEST m=+10086.807954811,0
2023-06-27 21:57:03.316817568 +0200 CEST m=+10086.807988928,0
2023-06-27 21:57:03.316887427 +0200 CEST m=+10086.808058787,0
2023-06-27 21:57:03.316923415 +0200 CEST m=+10086.808094774,0
2023-06-27 21:57:03.316970906 +0200 CEST m=+10086.808142283,0
2023-06-27 21:57:03.317013554 +0200 CEST m=+10086.808184923,0
2023-06-27 21:57:03.31705936 +0200 CEST m=+10086.808230707,0
2023-06-27 21:57:03.31709677 +0200 CEST m=+10086.808268145,0
2023-06-27 21:57:03.317138953 +0200 CEST m=+10086.808310304,0
2023-06-27 21:57:03.317174655 +0200 CEST m=+10086.808346023,0
2023-06-27 21:57:03.317201194 +0200 CEST m=+10086.808372541,0
2023-06-27 21:57:03.317235354 +0200 CEST m=+10086.808406701,0
2023-06-27 21:57:03.317264093 +0200 CEST m=+10086.808435448,0
2023-06-27 21:57:03.317292289 +0200 CEST m=+10086.808463635,0
2023-06-27 21:57:03.317560166 +0200 CEST m=+10086.808731488,0
2023-06-27 21:57:03.317750106 +0200 CEST m=+10086.808921431,0
2023-06-27 21:57:03.332685046 +0200 CEST m=+10086.823856374,0
2023-06-27 21:57:03.332705799 +0200 CEST m=+10086.823877126,0
2023-06-27 21:57:03.332721314 +0200 CEST m=+10086.823892640,0
2023-06-27 21:57:03.33273654 +0200 CEST m=+10086.823907882,0
2023-06-27 21:57:03.332754219 +0200 CEST m=+10086.823925546,0
2023-06-27 21:57:03.332764225 +0200 CEST m=+10086.823935552,0
2023-06-27 21:57:03.332774439 +0200 CEST m=+10086.823945766,0
2023-06-27 21:57:03.332784858 +0200 CEST m=+10086.823956185,0
2023-06-27 21:57:03.33280472 +0200 CEST m=+10086.823976046,0
2023-06-27 21:57:03.332815284 +0200 CEST m=+10086.823986611,0
2023-06-27 21:57:03.332823899 +0200 CEST m=+10086.823995226,0
2023-06-27 21:57:03.33283618 +0200 CEST m=+10086.824007516,0
2023-06-27 21:57:03.332854626 +0200 CEST m=+10086.824025952,0
2023-06-27 21:57:03.333010568 +0200 CEST m=+10086.824181900,0
2023-06-27 21:57:03.333247387 +0200 CEST m=+10086.824418720,0
2023-06-27 21:57:03.333418438 +0200 CEST m=+10086.824589764,0
2023-06-27 21:57:03.348705751 +0200 CEST m=+10086.839877078,0
2023-06-27 21:57:03.348724872 +0200 CEST m=+10086.839896199,0
2023-06-27 21:57:03.348742609 +0200 CEST m=+10086.839913941,0
2023-06-27 21:57:03.348755425 +0200 CEST m=+10086.839926747,0
2023-06-27 21:57:03.348761785 +0200 CEST m=+10086.839933106,0
2023-06-27 21:57:03.348768265 +0200 CEST m=+10086.839939587,0
2023-06-27 21:57:03.348775369 +0200 CEST m=+10086.839946691,0
2023-06-27 21:57:03.348782119 +0200 CEST m=+10086.839953440,0
2023-06-27 21:57:03.348790268 +0200 CEST m=+10086.839961591,0
2023-06-27 21:57:03.348798831 +0200 CEST m=+10086.839970153,0
2023-06-27 21:57:03.348805467 +0200 CEST m=+10086.839976789,0
2023-06-27 21:57:03.348812751 +0200 CEST m=+10086.839984073,0
2023-06-27 21:57:03.348819603 +0200 CEST m=+10086.839990925,0
2023-06-27 21:57:03.348933754 +0200 CEST m=+10086.840105076,0
2023-06-27 21:57:03.349074018 +0200 CEST m=+10086.840245343,0
2023-06-27 21:57:03.349258171 +0200 CEST m=+10086.840429497,0
2023-06-27 21:57:03.364766523 +0200 CEST m=+10086.855937852,0
2023-06-27 21:57:03.364779465 +0200 CEST m=+10086.855950792,0
2023-06-27 21:57:03.364793833 +0200 CEST m=+10086.855965158,0
2023-06-27 21:57:03.364809927 +0200 CEST m=+10086.855981258,0
2023-06-27 21:57:03.364824514 +0200 CEST m=+10086.855995846,0
2023-06-27 21:57:03.364849012 +0200 CEST m=+10086.856020339,0
2023-06-27 21:57:03.364865461 +0200 CEST m=+10086.856036786,0
2023-06-27 21:57:03.364879075 +0200 CEST m=+10086.856050403,0
2023-06-27 21:57:03.364892252 +0200 CEST m=+10086.856063578,0
2023-06-27 21:57:03.364903692 +0200 CEST m=+10086.856075019,0
2023-06-27 21:57:03.364915009 +0200 CEST m=+10086.856086336,0
2023-06-27 21:57:03.3649275 +0200 CEST m=+10086.856098831,0
2023-06-27 21:57:03.364940673 +0200 CEST m=+10086.856111999,0
2023-06-27 21:57:03.36495512 +0200 CEST m=+10086.856126450,0
2023-06-27 21:57:03.365176159 +0200 CEST m=+10086.856347487,0
2023-06-27 21:57:03.365387315 +0200 CEST m=+10086.856558639,0
2023-06-27 21:57:03.380759353 +0200 CEST m=+10086.871930675,0
2023-06-27 21:57:03.380770776 +0200 CEST m=+10086.871942097,0
2023-06-27 21:57:03.380780917 +0200 CEST m=+10086.871952237,0
2023-06-27 21:57:03.380790461 +0200 CEST m=+10086.871961782,0
2023-06-27 21:57:03.380800745 +0200 CEST m=+10086.871972066,0
2023-06-27 21:57:03.380811893 +0200 CEST m=+10086.871983215,0
2023-06-27 21:57:03.380825507 +0200 CEST m=+10086.871996831,0
2023-06-27 21:57:03.380841929 +0200 CEST m=+10086.872013254,0
2023-06-27 21:57:03.380857564 +0200 CEST m=+10086.872028888,0
2023-06-27 21:57:03.380874653 +0200 CEST m=+10086.872045973,0
2023-06-27 21:57:03.380887894 +0200 CEST m=+10086.872059214,0
2023-06-27 21:57:03.380903414 +0200 CEST m=+10086.872074735,0
2023-06-27 21:57:03.380913859 +0200 CEST m=+10086.872085180,0
2023-06-27 21:57:03.381137546 +0200 CEST m=+10086.872308875,0
2023-06-27 21:57:03.381297544 +0200 CEST m=+10086.872468871,0
2023-06-27 21:57:03.396699586 +0200 CEST m=+10086.887870913,0
2023-06-27 21:57:03.396724003 +0200 CEST m=+10086.887895331,0
2023-06-27 21:57:03.396743708 +0200 CEST m=+10086.887915041,0
2023-06-27 21:57:03.396763186 +0200 CEST m=+10086.887934519,0
2023-06-27 21:57:03.396790775 +0200 CEST m=+10086.887962103,0
2023-06-27 21:57:03.396811435 +0200 CEST m=+10086.887982785,0
2023-06-27 21:57:03.3968327 +0200 CEST m=+10086.888004027,0
2023-06-27 21:57:03.39685031 +0200 CEST m=+10086.888021638,0
2023-06-27 21:57:03.396866713 +0200 CEST m=+10086.888038041,0
2023-06-27 21:57:03.396887106 +0200 CEST m=+10086.888058433,0
2023-06-27 21:57:03.396898789 +0200 CEST m=+10086.888070117,0
2023-06-27 21:57:03.396910718 +0200 CEST m=+10086.888082046,0
2023-06-27 21:57:03.396921722 +0200 CEST m=+10086.888093050,0
2023-06-27 21:57:03.396930727 +0200 CEST m=+10086.888102055,0
2023-06-27 21:57:03.397213919 +0200 CEST m=+10086.888385263,0
2023-06-27 21:57:03.397446574 +0200 CEST m=+10086.888617907,0
2023-06-27 21:57:03.412696577 +0200 CEST m=+10086.903867898,0
2023-06-27 21:57:03.412704082 +0200 CEST m=+10086.903875402,0
2023-06-27 21:57:03.412710653 +0200 CEST m=+10086.903881973,0
2023-06-27 21:57:03.412716918 +0200 CEST m=+10086.903888239,0
2023-06-27 21:57:03.412723146 +0200 CEST m=+10086.903894467,0
2023-06-27 21:57:03.412729056 +0200 CEST m=+10086.903900376,0
2023-06-27 21:57:03.412739105 +0200 CEST m=+10086.903910425,0
2023-06-27 21:57:03.412752742 +0200 CEST m=+10086.903924062,0
2023-06-27 21:57:03.412764915 +0200 CEST m=+10086.903936236,0
2023-06-27 21:57:03.412771555 +0200 CEST m=+10086.903942876,0
2023-06-27 21:57:03.412778277 +0200 CEST m=+10086.903949598,0
2023-06-27 21:57:03.412789466 +0200 CEST m=+10086.903960788,0
2023-06-27 21:57:03.412796441 +0200 CEST m=+10086.903967761,0
2023-06-27 21:57:03.412897452 +0200 CEST m=+10086.904068773,0
2023-06-27 21:57:03.413095059 +0200 CEST m=+10086.904266380,0
2023-06-27 21:57:03.413252833 +0200 CEST m=+10086.904424157,0
2023-06-27 21:57:03.428761018 +0200 CEST m=+10086.919932353,0
2023-06-27 21:57:03.428779002 +0200 CEST m=+10086.919950336,0
2023-06-27 21:57:03.428791029 +0200 CEST m=+10086.919962361,0
2023-06-27 21:57:03.428804033 +0200 CEST m=+10086.919975368,0
2023-06-27 21:57:03.42881782 +0200 CEST m=+10086.919989154,0
2023-06-27 21:57:03.428836249 +0200 CEST m=+10086.920007588,0
2023-06-27 21:57:03.428858803 +0200 CEST m=+10086.920030139,0
2023-06-27 21:57:03.428879495 +0200 CEST m=+10086.920050829,0
2023-06-27 21:57:03.428898435 +0200 CEST m=+10086.920069775,0
2023-06-27 21:57:03.428919657 +0200 CEST m=+10086.920090990,0
2023-06-27 21:57:03.428952761 +0200 CEST m=+10086.920124097,0
2023-06-27 21:57:03.428992863 +0200 CEST m=+10086.920164197,0
2023-06-27 21:57:03.429027965 +0200 CEST m=+10086.920199304,0
2023-06-27 21:57:03.429180701 +0200 CEST m=+10086.920352052,0
2023-06-27 21:57:03.429485778 +0200 CEST m=+10086.920657120,0
2023-06-27 21:57:03.429858853 +0200 CEST m=+10086.921030196,0
2023-06-27 21:57:03.444764175 +0200 CEST m=+10086.935935507,0
2023-06-27 21:57:03.444783397 +0200 CEST m=+10086.935954730,0
2023-06-27 21:57:03.44480552 +0200 CEST m=+10086.935976859,0
2023-06-27 21:57:03.444825775 +0200 CEST m=+10086.935997108,0
2023-06-27 21:57:03.444842236 +0200 CEST m=+10086.936013567,0
2023-06-27 21:57:03.444859487 +0200 CEST m=+10086.936030820,0
2023-06-27 21:57:03.444885198 +0200 CEST m=+10086.936056535,0
2023-06-27 21:57:03.444905715 +0200 CEST m=+10086.936077047,0
2023-06-27 21:57:03.444923094 +0200 CEST m=+10086.936094427,0
2023-06-27 21:57:03.44494287 +0200 CEST m=+10086.936114195,0
2023-06-27 21:57:03.444951576 +0200 CEST m=+10086.936122902,0
2023-06-27 21:57:03.444960432 +0200 CEST m=+10086.936131757,0
2023-06-27 21:57:03.444972173 +0200 CEST m=+10086.936143500,0
2023-06-27 21:57:03.445055656 +0200 CEST m=+10086.936226981,0
2023-06-27 21:57:03.445401671 +0200 CEST m=+10086.936573003,0
2023-06-27 21:57:03.445556187 +0200 CEST m=+10086.936727512,0
2023-06-27 21:57:03.460732273 +0200 CEST m=+10086.951903596,0
2023-06-27 21:57:03.46074179 +0200 CEST m=+10086.951913114,0
2023-06-27 21:57:03.460821062 +0200 CEST m=+10086.951992394,0
2023-06-27 21:57:03.460832727 +0200 CEST m=+10086.952004049,0
2023-06-27 21:57:03.460839409 +0200 CEST m=+10086.952010731,0
2023-06-27 21:57:03.460846523 +0200 CEST m=+10086.952017844,0
2023-06-27 21:57:03.460854925 +0200 CEST m=+10086.952026247,0
2023-06-27 21:57:03.460863881 +0200 CEST m=+10086.952035202,0
2023-06-27 21:57:03.460871199 +0200 CEST m=+10086.952042521,0
2023-06-27 21:57:03.460877865 +0200 CEST m=+10086.952049187,0
2023-06-27 21:57:03.460885317 +0200 CEST m=+10086.952056640,0
2023-06-27 21:57:03.460892357 +0200 CEST m=+10086.952063679,0
2023-06-27 21:57:03.460900589 +0200 CEST m=+10086.952071910,0
2023-06-27 21:57:03.460931784 +0200 CEST m=+10086.952103106,0
2023-06-27 21:57:03.46111567 +0200 CEST m=+10086.952286996,0
2023-06-27 21:57:03.46131306 +0200 CEST m=+10086.952484381,0
2023-06-27 21:57:03.476760946 +0200 CEST m=+10086.967932270,0
2023-06-27 21:57:03.476773903 +0200 CEST m=+10086.967945227,0
2023-06-27 21:57:03.476785472 +0200 CEST m=+10086.967956797,0
2023-06-27 21:57:03.476796913 +0200 CEST m=+10086.967968238,0
2023-06-27 21:57:03.476812081 +0200 CEST m=+10086.967983405,0
2023-06-27 21:57:03.476823548 +0200 CEST m=+10086.967994873,0
2023-06-27 21:57:03.476836047 +0200 CEST m=+10086.968007371,0
2023-06-27 21:57:03.476852136 +0200 CEST m=+10086.968023460,0
2023-06-27 21:57:03.476863646 +0200 CEST m=+10086.968034971,0
2023-06-27 21:57:03.476875398 +0200 CEST m=+10086.968046723,0
2023-06-27 21:57:03.476892295 +0200 CEST m=+10086.968063619,0
2023-06-27 21:57:03.476903986 +0200 CEST m=+10086.968075311,0
2023-06-27 21:57:03.476915331 +0200 CEST m=+10086.968086655,0
2023-06-27 21:57:03.476990857 +0200 CEST m=+10086.968162181,0
2023-06-27 21:57:03.477154719 +0200 CEST m=+10086.968326040,0
2023-06-27 21:57:03.477309143 +0200 CEST m=+10086.968480467,0
2023-06-27 21:57:03.492722309 +0200 CEST m=+10086.983893631,0
2023-06-27 21:57:03.492730337 +0200 CEST m=+10086.983901660,0
2023-06-27 21:57:03.492740054 +0200 CEST m=+10086.983911375,0
2023-06-27 21:57:03.492746665 +0200 CEST m=+10086.983917987,0
2023-06-27 21:57:03.492753101 +0200 CEST m=+10086.983924422,0
2023-06-27 21:57:03.492759928 +0200 CEST m=+10086.983931250,0
2023-06-27 21:57:03.492767161 +0200 CEST m=+10086.983938482,0
2023-06-27 21:57:03.492773705 +0200 CEST m=+10086.983945026,0
2023-06-27 21:57:03.492782682 +0200 CEST m=+10086.983954017,0
2023-06-27 21:57:03.492798712 +0200 CEST m=+10086.983970043,0
2023-06-27 21:57:03.492813373 +0200 CEST m=+10086.983984699,0
2023-06-27 21:57:03.492826989 +0200 CEST m=+10086.983998315,0
2023-06-27 21:57:03.492841463 +0200 CEST m=+10086.984012790,0
2023-06-27 21:57:03.492931841 +0200 CEST m=+10086.984103168,0
2023-06-27 21:57:03.493111385 +0200 CEST m=+10086.984282712,0
2023-06-27 21:57:03.493292676 +0200 CEST m=+10086.984464004,0
2023-06-27 21:57:03.508675277 +0200 CEST m=+10086.999846601,0
2023-06-27 21:57:03.508687218 +0200 CEST m=+10086.999858542,0
2023-06-27 21:57:03.508701496 +0200 CEST m=+10086.999872815,0
2023-06-27 21:57:03.508714738 +0200 CEST m=+10086.999886072,0
2023-06-27 21:57:03.508729665 +0200 CEST m=+10086.999900994,0
2023-06-27 21:57:03.508744711 +0200 CEST m=+10086.999916037,0
2023-06-27 21:57:03.50875437 +0200 CEST m=+10086.999925690,0
2023-06-27 21:57:03.508760126 +0200 CEST m=+10086.999931446,0
2023-06-27 21:57:03.508769987 +0200 CEST m=+10086.999941308,0
2023-06-27 21:57:03.50878397 +0200 CEST m=+10086.999955294,0
2023-06-27 21:57:03.508796366 +0200 CEST m=+10086.999967690,0
2023-06-27 21:57:03.508810163 +0200 CEST m=+10086.999981486,0
2023-06-27 21:57:03.508822175 +0200 CEST m=+10086.999993499,0
2023-06-27 21:57:03.508872811 +0200 CEST m=+10087.000044135,0
2023-06-27 21:57:03.509024829 +0200 CEST m=+10087.000196149,0
2023-06-27 21:57:03.509221122 +0200 CEST m=+10087.000392441,0
2023-06-27 21:57:03.524704993 +0200 CEST m=+10087.015876321,0
2023-06-27 21:57:03.524719248 +0200 CEST m=+10087.015890575,0
2023-06-27 21:57:03.524732713 +0200 CEST m=+10087.015904039,0
2023-06-27 21:57:03.524755499 +0200 CEST m=+10087.015926825,0
2023-06-27 21:57:03.524791998 +0200 CEST m=+10087.015963326,0
2023-06-27 21:57:03.524808226 +0200 CEST m=+10087.015979551,0
2023-06-27 21:57:03.52482027 +0200 CEST m=+10087.015991595,0
2023-06-27 21:57:03.52483535 +0200 CEST m=+10087.016006678,0
2023-06-27 21:57:03.524851619 +0200 CEST m=+10087.016022944,0
2023-06-27 21:57:03.524867857 +0200 CEST m=+10087.016039183,0
2023-06-27 21:57:03.524881351 +0200 CEST m=+10087.016052676,0
2023-06-27 21:57:03.524896474 +0200 CEST m=+10087.016067799,0
2023-06-27 21:57:03.524908534 +0200 CEST m=+10087.016079859,0
2023-06-27 21:57:03.524944876 +0200 CEST m=+10087.016116197,0
2023-06-27 21:57:03.525095994 +0200 CEST m=+10087.016267315,0
2023-06-27 21:57:03.525243547 +0200 CEST m=+10087.016414869,0
2023-06-27 21:57:03.540722706 +0200 CEST m=+10087.031894027,0
2023-06-27 21:57:03.540728473 +0200 CEST m=+10087.031899793,0
2023-06-27 21:57:03.540739455 +0200 CEST m=+10087.031910774,0
2023-06-27 21:57:03.540747778 +0200 CEST m=+10087.031919098,0
2023-06-27 21:57:03.540754332 +0200 CEST m=+10087.031925652,0
2023-06-27 21:57:03.540761938 +0200 CEST m=+10087.031933258,0
2023-06-27 21:57:03.540768056 +0200 CEST m=+10087.031939376,0
2023-06-27 21:57:03.540773942 +0200 CEST m=+10087.031945263,0
2023-06-27 21:57:03.540781475 +0200 CEST m=+10087.031952794,0
2023-06-27 21:57:03.54078723 +0200 CEST m=+10087.031958550,0
2023-06-27 21:57:03.540793215 +0200 CEST m=+10087.031964535,0
2023-06-27 21:57:03.540799661 +0200 CEST m=+10087.031970981,0
2023-06-27 21:57:03.540806503 +0200 CEST m=+10087.031977823,0
2023-06-27 21:57:03.540973935 +0200 CEST m=+10087.032145259,0
2023-06-27 21:57:03.541182324 +0200 CEST m=+10087.032353645,0
2023-06-27 21:57:03.541292591 +0200 CEST m=+10087.032463911,0
2023-06-27 21:57:03.556699619 +0200 CEST m=+10087.047870970,0
2023-06-27 21:57:03.556744515 +0200 CEST m=+10087.047915857,0
2023-06-27 21:57:03.556779277 +0200 CEST m=+10087.047950631,0
2023-06-27 21:57:03.55681173 +0200 CEST m=+10087.047983064,0
2023-06-27 21:57:03.556827252 +0200 CEST m=+10087.047998585,0
2023-06-27 21:57:03.55684189 +0200 CEST m=+10087.048013224,0
2023-06-27 21:57:03.556856188 +0200 CEST m=+10087.048027522,0
2023-06-27 21:57:03.556917848 +0200 CEST m=+10087.048089181,0
2023-06-27 21:57:03.556932446 +0200 CEST m=+10087.048103781,0
2023-06-27 21:57:03.556944733 +0200 CEST m=+10087.048116065,0
2023-06-27 21:57:03.556956571 +0200 CEST m=+10087.048127905,0
2023-06-27 21:57:03.556969292 +0200 CEST m=+10087.048140624,0
2023-06-27 21:57:03.556981341 +0200 CEST m=+10087.048152677,0
2023-06-27 21:57:03.55699354 +0200 CEST m=+10087.048164875,0
2023-06-27 21:57:03.557244076 +0200 CEST m=+10087.048415424,0
2023-06-27 21:57:03.557596055 +0200 CEST m=+10087.048767390,0
2023-06-27 21:57:03.572820739 +0200 CEST m=+10087.063992065,0
2023-06-27 21:57:03.572847086 +0200 CEST m=+10087.064018417,0
2023-06-27 21:57:03.572863463 +0200 CEST m=+10087.064034798,0
2023-06-27 21:57:03.572894298 +0200 CEST m=+10087.064065624,0
2023-06-27 21:57:03.572926463 +0200 CEST m=+10087.064097788,0
2023-06-27 21:57:03.572938658 +0200 CEST m=+10087.064109987,0
2023-06-27 21:57:03.572952089 +0200 CEST m=+10087.064123415,0
2023-06-27 21:57:03.572966968 +0200 CEST m=+10087.064138294,0
2023-06-27 21:57:03.572982885 +0200 CEST m=+10087.064154215,0
2023-06-27 21:57:03.573004201 +0200 CEST m=+10087.064175527,0
2023-06-27 21:57:03.57301406 +0200 CEST m=+10087.064185386,0
2023-06-27 21:57:03.573023326 +0200 CEST m=+10087.064194652,0
2023-06-27 21:57:03.57303638 +0200 CEST m=+10087.064207706,0
2023-06-27 21:57:03.573161981 +0200 CEST m=+10087.064333307,0
2023-06-27 21:57:03.573444306 +0200 CEST m=+10087.064615638,0
2023-06-27 21:57:03.588699337 +0200 CEST m=+10087.079870659,0
2023-06-27 21:57:03.588710451 +0200 CEST m=+10087.079881773,0
2023-06-27 21:57:03.588719686 +0200 CEST m=+10087.079891008,0
2023-06-27 21:57:03.588726168 +0200 CEST m=+10087.079897489,0
2023-06-27 21:57:03.588780366 +0200 CEST m=+10087.079951692,0
2023-06-27 21:57:03.588798336 +0200 CEST m=+10087.079969664,0
2023-06-27 21:57:03.588813312 +0200 CEST m=+10087.079984640,0
2023-06-27 21:57:03.588828088 +0200 CEST m=+10087.079999414,0
2023-06-27 21:57:03.588840888 +0200 CEST m=+10087.080012214,0
2023-06-27 21:57:03.58885344 +0200 CEST m=+10087.080024766,0
2023-06-27 21:57:03.588869938 +0200 CEST m=+10087.080041265,0
2023-06-27 21:57:03.588882547 +0200 CEST m=+10087.080053873,0
2023-06-27 21:57:03.588895522 +0200 CEST m=+10087.080066848,0
2023-06-27 21:57:03.588908204 +0200 CEST m=+10087.080079530,0
2023-06-27 21:57:03.588995553 +0200 CEST m=+10087.080166873,0
2023-06-27 21:57:03.589142872 +0200 CEST m=+10087.080314194,0
2023-06-27 21:57:03.604687875 +0200 CEST m=+10087.095859225,0
2023-06-27 21:57:03.604747916 +0200 CEST m=+10087.095919271,0
2023-06-27 21:57:03.604851921 +0200 CEST m=+10087.096023263,0
2023-06-27 21:57:03.604884291 +0200 CEST m=+10087.096055632,0
2023-06-27 21:57:03.6049151 +0200 CEST m=+10087.096086452,0
2023-06-27 21:57:03.604944654 +0200 CEST m=+10087.096115993,0
2023-06-27 21:57:03.604973064 +0200 CEST m=+10087.096144413,0
2023-06-27 21:57:03.605008184 +0200 CEST m=+10087.096179525,0
2023-06-27 21:57:03.605038965 +0200 CEST m=+10087.096210307,0
2023-06-27 21:57:03.605066534 +0200 CEST m=+10087.096237880,0
2023-06-27 21:57:03.605097629 +0200 CEST m=+10087.096268976,0
2023-06-27 21:57:03.605125334 +0200 CEST m=+10087.096296675,0
2023-06-27 21:57:03.605153192 +0200 CEST m=+10087.096324535,0
2023-06-27 21:57:03.605548041 +0200 CEST m=+10087.096719364,0
2023-06-27 21:57:03.605797842 +0200 CEST m=+10087.096969168,0
2023-06-27 21:57:03.605967575 +0200 CEST m=+10087.097138899,0
2023-06-27 21:57:03.620700513 +0200 CEST m=+10087.111871875,0
2023-06-27 21:57:03.620890999 +0200 CEST m=+10087.112062344,0
2023-06-27 21:57:03.620917571 +0200 CEST m=+10087.112088910,0
2023-06-27 21:57:03.62094869 +0200 CEST m=+10087.112120035,0
2023-06-27 21:57:03.620982289 +0200 CEST m=+10087.112153634,0
2023-06-27 21:57:03.621018462 +0200 CEST m=+10087.112189810,0
2023-06-27 21:57:03.621047083 +0200 CEST m=+10087.112218430,0
2023-06-27 21:57:03.621074764 +0200 CEST m=+10087.112246113,0
2023-06-27 21:57:03.621107027 +0200 CEST m=+10087.112278371,0
2023-06-27 21:57:03.621132718 +0200 CEST m=+10087.112304062,0
2023-06-27 21:57:03.621161845 +0200 CEST m=+10087.112333189,0
2023-06-27 21:57:03.621187625 +0200 CEST m=+10087.112358970,0
2023-06-27 21:57:03.621214959 +0200 CEST m=+10087.112386296,0
2023-06-27 21:57:03.621239382 +0200 CEST m=+10087.112410722,0
2023-06-27 21:57:03.621398739 +0200 CEST m=+10087.112570082,0
2023-06-27 21:57:03.62176148 +0200 CEST m=+10087.112932825,0
2023-06-27 21:57:03.636754013 +0200 CEST m=+10087.127925339,0
2023-06-27 21:57:03.636796731 +0200 CEST m=+10087.127968059,0
2023-06-27 21:57:03.636807457 +0200 CEST m=+10087.127978784,0
2023-06-27 21:57:03.636820516 +0200 CEST m=+10087.127991842,0
2023-06-27 21:57:03.636830747 +0200 CEST m=+10087.128002074,0
2023-06-27 21:57:03.636843233 +0200 CEST m=+10087.128014574,0
2023-06-27 21:57:03.636868088 +0200 CEST m=+10087.128039421,0
2023-06-27 21:57:03.636890646 +0200 CEST m=+10087.128061979,0
2023-06-27 21:57:03.63691159 +0200 CEST m=+10087.128082923,0
2023-06-27 21:57:03.636952404 +0200 CEST m=+10087.128123742,0
2023-06-27 21:57:03.636968727 +0200 CEST m=+10087.128140059,0
2023-06-27 21:57:03.636986619 +0200 CEST m=+10087.128157954,0
2023-06-27 21:57:03.637003647 +0200 CEST m=+10087.128174974,0
2023-06-27 21:57:03.637023135 +0200 CEST m=+10087.128194468,0
2023-06-27 21:57:03.637125599 +0200 CEST m=+10087.128296926,0
2023-06-27 21:57:03.637363756 +0200 CEST m=+10087.128535088,0
2023-06-27 21:57:03.652715395 +0200 CEST m=+10087.143886722,0
2023-06-27 21:57:03.652835735 +0200 CEST m=+10087.144007057,0
2023-06-27 21:57:03.652846258 +0200 CEST m=+10087.144017579,0
2023-06-27 21:57:03.652856844 +0200 CEST m=+10087.144028167,0
2023-06-27 21:57:03.652870782 +0200 CEST m=+10087.144042104,0
2023-06-27 21:57:03.652879624 +0200 CEST m=+10087.144050947,0
2023-06-27 21:57:03.652888735 +0200 CEST m=+10087.144060057,0
2023-06-27 21:57:03.652897269 +0200 CEST m=+10087.144068589,0
2023-06-27 21:57:03.652909454 +0200 CEST m=+10087.144080776,0
2023-06-27 21:57:03.652919965 +0200 CEST m=+10087.144091287,0
2023-06-27 21:57:03.652929887 +0200 CEST m=+10087.144101209,0
2023-06-27 21:57:03.652938984 +0200 CEST m=+10087.144110307,0
2023-06-27 21:57:03.652953743 +0200 CEST m=+10087.144125064,0
2023-06-27 21:57:03.652963383 +0200 CEST m=+10087.144134704,0
2023-06-27 21:57:03.653212201 +0200 CEST m=+10087.144383528,0
2023-06-27 21:57:03.653381126 +0200 CEST m=+10087.144552453,0
2023-06-27 21:57:03.66877177 +0200 CEST m=+10087.159943123,0
2023-06-27 21:57:03.668815636 +0200 CEST m=+10087.159986987,0
2023-06-27 21:57:03.668848679 +0200 CEST m=+10087.160020032,0
2023-06-27 21:57:03.668933374 +0200 CEST m=+10087.160104727,0
2023-06-27 21:57:03.668963916 +0200 CEST m=+10087.160135267,0
2023-06-27 21:57:03.669000234 +0200 CEST m=+10087.160171604,0
2023-06-27 21:57:03.669036396 +0200 CEST m=+10087.160207750,0
2023-06-27 21:57:03.669128873 +0200 CEST m=+10087.160300225,0
2023-06-27 21:57:03.669164457 +0200 CEST m=+10087.160335808,0
2023-06-27 21:57:03.669197198 +0200 CEST m=+10087.160368550,0
2023-06-27 21:57:03.669228399 +0200 CEST m=+10087.160399752,0
2023-06-27 21:57:03.669261952 +0200 CEST m=+10087.160433305,0
2023-06-27 21:57:03.669293384 +0200 CEST m=+10087.160464734,0
2023-06-27 21:57:03.669328776 +0200 CEST m=+10087.160500128,0
2023-06-27 21:57:03.669585506 +0200 CEST m=+10087.160756830,0
2023-06-27 21:57:03.669776101 +0200 CEST m=+10087.160947431,0
2023-06-27 21:57:03.684768434 +0200 CEST m=+10087.175939757,0
2023-06-27 21:57:03.684790984 +0200 CEST m=+10087.175962306,0
2023-06-27 21:57:03.684803506 +0200 CEST m=+10087.175974829,0
2023-06-27 21:57:03.684822072 +0200 CEST m=+10087.175993401,0
2023-06-27 21:57:03.684887033 +0200 CEST m=+10087.176058355,0
2023-06-27 21:57:03.684906401 +0200 CEST m=+10087.176077723,0
2023-06-27 21:57:03.684921993 +0200 CEST m=+10087.176093314,0
2023-06-27 21:57:03.684941266 +0200 CEST m=+10087.176112587,0
2023-06-27 21:57:03.684964531 +0200 CEST m=+10087.176135854,0
2023-06-27 21:57:03.684983961 +0200 CEST m=+10087.176155297,0
2023-06-27 21:57:03.685002219 +0200 CEST m=+10087.176173541,0
2023-06-27 21:57:03.685016424 +0200 CEST m=+10087.176187745,0
2023-06-27 21:57:03.685037772 +0200 CEST m=+10087.176209095,0
2023-06-27 21:57:03.685187244 +0200 CEST m=+10087.176358567,0
2023-06-27 21:57:03.68541267 +0200 CEST m=+10087.176583994,0
2023-06-27 21:57:03.685617504 +0200 CEST m=+10087.176788830,0
2023-06-27 21:57:03.700704943 +0200 CEST m=+10087.191876273,0
2023-06-27 21:57:03.700718104 +0200 CEST m=+10087.191889431,0
2023-06-27 21:57:03.700738493 +0200 CEST m=+10087.191909825,0
2023-06-27 21:57:03.700753406 +0200 CEST m=+10087.191924737,0
2023-06-27 21:57:03.700764877 +0200 CEST m=+10087.191936203,0
2023-06-27 21:57:03.700775552 +0200 CEST m=+10087.191946884,0
2023-06-27 21:57:03.700788402 +0200 CEST m=+10087.191959731,0
2023-06-27 21:57:03.700801099 +0200 CEST m=+10087.191972429,0
2023-06-27 21:57:03.700813553 +0200 CEST m=+10087.191984888,0
2023-06-27 21:57:03.700829802 +0200 CEST m=+10087.192001133,0
2023-06-27 21:57:03.700846968 +0200 CEST m=+10087.192018299,0
2023-06-27 21:57:03.700861819 +0200 CEST m=+10087.192033150,0
2023-06-27 21:57:03.700875581 +0200 CEST m=+10087.192046912,0
2023-06-27 21:57:03.700964793 +0200 CEST m=+10087.192136115,0
2023-06-27 21:57:03.701144939 +0200 CEST m=+10087.192316259,0
2023-06-27 21:57:03.701266897 +0200 CEST m=+10087.192438218,0
2023-06-27 21:57:03.71682337 +0200 CEST m=+10087.207994703,0
2023-06-27 21:57:03.716844989 +0200 CEST m=+10087.208016326,0
2023-06-27 21:57:03.716864544 +0200 CEST m=+10087.208035875,0
2023-06-27 21:57:03.716881261 +0200 CEST m=+10087.208052593,0
2023-06-27 21:57:03.71689914 +0200 CEST m=+10087.208070472,0
2023-06-27 21:57:03.716915689 +0200 CEST m=+10087.208087031,0
2023-06-27 21:57:03.716952813 +0200 CEST m=+10087.208124146,0
2023-06-27 21:57:03.716970631 +0200 CEST m=+10087.208141962,0
2023-06-27 21:57:03.716992464 +0200 CEST m=+10087.208163797,0
2023-06-27 21:57:03.717015661 +0200 CEST m=+10087.208186992,0
2023-06-27 21:57:03.717032628 +0200 CEST m=+10087.208203959,0
2023-06-27 21:57:03.717050313 +0200 CEST m=+10087.208221645,0
2023-06-27 21:57:03.71706832 +0200 CEST m=+10087.208239651,0
2023-06-27 21:57:03.717239814 +0200 CEST m=+10087.208411145,0
2023-06-27 21:57:03.717461849 +0200 CEST m=+10087.208633176,0
2023-06-27 21:57:03.717728729 +0200 CEST m=+10087.208900057,0
2023-06-27 21:57:03.732789122 +0200 CEST m=+10087.223960443,0
2023-06-27 21:57:03.732799302 +0200 CEST m=+10087.223970623,0
2023-06-27 21:57:03.732818403 +0200 CEST m=+10087.223989732,0
2023-06-27 21:57:03.732849259 +0200 CEST m=+10087.224020581,0
2023-06-27 21:57:03.732860672 +0200 CEST m=+10087.224031994,0
2023-06-27 21:57:03.732878876 +0200 CEST m=+10087.224050196,0
2023-06-27 21:57:03.732889375 +0200 CEST m=+10087.224060696,0
2023-06-27 21:57:03.732899174 +0200 CEST m=+10087.224070499,0
2023-06-27 21:57:03.732928611 +0200 CEST m=+10087.224099933,0
2023-06-27 21:57:03.732947662 +0200 CEST m=+10087.224118985,0
2023-06-27 21:57:03.732964233 +0200 CEST m=+10087.224135563,0
2023-06-27 21:57:03.732981577 +0200 CEST m=+10087.224152904,0
2023-06-27 21:57:03.732993113 +0200 CEST m=+10087.224164435,0
2023-06-27 21:57:03.733097481 +0200 CEST m=+10087.224268805,0
2023-06-27 21:57:03.733310282 +0200 CEST m=+10087.224481604,0
2023-06-27 21:57:03.733568346 +0200 CEST m=+10087.224739681,0
2023-06-27 21:57:03.74871327 +0200 CEST m=+10087.239884595,0
2023-06-27 21:57:03.748737682 +0200 CEST m=+10087.239909007,0
2023-06-27 21:57:03.748763944 +0200 CEST m=+10087.239935268,0
2023-06-27 21:57:03.74877705 +0200 CEST m=+10087.239948374,0
2023-06-27 21:57:03.748792981 +0200 CEST m=+10087.239964307,0
2023-06-27 21:57:03.748810522 +0200 CEST m=+10087.239981848,0
2023-06-27 21:57:03.748829727 +0200 CEST m=+10087.240001057,0
2023-06-27 21:57:03.748843775 +0200 CEST m=+10087.240015105,0
2023-06-27 21:57:03.748862626 +0200 CEST m=+10087.240033953,0
2023-06-27 21:57:03.748879695 +0200 CEST m=+10087.240051021,0
2023-06-27 21:57:03.748895876 +0200 CEST m=+10087.240067199,0
2023-06-27 21:57:03.748921153 +0200 CEST m=+10087.240092477,0
2023-06-27 21:57:03.748939139 +0200 CEST m=+10087.240110465,0
2023-06-27 21:57:03.748996381 +0200 CEST m=+10087.240167706,0
2023-06-27 21:57:03.749205619 +0200 CEST m=+10087.240376942,0
2023-06-27 21:57:03.749414933 +0200 CEST m=+10087.240586258,0
2023-06-27 21:57:03.764717226 +0200 CEST m=+10087.255888562,0
2023-06-27 21:57:03.764749912 +0200 CEST m=+10087.255921246,0
2023-06-27 21:57:03.764773096 +0200 CEST m=+10087.255944428,0
2023-06-27 21:57:03.764797578 +0200 CEST m=+10087.255968921,0
2023-06-27 21:57:03.764822871 +0200 CEST m=+10087.255994205,0
2023-06-27 21:57:03.764853258 +0200 CEST m=+10087.256024598,0
2023-06-27 21:57:03.764884116 +0200 CEST m=+10087.256055449,0
2023-06-27 21:57:03.764903852 +0200 CEST m=+10087.256075187,0
2023-06-27 21:57:03.764927148 +0200 CEST m=+10087.256098483,0
2023-06-27 21:57:03.764957845 +0200 CEST m=+10087.256129175,0
2023-06-27 21:57:03.764981847 +0200 CEST m=+10087.256153177,0
2023-06-27 21:57:03.764995124 +0200 CEST m=+10087.256166455,0
2023-06-27 21:57:03.765019975 +0200 CEST m=+10087.256191308,0
2023-06-27 21:57:03.765132033 +0200 CEST m=+10087.256303383,0
2023-06-27 21:57:03.765567219 +0200 CEST m=+10087.256738558,0
2023-06-27 21:57:03.765759761 +0200 CEST m=+10087.256931101,0
2023-06-27 21:57:03.7807123 +0200 CEST m=+10087.271883627,0
2023-06-27 21:57:03.780728983 +0200 CEST m=+10087.271900309,0
2023-06-27 21:57:03.780743796 +0200 CEST m=+10087.271915122,0
2023-06-27 21:57:03.780759858 +0200 CEST m=+10087.271931184,0
2023-06-27 21:57:03.780777029 +0200 CEST m=+10087.271948355,0
2023-06-27 21:57:03.780793026 +0200 CEST m=+10087.271964353,0
2023-06-27 21:57:03.780820785 +0200 CEST m=+10087.271992111,0
2023-06-27 21:57:03.78084331 +0200 CEST m=+10087.272014636,0
2023-06-27 21:57:03.780861494 +0200 CEST m=+10087.272032822,0
2023-06-27 21:57:03.780877668 +0200 CEST m=+10087.272048994,0
2023-06-27 21:57:03.780892796 +0200 CEST m=+10087.272064121,0
2023-06-27 21:57:03.780912013 +0200 CEST m=+10087.272083339,0
2023-06-27 21:57:03.780940521 +0200 CEST m=+10087.272111857,0
2023-06-27 21:57:03.781144154 +0200 CEST m=+10087.272315489,0
2023-06-27 21:57:03.781510067 +0200 CEST m=+10087.272681397,0
2023-06-27 21:57:03.781767874 +0200 CEST m=+10087.272939198,0
2023-06-27 21:57:03.796727438 +0200 CEST m=+10087.287898765,0
2023-06-27 21:57:03.796746533 +0200 CEST m=+10087.287917868,0
2023-06-27 21:57:03.796765006 +0200 CEST m=+10087.287936334,0
2023-06-27 21:57:03.796785975 +0200 CEST m=+10087.287957307,0
2023-06-27 21:57:03.796807703 +0200 CEST m=+10087.287979036,0
2023-06-27 21:57:03.796826857 +0200 CEST m=+10087.287998186,0
2023-06-27 21:57:03.796845967 +0200 CEST m=+10087.288017300,0
2023-06-27 21:57:03.796864587 +0200 CEST m=+10087.288035916,0
2023-06-27 21:57:03.796884048 +0200 CEST m=+10087.288055380,0
2023-06-27 21:57:03.796900738 +0200 CEST m=+10087.288072059,0
2023-06-27 21:57:03.796908378 +0200 CEST m=+10087.288079701,0
2023-06-27 21:57:03.796915229 +0200 CEST m=+10087.288086552,0
2023-06-27 21:57:03.796923468 +0200 CEST m=+10087.288094790,0
2023-06-27 21:57:03.797087005 +0200 CEST m=+10087.288258327,0
2023-06-27 21:57:03.7972913 +0200 CEST m=+10087.288462633,0
2023-06-27 21:57:03.812745554 +0200 CEST m=+10087.303916886,0
2023-06-27 21:57:03.81280733 +0200 CEST m=+10087.303978655,0
2023-06-27 21:57:03.812816033 +0200 CEST m=+10087.303987358,0
2023-06-27 21:57:03.812829037 +0200 CEST m=+10087.304000361,0
2023-06-27 21:57:03.812845089 +0200 CEST m=+10087.304016422,0
2023-06-27 21:57:03.812857904 +0200 CEST m=+10087.304029228,0
2023-06-27 21:57:03.812881154 +0200 CEST m=+10087.304052481,0
2023-06-27 21:57:03.812901489 +0200 CEST m=+10087.304072814,0
2023-06-27 21:57:03.812915891 +0200 CEST m=+10087.304087216,0
2023-06-27 21:57:03.812936176 +0200 CEST m=+10087.304107507,0
2023-06-27 21:57:03.812952858 +0200 CEST m=+10087.304124189,0
2023-06-27 21:57:03.812970696 +0200 CEST m=+10087.304142028,0
2023-06-27 21:57:03.812988225 +0200 CEST m=+10087.304159565,0
2023-06-27 21:57:03.813031106 +0200 CEST m=+10087.304202431,0
2023-06-27 21:57:03.813228245 +0200 CEST m=+10087.304399576,0
2023-06-27 21:57:03.813437091 +0200 CEST m=+10087.304608422,0
2023-06-27 21:57:03.828680626 +0200 CEST m=+10087.319851954,0
2023-06-27 21:57:03.828700419 +0200 CEST m=+10087.319871744,0
2023-06-27 21:57:03.828712774 +0200 CEST m=+10087.319884100,0
2023-06-27 21:57:03.828725777 +0200 CEST m=+10087.319897103,0
2023-06-27 21:57:03.828742131 +0200 CEST m=+10087.319913464,0
2023-06-27 21:57:03.828753781 +0200 CEST m=+10087.319925102,0
2023-06-27 21:57:03.828765798 +0200 CEST m=+10087.319937121,0
2023-06-27 21:57:03.828775603 +0200 CEST m=+10087.319946925,0
2023-06-27 21:57:03.828785481 +0200 CEST m=+10087.319956805,0
2023-06-27 21:57:03.828796196 +0200 CEST m=+10087.319967518,0
2023-06-27 21:57:03.828807676 +0200 CEST m=+10087.319978998,0
2023-06-27 21:57:03.828819808 +0200 CEST m=+10087.319991131,0
2023-06-27 21:57:03.828833128 +0200 CEST m=+10087.320004451,0
2023-06-27 21:57:03.828846308 +0200 CEST m=+10087.320017630,0
2023-06-27 21:57:03.829039713 +0200 CEST m=+10087.320211039,0
2023-06-27 21:57:03.829222951 +0200 CEST m=+10087.320394276,0
2023-06-27 21:57:03.844756091 +0200 CEST m=+10087.335927410,0
2023-06-27 21:57:03.844772313 +0200 CEST m=+10087.335943634,0
2023-06-27 21:57:03.844778315 +0200 CEST m=+10087.335949635,0
2023-06-27 21:57:03.844786337 +0200 CEST m=+10087.335957657,0
2023-06-27 21:57:03.844792491 +0200 CEST m=+10087.335963812,0
2023-06-27 21:57:03.844799743 +0200 CEST m=+10087.335971063,0
2023-06-27 21:57:03.844811576 +0200 CEST m=+10087.335982900,0
2023-06-27 21:57:03.844824892 +0200 CEST m=+10087.335996212,0
2023-06-27 21:57:03.844835491 +0200 CEST m=+10087.336006815,0
2023-06-27 21:57:03.84484907 +0200 CEST m=+10087.336020391,0
2023-06-27 21:57:03.844861286 +0200 CEST m=+10087.336032606,0
2023-06-27 21:57:03.844871676 +0200 CEST m=+10087.336043006,0
2023-06-27 21:57:03.844884884 +0200 CEST m=+10087.336056203,0
2023-06-27 21:57:03.844990472 +0200 CEST m=+10087.336161800,0
2023-06-27 21:57:03.845215313 +0200 CEST m=+10087.336386642,0
2023-06-27 21:57:03.845460944 +0200 CEST m=+10087.336632285,0
2023-06-27 21:57:03.860724357 +0200 CEST m=+10087.351895683,0
2023-06-27 21:57:03.860737756 +0200 CEST m=+10087.351909079,0
2023-06-27 21:57:03.860755514 +0200 CEST m=+10087.351926838,0
2023-06-27 21:57:03.860770369 +0200 CEST m=+10087.351941694,0
2023-06-27 21:57:03.860785553 +0200 CEST m=+10087.351956878,0
2023-06-27 21:57:03.86079916 +0200 CEST m=+10087.351970484,0
2023-06-27 21:57:03.860840769 +0200 CEST m=+10087.352012097,0
2023-06-27 21:57:03.860874637 +0200 CEST m=+10087.352045960,0
2023-06-27 21:57:03.860906633 +0200 CEST m=+10087.352077958,0
2023-06-27 21:57:03.860919186 +0200 CEST m=+10087.352090510,0
2023-06-27 21:57:03.860932523 +0200 CEST m=+10087.352103849,0
2023-06-27 21:57:03.860946895 +0200 CEST m=+10087.352118307,0
2023-06-27 21:57:03.860961011 +0200 CEST m=+10087.352132337,0
2023-06-27 21:57:03.861168341 +0200 CEST m=+10087.352339664,0
2023-06-27 21:57:03.861375418 +0200 CEST m=+10087.352546742,0
2023-06-27 21:57:03.861694191 +0200 CEST m=+10087.352865525,0
2023-06-27 21:57:03.876728244 +0200 CEST m=+10087.367899569,0
2023-06-27 21:57:03.876744614 +0200 CEST m=+10087.367915939,0
2023-06-27 21:57:03.876757192 +0200 CEST m=+10087.367928517,0
2023-06-27 21:57:03.876769139 +0200 CEST m=+10087.367940464,0
2023-06-27 21:57:03.876783964 +0200 CEST m=+10087.367955289,0
2023-06-27 21:57:03.876798048 +0200 CEST m=+10087.367969373,0
2023-06-27 21:57:03.87681148 +0200 CEST m=+10087.367982804,0
2023-06-27 21:57:03.876826926 +0200 CEST m=+10087.367998251,0
2023-06-27 21:57:03.876838781 +0200 CEST m=+10087.368010106,0
2023-06-27 21:57:03.876851966 +0200 CEST m=+10087.368023292,0
2023-06-27 21:57:03.876865905 +0200 CEST m=+10087.368037230,0
2023-06-27 21:57:03.876878223 +0200 CEST m=+10087.368049548,0
2023-06-27 21:57:03.87689156 +0200 CEST m=+10087.368062884,0
2023-06-27 21:57:03.877024532 +0200 CEST m=+10087.368195858,0
2023-06-27 21:57:03.87716884 +0200 CEST m=+10087.368340160,0
2023-06-27 21:57:03.877301354 +0200 CEST m=+10087.368472679,0
2023-06-27 21:57:03.892723801 +0200 CEST m=+10087.383895128,0
2023-06-27 21:57:03.892743296 +0200 CEST m=+10087.383914620,0
2023-06-27 21:57:03.892754958 +0200 CEST m=+10087.383926283,0
2023-06-27 21:57:03.892766389 +0200 CEST m=+10087.383937713,0
2023-06-27 21:57:03.892781592 +0200 CEST m=+10087.383952917,0
2023-06-27 21:57:03.892792953 +0200 CEST m=+10087.383964277,0
2023-06-27 21:57:03.892810194 +0200 CEST m=+10087.383981518,0
2023-06-27 21:57:03.892824254 +0200 CEST m=+10087.383995578,0
2023-06-27 21:57:03.892835694 +0200 CEST m=+10087.384007018,0
2023-06-27 21:57:03.892850097 +0200 CEST m=+10087.384021424,0
2023-06-27 21:57:03.892865405 +0200 CEST m=+10087.384036729,0
2023-06-27 21:57:03.892877778 +0200 CEST m=+10087.384049102,0
2023-06-27 21:57:03.892889604 +0200 CEST m=+10087.384060929,0
2023-06-27 21:57:03.892994671 +0200 CEST m=+10087.384165997,0
2023-06-27 21:57:03.893168676 +0200 CEST m=+10087.384339997,0
2023-06-27 21:57:03.893302506 +0200 CEST m=+10087.384473827,0
2023-06-27 21:57:03.908702363 +0200 CEST m=+10087.399873684,0
2023-06-27 21:57:03.90871073 +0200 CEST m=+10087.399882050,0
2023-06-27 21:57:03.90871734 +0200 CEST m=+10087.399888661,0
2023-06-27 21:57:03.908725459 +0200 CEST m=+10087.399896786,0
2023-06-27 21:57:03.908738022 +0200 CEST m=+10087.399909342,0
2023-06-27 21:57:03.908744412 +0200 CEST m=+10087.399915732,0
2023-06-27 21:57:03.908750592 +0200 CEST m=+10087.399921912,0
2023-06-27 21:57:03.908756537 +0200 CEST m=+10087.399927857,0
2023-06-27 21:57:03.908763498 +0200 CEST m=+10087.399934819,0
2023-06-27 21:57:03.908771101 +0200 CEST m=+10087.399942421,0
2023-06-27 21:57:03.908776795 +0200 CEST m=+10087.399948116,0
2023-06-27 21:57:03.908782634 +0200 CEST m=+10087.399953954,0
2023-06-27 21:57:03.908788968 +0200 CEST m=+10087.399960288,0
2023-06-27 21:57:03.908893202 +0200 CEST m=+10087.400064521,0
2023-06-27 21:57:03.909038552 +0200 CEST m=+10087.400209872,0
2023-06-27 21:57:03.909234116 +0200 CEST m=+10087.400405440,0
2023-06-27 21:57:03.924720189 +0200 CEST m=+10087.415891516,0
2023-06-27 21:57:03.924740751 +0200 CEST m=+10087.415912086,0
2023-06-27 21:57:03.924767025 +0200 CEST m=+10087.415938358,0
2023-06-27 21:57:03.924791591 +0200 CEST m=+10087.415962919,0
2023-06-27 21:57:03.924806783 +0200 CEST m=+10087.415978115,0
2023-06-27 21:57:03.92482268 +0200 CEST m=+10087.415994011,0
2023-06-27 21:57:03.924836433 +0200 CEST m=+10087.416007761,0
2023-06-27 21:57:03.924849518 +0200 CEST m=+10087.416020847,0
2023-06-27 21:57:03.924866636 +0200 CEST m=+10087.416037965,0
2023-06-27 21:57:03.924886438 +0200 CEST m=+10087.416057772,0
2023-06-27 21:57:03.924905259 +0200 CEST m=+10087.416076592,0
2023-06-27 21:57:03.924929234 +0200 CEST m=+10087.416100562,0
2023-06-27 21:57:03.924948604 +0200 CEST m=+10087.416119937,0
2023-06-27 21:57:03.925065136 +0200 CEST m=+10087.416236478,0
2023-06-27 21:57:03.925303643 +0200 CEST m=+10087.416474971,0
2023-06-27 21:57:03.925543696 +0200 CEST m=+10087.416715029,0
2023-06-27 21:57:03.940755568 +0200 CEST m=+10087.431926895,0
2023-06-27 21:57:03.940769234 +0200 CEST m=+10087.431940559,0
2023-06-27 21:57:03.940781944 +0200 CEST m=+10087.431953268,0
2023-06-27 21:57:03.940798102 +0200 CEST m=+10087.431969428,0
2023-06-27 21:57:03.940834055 +0200 CEST m=+10087.432005378,0
2023-06-27 21:57:03.940851748 +0200 CEST m=+10087.432023073,0
2023-06-27 21:57:03.940869202 +0200 CEST m=+10087.432040526,0
2023-06-27 21:57:03.940885788 +0200 CEST m=+10087.432057114,0
2023-06-27 21:57:03.940903237 +0200 CEST m=+10087.432074568,0
2023-06-27 21:57:03.940917507 +0200 CEST m=+10087.432088826,0
2023-06-27 21:57:03.940924088 +0200 CEST m=+10087.432095408,0
2023-06-27 21:57:03.940929811 +0200 CEST m=+10087.432101132,0
2023-06-27 21:57:03.94093628 +0200 CEST m=+10087.432107601,0
2023-06-27 21:57:03.940979038 +0200 CEST m=+10087.432150368,0
2023-06-27 21:57:03.941216134 +0200 CEST m=+10087.432387454,0
2023-06-27 21:57:03.941419747 +0200 CEST m=+10087.432591067,0
2023-06-27 21:57:03.956720193 +0200 CEST m=+10087.447891520,0
2023-06-27 21:57:03.956738089 +0200 CEST m=+10087.447909416,0
2023-06-27 21:57:03.956750468 +0200 CEST m=+10087.447921794,0
2023-06-27 21:57:03.956763643 +0200 CEST m=+10087.447934969,0
2023-06-27 21:57:03.956777889 +0200 CEST m=+10087.447949212,0
2023-06-27 21:57:03.956789152 +0200 CEST m=+10087.447960473,0
2023-06-27 21:57:03.956803272 +0200 CEST m=+10087.447974596,0
2023-06-27 21:57:03.956814312 +0200 CEST m=+10087.447985635,0
2023-06-27 21:57:03.95682577 +0200 CEST m=+10087.447997091,0
2023-06-27 21:57:03.956836798 +0200 CEST m=+10087.448008120,0
2023-06-27 21:57:03.956848194 +0200 CEST m=+10087.448019518,0
2023-06-27 21:57:03.956863559 +0200 CEST m=+10087.448034880,0
2023-06-27 21:57:03.956888771 +0200 CEST m=+10087.448060093,0
2023-06-27 21:57:03.956984848 +0200 CEST m=+10087.448156170,0
2023-06-27 21:57:03.957157219 +0200 CEST m=+10087.448328540,0
2023-06-27 21:57:03.957314567 +0200 CEST m=+10087.448485892,0
2023-06-27 21:57:03.97270882 +0200 CEST m=+10087.463880147,0
2023-06-27 21:57:03.972728474 +0200 CEST m=+10087.463899799,0
2023-06-27 21:57:03.972744464 +0200 CEST m=+10087.463915790,0
2023-06-27 21:57:03.972760493 +0200 CEST m=+10087.463931820,0
2023-06-27 21:57:03.972776958 +0200 CEST m=+10087.463948285,0
2023-06-27 21:57:03.972792045 +0200 CEST m=+10087.463963371,0
2023-06-27 21:57:03.972808748 +0200 CEST m=+10087.463980077,0
2023-06-27 21:57:03.972825121 +0200 CEST m=+10087.463996449,0
2023-06-27 21:57:03.972841371 +0200 CEST m=+10087.464012697,0
2023-06-27 21:57:03.97285974 +0200 CEST m=+10087.464031068,0
2023-06-27 21:57:03.972875832 +0200 CEST m=+10087.464047158,0
2023-06-27 21:57:03.972891035 +0200 CEST m=+10087.464062365,0
2023-06-27 21:57:03.972907139 +0200 CEST m=+10087.464078466,0
2023-06-27 21:57:03.973064376 +0200 CEST m=+10087.464235706,0
2023-06-27 21:57:03.973326024 +0200 CEST m=+10087.464497352,0
2023-06-27 21:57:03.973530054 +0200 CEST m=+10087.464701377,0
2023-06-27 21:57:03.988708087 +0200 CEST m=+10087.479879417,0
2023-06-27 21:57:03.988722029 +0200 CEST m=+10087.479893357,0
2023-06-27 21:57:03.988735068 +0200 CEST m=+10087.479906393,0
2023-06-27 21:57:03.988750257 +0200 CEST m=+10087.479921584,0
2023-06-27 21:57:03.988765018 +0200 CEST m=+10087.479936342,0
2023-06-27 21:57:03.988778567 +0200 CEST m=+10087.479949893,0
2023-06-27 21:57:03.988792703 +0200 CEST m=+10087.479964028,0
2023-06-27 21:57:03.988807039 +0200 CEST m=+10087.479978364,0
2023-06-27 21:57:03.988823198 +0200 CEST m=+10087.479994522,0
2023-06-27 21:57:03.988838007 +0200 CEST m=+10087.480009331,0
2023-06-27 21:57:03.988851923 +0200 CEST m=+10087.480023246,0
2023-06-27 21:57:03.988865001 +0200 CEST m=+10087.480036326,0
2023-06-27 21:57:03.988880102 +0200 CEST m=+10087.480051429,0
2023-06-27 21:57:03.988961872 +0200 CEST m=+10087.480133199,0
2023-06-27 21:57:03.989231497 +0200 CEST m=+10087.480402824,0
2023-06-27 21:57:03.989506684 +0200 CEST m=+10087.480678033,0
2023-06-27 21:57:04.004750875 +0200 CEST m=+10087.495922216,0
2023-06-27 21:57:04.004884626 +0200 CEST m=+10087.496055958,0
2023-06-27 21:57:04.004905241 +0200 CEST m=+10087.496076572,0
2023-06-27 21:57:04.004925826 +0200 CEST m=+10087.496097158,0
2023-06-27 21:57:04.004946662 +0200 CEST m=+10087.496117996,0
2023-06-27 21:57:04.004968108 +0200 CEST m=+10087.496139442,0
2023-06-27 21:57:04.004989438 +0200 CEST m=+10087.496160778,0
2023-06-27 21:57:04.005010166 +0200 CEST m=+10087.496181498,0
2023-06-27 21:57:04.005027718 +0200 CEST m=+10087.496199052,0
2023-06-27 21:57:04.005049871 +0200 CEST m=+10087.496221211,0
2023-06-27 21:57:04.005069132 +0200 CEST m=+10087.496240470,0
2023-06-27 21:57:04.005090785 +0200 CEST m=+10087.496262127,0
2023-06-27 21:57:04.005113063 +0200 CEST m=+10087.496284410,0
2023-06-27 21:57:04.005662584 +0200 CEST m=+10087.496833905,0
2023-06-27 21:57:04.005814366 +0200 CEST m=+10087.496985691,0
2023-06-27 21:57:04.005950341 +0200 CEST m=+10087.497121666,0
2023-06-27 21:57:04.020732206 +0200 CEST m=+10087.511903534,0
2023-06-27 21:57:04.020748036 +0200 CEST m=+10087.511919364,0
2023-06-27 21:57:04.020764386 +0200 CEST m=+10087.511935713,0
2023-06-27 21:57:04.020779419 +0200 CEST m=+10087.511950750,0
2023-06-27 21:57:04.020795923 +0200 CEST m=+10087.511967250,0
2023-06-27 21:57:04.020809519 +0200 CEST m=+10087.511980847,0
2023-06-27 21:57:04.020823423 +0200 CEST m=+10087.511994751,0
2023-06-27 21:57:04.020838759 +0200 CEST m=+10087.512010087,0
2023-06-27 21:57:04.020854363 +0200 CEST m=+10087.512025698,0
2023-06-27 21:57:04.020870917 +0200 CEST m=+10087.512042243,0
2023-06-27 21:57:04.020884447 +0200 CEST m=+10087.512055777,0
2023-06-27 21:57:04.020898423 +0200 CEST m=+10087.512069751,0
2023-06-27 21:57:04.020912229 +0200 CEST m=+10087.512083559,0
2023-06-27 21:57:04.020925648 +0200 CEST m=+10087.512096976,0
2023-06-27 21:57:04.021150288 +0200 CEST m=+10087.512321616,0
2023-06-27 21:57:04.036750125 +0200 CEST m=+10087.527921448,0
2023-06-27 21:57:04.03676034 +0200 CEST m=+10087.527931663,0
2023-06-27 21:57:04.036767372 +0200 CEST m=+10087.527938695,0
2023-06-27 21:57:04.036777997 +0200 CEST m=+10087.527949320,0
2023-06-27 21:57:04.036784791 +0200 CEST m=+10087.527956114,0
2023-06-27 21:57:04.036791996 +0200 CEST m=+10087.527963319,0
2023-06-27 21:57:04.036801911 +0200 CEST m=+10087.527973233,0
2023-06-27 21:57:04.036811044 +0200 CEST m=+10087.527982367,0
2023-06-27 21:57:04.036819295 +0200 CEST m=+10087.527990618,0
2023-06-27 21:57:04.036826529 +0200 CEST m=+10087.527997852,0
2023-06-27 21:57:04.036833682 +0200 CEST m=+10087.528005005,0
2023-06-27 21:57:04.036840985 +0200 CEST m=+10087.528012307,0
2023-06-27 21:57:04.036847862 +0200 CEST m=+10087.528019183,0
2023-06-27 21:57:04.036910115 +0200 CEST m=+10087.528081443,0
2023-06-27 21:57:04.037162734 +0200 CEST m=+10087.528334061,0
2023-06-27 21:57:04.037286637 +0200 CEST m=+10087.528457960,0
2023-06-27 21:57:04.052745957 +0200 CEST m=+10087.543917296,0
2023-06-27 21:57:04.052779909 +0200 CEST m=+10087.543951250,0
2023-06-27 21:57:04.052809119 +0200 CEST m=+10087.543980463,0
2023-06-27 21:57:04.052859979 +0200 CEST m=+10087.544031318,0
2023-06-27 21:57:04.052885987 +0200 CEST m=+10087.544057327,0
2023-06-27 21:57:04.052911433 +0200 CEST m=+10087.544082771,0
2023-06-27 21:57:04.052937445 +0200 CEST m=+10087.544108781,0
2023-06-27 21:57:04.052964521 +0200 CEST m=+10087.544135859,0
2023-06-27 21:57:04.052988897 +0200 CEST m=+10087.544160235,0
2023-06-27 21:57:04.053013832 +0200 CEST m=+10087.544185172,0
2023-06-27 21:57:04.053047658 +0200 CEST m=+10087.544219001,0
2023-06-27 21:57:04.053073181 +0200 CEST m=+10087.544244522,0
2023-06-27 21:57:04.053097072 +0200 CEST m=+10087.544268412,0
2023-06-27 21:57:04.053129517 +0200 CEST m=+10087.544300856,0
2023-06-27 21:57:04.05348493 +0200 CEST m=+10087.544656272,0
2023-06-27 21:57:04.053911564 +0200 CEST m=+10087.545082900,0
2023-06-27 21:57:04.068727919 +0200 CEST m=+10087.559899245,0
2023-06-27 21:57:04.068752689 +0200 CEST m=+10087.559924029,0
2023-06-27 21:57:04.06876903 +0200 CEST m=+10087.559940357,0
2023-06-27 21:57:04.068777759 +0200 CEST m=+10087.559949086,0
2023-06-27 21:57:04.068790003 +0200 CEST m=+10087.559961330,0
2023-06-27 21:57:04.068801566 +0200 CEST m=+10087.559972893,0
2023-06-27 21:57:04.068810701 +0200 CEST m=+10087.559982028,0
2023-06-27 21:57:04.068822508 +0200 CEST m=+10087.559993834,0
2023-06-27 21:57:04.068831538 +0200 CEST m=+10087.560002864,0
2023-06-27 21:57:04.068840495 +0200 CEST m=+10087.560011822,0
2023-06-27 21:57:04.068849909 +0200 CEST m=+10087.560021237,0
2023-06-27 21:57:04.068859071 +0200 CEST m=+10087.560030397,0
2023-06-27 21:57:04.068868755 +0200 CEST m=+10087.560040082,0
2023-06-27 21:57:04.069030113 +0200 CEST m=+10087.560201449,0
2023-06-27 21:57:04.069278778 +0200 CEST m=+10087.560450111,0
2023-06-27 21:57:04.069450663 +0200 CEST m=+10087.560621995,0
2023-06-27 21:57:04.084732126 +0200 CEST m=+10087.575903448,0
2023-06-27 21:57:04.084740419 +0200 CEST m=+10087.575911742,0
2023-06-27 21:57:04.084748167 +0200 CEST m=+10087.575919489,0
2023-06-27 21:57:04.084755339 +0200 CEST m=+10087.575926660,0
2023-06-27 21:57:04.08476187 +0200 CEST m=+10087.575933193,0
2023-06-27 21:57:04.084768324 +0200 CEST m=+10087.575939646,0
2023-06-27 21:57:04.084776878 +0200 CEST m=+10087.575948201,0
2023-06-27 21:57:04.084785095 +0200 CEST m=+10087.575956417,0
2023-06-27 21:57:04.084791609 +0200 CEST m=+10087.575962931,0
2023-06-27 21:57:04.084798553 +0200 CEST m=+10087.575969875,0
2023-06-27 21:57:04.084805157 +0200 CEST m=+10087.575976478,0
2023-06-27 21:57:04.084811544 +0200 CEST m=+10087.575982867,0
2023-06-27 21:57:04.084819061 +0200 CEST m=+10087.575990383,0
2023-06-27 21:57:04.084884276 +0200 CEST m=+10087.576055597,0
2023-06-27 21:57:04.08506472 +0200 CEST m=+10087.576236042,0
2023-06-27 21:57:04.085193781 +0200 CEST m=+10087.576365107,0
2023-06-27 21:57:04.100700712 +0200 CEST m=+10087.591872035,0
2023-06-27 21:57:04.100708655 +0200 CEST m=+10087.591879978,0
2023-06-27 21:57:04.100716703 +0200 CEST m=+10087.591888026,0
2023-06-27 21:57:04.100724241 +0200 CEST m=+10087.591895563,0
2023-06-27 21:57:04.100732694 +0200 CEST m=+10087.591904018,0
2023-06-27 21:57:04.100740731 +0200 CEST m=+10087.591912054,0
2023-06-27 21:57:04.10074815 +0200 CEST m=+10087.591919473,0
2023-06-27 21:57:04.100756636 +0200 CEST m=+10087.591927958,0
2023-06-27 21:57:04.100764702 +0200 CEST m=+10087.591936025,0
2023-06-27 21:57:04.100772064 +0200 CEST m=+10087.591943387,0
2023-06-27 21:57:04.100780011 +0200 CEST m=+10087.591951335,0
2023-06-27 21:57:04.100787716 +0200 CEST m=+10087.591959039,0
2023-06-27 21:57:04.100794929 +0200 CEST m=+10087.591966253,0
2023-06-27 21:57:04.101010438 +0200 CEST m=+10087.592181761,0
2023-06-27 21:57:04.10116671 +0200 CEST m=+10087.592338033,0
2023-06-27 21:57:04.101361381 +0200 CEST m=+10087.592532704,0
2023-06-27 21:57:04.116720208 +0200 CEST m=+10087.607891532,0
2023-06-27 21:57:04.116734938 +0200 CEST m=+10087.607906262,0
2023-06-27 21:57:04.116768029 +0200 CEST m=+10087.607939358,0
2023-06-27 21:57:04.116782799 +0200 CEST m=+10087.607954123,0
2023-06-27 21:57:04.116799102 +0200 CEST m=+10087.607970427,0
2023-06-27 21:57:04.116813859 +0200 CEST m=+10087.607985186,0
2023-06-27 21:57:04.116832747 +0200 CEST m=+10087.608004072,0
2023-06-27 21:57:04.116846147 +0200 CEST m=+10087.608017472,0
2023-06-27 21:57:04.116860904 +0200 CEST m=+10087.608032228,0
2023-06-27 21:57:04.116875335 +0200 CEST m=+10087.608046661,0
2023-06-27 21:57:04.116889133 +0200 CEST m=+10087.608060464,0
2023-06-27 21:57:04.116903978 +0200 CEST m=+10087.608075302,0
2023-06-27 21:57:04.11692035 +0200 CEST m=+10087.608091675,0
2023-06-27 21:57:04.11696845 +0200 CEST m=+10087.608139784,0
2023-06-27 21:57:04.117190961 +0200 CEST m=+10087.608362288,0
2023-06-27 21:57:04.117486321 +0200 CEST m=+10087.608657652,0
2023-06-27 21:57:04.132690226 +0200 CEST m=+10087.623861549,0
2023-06-27 21:57:04.13269682 +0200 CEST m=+10087.623868143,0
2023-06-27 21:57:04.132704754 +0200 CEST m=+10087.623876077,0
2023-06-27 21:57:04.132711941 +0200 CEST m=+10087.623883263,0
2023-06-27 21:57:04.132719516 +0200 CEST m=+10087.623890838,0
2023-06-27 21:57:04.132728163 +0200 CEST m=+10087.623899485,0
2023-06-27 21:57:04.132781799 +0200 CEST m=+10087.623953127,0
2023-06-27 21:57:04.132797147 +0200 CEST m=+10087.623968469,0
2023-06-27 21:57:04.132808053 +0200 CEST m=+10087.623979375,0
2023-06-27 21:57:04.1328159 +0200 CEST m=+10087.623987221,0
2023-06-27 21:57:04.132822839 +0200 CEST m=+10087.623994161,0
2023-06-27 21:57:04.132832527 +0200 CEST m=+10087.624003849,0
2023-06-27 21:57:04.132839538 +0200 CEST m=+10087.624010861,0
2023-06-27 21:57:04.132969865 +0200 CEST m=+10087.624141192,0
2023-06-27 21:57:04.133199286 +0200 CEST m=+10087.624370618,0
2023-06-27 21:57:04.133507371 +0200 CEST m=+10087.624678697,0
2023-06-27 21:57:04.148698868 +0200 CEST m=+10087.639870192,0
2023-06-27 21:57:04.148840694 +0200 CEST m=+10087.640012019,0
2023-06-27 21:57:04.148886545 +0200 CEST m=+10087.640057870,0
2023-06-27 21:57:04.148900861 +0200 CEST m=+10087.640072186,0
2023-06-27 21:57:04.148915057 +0200 CEST m=+10087.640086383,0
2023-06-27 21:57:04.14894357 +0200 CEST m=+10087.640114895,0
2023-06-27 21:57:04.148957042 +0200 CEST m=+10087.640128368,0
2023-06-27 21:57:04.148971887 +0200 CEST m=+10087.640143212,0
2023-06-27 21:57:04.149005177 +0200 CEST m=+10087.640176501,0
2023-06-27 21:57:04.149021227 +0200 CEST m=+10087.640192553,0
2023-06-27 21:57:04.149035095 +0200 CEST m=+10087.640206420,0
2023-06-27 21:57:04.149071898 +0200 CEST m=+10087.640243224,0
2023-06-27 21:57:04.149087062 +0200 CEST m=+10087.640258387,0
2023-06-27 21:57:04.149109515 +0200 CEST m=+10087.640280839,0
2023-06-27 21:57:04.149320716 +0200 CEST m=+10087.640492052,0
2023-06-27 21:57:04.149541217 +0200 CEST m=+10087.640712543,0
2023-06-27 21:57:04.164723392 +0200 CEST m=+10087.655894715,0
2023-06-27 21:57:04.164738685 +0200 CEST m=+10087.655910021,0
2023-06-27 21:57:04.164759683 +0200 CEST m=+10087.655931011,0
2023-06-27 21:57:04.164780357 +0200 CEST m=+10087.655951681,0
2023-06-27 21:57:04.164789321 +0200 CEST m=+10087.655960643,0
2023-06-27 21:57:04.164796566 +0200 CEST m=+10087.655967888,0
2023-06-27 21:57:04.164803311 +0200 CEST m=+10087.655974634,0
2023-06-27 21:57:04.164810672 +0200 CEST m=+10087.655981994,0
2023-06-27 21:57:04.164817729 +0200 CEST m=+10087.655989051,0
2023-06-27 21:57:04.164824417 +0200 CEST m=+10087.655995739,0
2023-06-27 21:57:04.164831433 +0200 CEST m=+10087.656002755,0
2023-06-27 21:57:04.164841937 +0200 CEST m=+10087.656013261,0
2023-06-27 21:57:04.164848812 +0200 CEST m=+10087.656020135,0
2023-06-27 21:57:04.164967497 +0200 CEST m=+10087.656138819,0
2023-06-27 21:57:04.165158833 +0200 CEST m=+10087.656330160,0
2023-06-27 21:57:04.165307175 +0200 CEST m=+10087.656478502,0
2023-06-27 21:57:04.180705634 +0200 CEST m=+10087.671876968,0
2023-06-27 21:57:04.18072335 +0200 CEST m=+10087.671894684,0
2023-06-27 21:57:04.180741493 +0200 CEST m=+10087.671912827,0
2023-06-27 21:57:04.180757401 +0200 CEST m=+10087.671928734,0
2023-06-27 21:57:04.180772649 +0200 CEST m=+10087.671943984,0
2023-06-27 21:57:04.180799737 +0200 CEST m=+10087.671971067,0
2023-06-27 21:57:04.180820445 +0200 CEST m=+10087.671991779,0
2023-06-27 21:57:04.180838587 +0200 CEST m=+10087.672009920,0
2023-06-27 21:57:04.180853142 +0200 CEST m=+10087.672024477,0
2023-06-27 21:57:04.180867851 +0200 CEST m=+10087.672039185,0
2023-06-27 21:57:04.180883322 +0200 CEST m=+10087.672054658,0
2023-06-27 21:57:04.180897852 +0200 CEST m=+10087.672069192,0
2023-06-27 21:57:04.180913921 +0200 CEST m=+10087.672085256,0
2023-06-27 21:57:04.180973507 +0200 CEST m=+10087.672144842,0
2023-06-27 21:57:04.181188244 +0200 CEST m=+10087.672359570,0
2023-06-27 21:57:04.181410058 +0200 CEST m=+10087.672581384,0
2023-06-27 21:57:04.196737846 +0200 CEST m=+10087.687909196,0
2023-06-27 21:57:04.196765091 +0200 CEST m=+10087.687936442,0
2023-06-27 21:57:04.196795103 +0200 CEST m=+10087.687966451,0
2023-06-27 21:57:04.196830634 +0200 CEST m=+10087.688001972,0
2023-06-27 21:57:04.196868951 +0200 CEST m=+10087.688040300,0
2023-06-27 21:57:04.196897 +0200 CEST m=+10087.688068348,0
2023-06-27 21:57:04.196931848 +0200 CEST m=+10087.688103189,0
2023-06-27 21:57:04.196955331 +0200 CEST m=+10087.688126673,0
2023-06-27 21:57:04.196981036 +0200 CEST m=+10087.688152376,0
2023-06-27 21:57:04.197011555 +0200 CEST m=+10087.688182899,0
2023-06-27 21:57:04.197044143 +0200 CEST m=+10087.688215483,0
2023-06-27 21:57:04.197077969 +0200 CEST m=+10087.688249336,0
2023-06-27 21:57:04.19711976 +0200 CEST m=+10087.688291117,0
2023-06-27 21:57:04.197212291 +0200 CEST m=+10087.688383629,0
2023-06-27 21:57:04.197745837 +0200 CEST m=+10087.688917175,0
2023-06-27 21:57:04.198078651 +0200 CEST m=+10087.689249993,0
2023-06-27 21:57:04.212717891 +0200 CEST m=+10087.703889239,0
2023-06-27 21:57:04.212743313 +0200 CEST m=+10087.703914660,0
2023-06-27 21:57:04.212777501 +0200 CEST m=+10087.703948856,0
2023-06-27 21:57:04.212798774 +0200 CEST m=+10087.703970121,0
2023-06-27 21:57:04.212823749 +0200 CEST m=+10087.703995091,0
2023-06-27 21:57:04.212848047 +0200 CEST m=+10087.704019399,0
2023-06-27 21:57:04.212871565 +0200 CEST m=+10087.704042916,0
2023-06-27 21:57:04.212901244 +0200 CEST m=+10087.704072594,0
2023-06-27 21:57:04.212926066 +0200 CEST m=+10087.704097425,0
2023-06-27 21:57:04.212949837 +0200 CEST m=+10087.704121188,0
2023-06-27 21:57:04.212982686 +0200 CEST m=+10087.704154028,0
2023-06-27 21:57:04.213006217 +0200 CEST m=+10087.704177568,0
2023-06-27 21:57:04.213031308 +0200 CEST m=+10087.704202658,0
2023-06-27 21:57:04.213140725 +0200 CEST m=+10087.704312066,0
2023-06-27 21:57:04.213574056 +0200 CEST m=+10087.704745387,0
2023-06-27 21:57:04.213833171 +0200 CEST m=+10087.705004516,0
2023-06-27 21:57:04.228753034 +0200 CEST m=+10087.719924360,0
2023-06-27 21:57:04.228761844 +0200 CEST m=+10087.719933170,0
2023-06-27 21:57:04.228776153 +0200 CEST m=+10087.719947479,0
2023-06-27 21:57:04.228791304 +0200 CEST m=+10087.719962629,0
2023-06-27 21:57:04.228799633 +0200 CEST m=+10087.719970959,0
2023-06-27 21:57:04.228809581 +0200 CEST m=+10087.719980906,0
2023-06-27 21:57:04.228817872 +0200 CEST m=+10087.719989197,0
2023-06-27 21:57:04.228826249 +0200 CEST m=+10087.719997575,0
2023-06-27 21:57:04.228835109 +0200 CEST m=+10087.720006435,0
2023-06-27 21:57:04.228843681 +0200 CEST m=+10087.720015006,0
2023-06-27 21:57:04.228852262 +0200 CEST m=+10087.720023587,0
2023-06-27 21:57:04.228863109 +0200 CEST m=+10087.720034434,0
2023-06-27 21:57:04.228871494 +0200 CEST m=+10087.720042820,0
2023-06-27 21:57:04.229014439 +0200 CEST m=+10087.720185777,0
2023-06-27 21:57:04.229183991 +0200 CEST m=+10087.720355316,0
2023-06-27 21:57:04.229432418 +0200 CEST m=+10087.720603761,0
2023-06-27 21:57:04.244711131 +0200 CEST m=+10087.735882456,0
2023-06-27 21:57:04.244727632 +0200 CEST m=+10087.735898960,0
2023-06-27 21:57:04.244743075 +0200 CEST m=+10087.735914400,0
2023-06-27 21:57:04.244755436 +0200 CEST m=+10087.735926761,0
2023-06-27 21:57:04.244772916 +0200 CEST m=+10087.735944242,0
2023-06-27 21:57:04.24478704 +0200 CEST m=+10087.735958365,0
2023-06-27 21:57:04.244799304 +0200 CEST m=+10087.735970630,0
2023-06-27 21:57:04.244815345 +0200 CEST m=+10087.735986671,0
2023-06-27 21:57:04.244827708 +0200 CEST m=+10087.735999034,0
2023-06-27 21:57:04.244839986 +0200 CEST m=+10087.736011311,0
2023-06-27 21:57:04.244852736 +0200 CEST m=+10087.736024061,0
2023-06-27 21:57:04.244866141 +0200 CEST m=+10087.736037467,0
2023-06-27 21:57:04.244879364 +0200 CEST m=+10087.736050690,0
2023-06-27 21:57:04.244963318 +0200 CEST m=+10087.736134640,0
2023-06-27 21:57:04.245148547 +0200 CEST m=+10087.736319876,0
2023-06-27 21:57:04.260708214 +0200 CEST m=+10087.751879543,0
2023-06-27 21:57:04.260730952 +0200 CEST m=+10087.751902280,0
2023-06-27 21:57:04.260746262 +0200 CEST m=+10087.751917657,0
2023-06-27 21:57:04.260763989 +0200 CEST m=+10087.751935312,0
2023-06-27 21:57:04.260781778 +0200 CEST m=+10087.751953108,0
2023-06-27 21:57:04.260800012 +0200 CEST m=+10087.751971338,0
2023-06-27 21:57:04.260812005 +0200 CEST m=+10087.751983333,0
2023-06-27 21:57:04.260826807 +0200 CEST m=+10087.751998137,0
2023-06-27 21:57:04.260845563 +0200 CEST m=+10087.752016887,0
2023-06-27 21:57:04.260862532 +0200 CEST m=+10087.752033857,0
2023-06-27 21:57:04.260878488 +0200 CEST m=+10087.752049816,0
2023-06-27 21:57:04.260893886 +0200 CEST m=+10087.752065214,0
2023-06-27 21:57:04.260906271 +0200 CEST m=+10087.752077596,0
2023-06-27 21:57:04.260918875 +0200 CEST m=+10087.752090203,0
2023-06-27 21:57:04.261045133 +0200 CEST m=+10087.752216457,0
2023-06-27 21:57:04.261219095 +0200 CEST m=+10087.752390425,0
2023-06-27 21:57:04.276734116 +0200 CEST m=+10087.767905456,0
2023-06-27 21:57:04.276766874 +0200 CEST m=+10087.767938215,0
2023-06-27 21:57:04.276791189 +0200 CEST m=+10087.767962531,0
2023-06-27 21:57:04.27682103 +0200 CEST m=+10087.767992373,0
2023-06-27 21:57:04.276850466 +0200 CEST m=+10087.768021806,0
2023-06-27 21:57:04.276874977 +0200 CEST m=+10087.768046315,0
2023-06-27 21:57:04.276907035 +0200 CEST m=+10087.768078371,0
2023-06-27 21:57:04.276939935 +0200 CEST m=+10087.768111273,0
2023-06-27 21:57:04.276973749 +0200 CEST m=+10087.768145086,0
2023-06-27 21:57:04.277002005 +0200 CEST m=+10087.768173341,0
2023-06-27 21:57:04.277030553 +0200 CEST m=+10087.768201894,0
2023-06-27 21:57:04.277058799 +0200 CEST m=+10087.768230135,0
2023-06-27 21:57:04.277086002 +0200 CEST m=+10087.768257343,0
2023-06-27 21:57:04.277112545 +0200 CEST m=+10087.768283883,0
2023-06-27 21:57:04.277588133 +0200 CEST m=+10087.768759498,0
2023-06-27 21:57:04.278171135 +0200 CEST m=+10087.769342488,0
2023-06-27 21:57:04.29273871 +0200 CEST m=+10087.783910042,0
2023-06-27 21:57:04.292753985 +0200 CEST m=+10087.783925316,0
2023-06-27 21:57:04.29276659 +0200 CEST m=+10087.783937922,0
2023-06-27 21:57:04.292780486 +0200 CEST m=+10087.783951818,0
2023-06-27 21:57:04.292791862 +0200 CEST m=+10087.783963194,0
2023-06-27 21:57:04.292803803 +0200 CEST m=+10087.783975135,0
2023-06-27 21:57:04.292815686 +0200 CEST m=+10087.783987017,0
2023-06-27 21:57:04.292828335 +0200 CEST m=+10087.783999666,0
2023-06-27 21:57:04.292841705 +0200 CEST m=+10087.784013038,0
2023-06-27 21:57:04.292854986 +0200 CEST m=+10087.784026317,0
2023-06-27 21:57:04.292867599 +0200 CEST m=+10087.784038932,0
2023-06-27 21:57:04.292886275 +0200 CEST m=+10087.784057627,0
2023-06-27 21:57:04.29290246 +0200 CEST m=+10087.784073794,0
2023-06-27 21:57:04.293114948 +0200 CEST m=+10087.784286298,0
2023-06-27 21:57:04.293521079 +0200 CEST m=+10087.784692428,0
2023-06-27 21:57:04.293846377 +0200 CEST m=+10087.785017720,0
2023-06-27 21:57:04.308706601 +0200 CEST m=+10087.799877926,0
2023-06-27 21:57:04.308782412 +0200 CEST m=+10087.799953736,0
2023-06-27 21:57:04.308792686 +0200 CEST m=+10087.799964010,0
2023-06-27 21:57:04.308802225 +0200 CEST m=+10087.799973551,0
2023-06-27 21:57:04.308810616 +0200 CEST m=+10087.799981940,0
2023-06-27 21:57:04.308818293 +0200 CEST m=+10087.799989619,0
2023-06-27 21:57:04.308828062 +0200 CEST m=+10087.799999387,0
2023-06-27 21:57:04.308835662 +0200 CEST m=+10087.800006986,0
2023-06-27 21:57:04.30884363 +0200 CEST m=+10087.800014954,0
2023-06-27 21:57:04.308853299 +0200 CEST m=+10087.800024623,0
2023-06-27 21:57:04.30886245 +0200 CEST m=+10087.800033775,0
2023-06-27 21:57:04.308870909 +0200 CEST m=+10087.800042234,0
2023-06-27 21:57:04.308880176 +0200 CEST m=+10087.800051501,0
2023-06-27 21:57:04.308909835 +0200 CEST m=+10087.800081165,0
2023-06-27 21:57:04.309099463 +0200 CEST m=+10087.800270787,0
2023-06-27 21:57:04.309218526 +0200 CEST m=+10087.800389851,0
2023-06-27 21:57:04.324701429 +0200 CEST m=+10087.815872750,0
2023-06-27 21:57:04.324729219 +0200 CEST m=+10087.815900544,0
2023-06-27 21:57:04.324742083 +0200 CEST m=+10087.815913408,0
2023-06-27 21:57:04.324767147 +0200 CEST m=+10087.815938473,0
2023-06-27 21:57:04.324780816 +0200 CEST m=+10087.815952137,0
2023-06-27 21:57:04.324807442 +0200 CEST m=+10087.815978763,0
2023-06-27 21:57:04.324821094 +0200 CEST m=+10087.815992417,0
2023-06-27 21:57:04.324845942 +0200 CEST m=+10087.816017265,0
2023-06-27 21:57:04.324890729 +0200 CEST m=+10087.816062051,0
2023-06-27 21:57:04.324916552 +0200 CEST m=+10087.816087873,0
2023-06-27 21:57:04.324956768 +0200 CEST m=+10087.816128089,0
2023-06-27 21:57:04.324981424 +0200 CEST m=+10087.816152746,0
2023-06-27 21:57:04.32500405 +0200 CEST m=+10087.816175371,0
2023-06-27 21:57:04.325021512 +0200 CEST m=+10087.816192833,0
2023-06-27 21:57:04.325067534 +0200 CEST m=+10087.816238861,0
2023-06-27 21:57:04.325316666 +0200 CEST m=+10087.816487991,0
2023-06-27 21:57:04.340727704 +0200 CEST m=+10087.831899034,0
2023-06-27 21:57:04.340744629 +0200 CEST m=+10087.831915954,0
2023-06-27 21:57:04.3407648 +0200 CEST m=+10087.831936131,0
2023-06-27 21:57:04.34078025 +0200 CEST m=+10087.831951582,0
2023-06-27 21:57:04.340797599 +0200 CEST m=+10087.831968920,0
2023-06-27 21:57:04.340804955 +0200 CEST m=+10087.831976275,0
2023-06-27 21:57:04.340815127 +0200 CEST m=+10087.831986448,0
2023-06-27 21:57:04.340822369 +0200 CEST m=+10087.831993691,0
2023-06-27 21:57:04.340829006 +0200 CEST m=+10087.832000326,0
2023-06-27 21:57:04.3408349 +0200 CEST m=+10087.832006220,0
2023-06-27 21:57:04.340840923 +0200 CEST m=+10087.832012243,0
2023-06-27 21:57:04.34084819 +0200 CEST m=+10087.832019511,0
2023-06-27 21:57:04.340855128 +0200 CEST m=+10087.832026449,0
2023-06-27 21:57:04.340976685 +0200 CEST m=+10087.832148014,0
2023-06-27 21:57:04.341157502 +0200 CEST m=+10087.832328822,0
2023-06-27 21:57:04.341263871 +0200 CEST m=+10087.832435192,0
2023-06-27 21:57:04.356736691 +0200 CEST m=+10087.847908018,0
2023-06-27 21:57:04.356750158 +0200 CEST m=+10087.847921485,0
2023-06-27 21:57:04.356759145 +0200 CEST m=+10087.847930471,0
2023-06-27 21:57:04.356769059 +0200 CEST m=+10087.847940386,0
2023-06-27 21:57:04.356778023 +0200 CEST m=+10087.847949349,0
2023-06-27 21:57:04.356788639 +0200 CEST m=+10087.847959966,0
2023-06-27 21:57:04.35679726 +0200 CEST m=+10087.847968587,0
2023-06-27 21:57:04.356807177 +0200 CEST m=+10087.847978504,0
2023-06-27 21:57:04.356816929 +0200 CEST m=+10087.847988256,0
2023-06-27 21:57:04.356825497 +0200 CEST m=+10087.847996823,0
2023-06-27 21:57:04.356837249 +0200 CEST m=+10087.848008575,0
2023-06-27 21:57:04.356847099 +0200 CEST m=+10087.848018425,0
2023-06-27 21:57:04.356855745 +0200 CEST m=+10087.848027073,0
2023-06-27 21:57:04.357079382 +0200 CEST m=+10087.848250722,0
2023-06-27 21:57:04.357345197 +0200 CEST m=+10087.848516526,0
2023-06-27 21:57:04.357587995 +0200 CEST m=+10087.848759342,0
2023-06-27 21:57:04.372692977 +0200 CEST m=+10087.863864307,0
2023-06-27 21:57:04.372723655 +0200 CEST m=+10087.863894988,0
2023-06-27 21:57:04.372737345 +0200 CEST m=+10087.863908677,0
2023-06-27 21:57:04.37275102 +0200 CEST m=+10087.863922352,0
2023-06-27 21:57:04.37276562 +0200 CEST m=+10087.863936952,0
2023-06-27 21:57:04.372785844 +0200 CEST m=+10087.863957176,0
2023-06-27 21:57:04.372801396 +0200 CEST m=+10087.863972730,0
2023-06-27 21:57:04.372824691 +0200 CEST m=+10087.863996019,0
2023-06-27 21:57:04.372848013 +0200 CEST m=+10087.864019346,0
2023-06-27 21:57:04.372864051 +0200 CEST m=+10087.864035385,0
2023-06-27 21:57:04.372878786 +0200 CEST m=+10087.864050119,0
2023-06-27 21:57:04.372893287 +0200 CEST m=+10087.864064621,0
2023-06-27 21:57:04.37290744 +0200 CEST m=+10087.864078773,0
2023-06-27 21:57:04.373005807 +0200 CEST m=+10087.864177143,0
2023-06-27 21:57:04.373211732 +0200 CEST m=+10087.864383059,0
2023-06-27 21:57:04.373384951 +0200 CEST m=+10087.864556278,0
2023-06-27 21:57:04.388710707 +0200 CEST m=+10087.879882039,0
2023-06-27 21:57:04.3887305 +0200 CEST m=+10087.879901831,0
2023-06-27 21:57:04.388755217 +0200 CEST m=+10087.879926549,0
2023-06-27 21:57:04.388785439 +0200 CEST m=+10087.879956763,0
2023-06-27 21:57:04.388807459 +0200 CEST m=+10087.879978788,0
2023-06-27 21:57:04.388834204 +0200 CEST m=+10087.880005532,0
2023-06-27 21:57:04.388852732 +0200 CEST m=+10087.880024057,0
2023-06-27 21:57:04.388868392 +0200 CEST m=+10087.880039717,0
2023-06-27 21:57:04.388881475 +0200 CEST m=+10087.880052800,0
2023-06-27 21:57:04.388897872 +0200 CEST m=+10087.880069199,0
2023-06-27 21:57:04.388914365 +0200 CEST m=+10087.880085692,0
2023-06-27 21:57:04.388931108 +0200 CEST m=+10087.880102434,0
2023-06-27 21:57:04.388947479 +0200 CEST m=+10087.880118806,0
2023-06-27 21:57:04.38907036 +0200 CEST m=+10087.880241696,0
2023-06-27 21:57:04.389418927 +0200 CEST m=+10087.880590256,0
2023-06-27 21:57:04.389653919 +0200 CEST m=+10087.880825252,0
2023-06-27 21:57:04.404799805 +0200 CEST m=+10087.895971126,0
2023-06-27 21:57:04.404810817 +0200 CEST m=+10087.895982139,0
2023-06-27 21:57:04.404820738 +0200 CEST m=+10087.895992059,0
2023-06-27 21:57:04.404828047 +0200 CEST m=+10087.895999369,0
2023-06-27 21:57:04.404834211 +0200 CEST m=+10087.896005533,0
2023-06-27 21:57:04.404842574 +0200 CEST m=+10087.896013895,0
2023-06-27 21:57:04.404848839 +0200 CEST m=+10087.896020161,0
2023-06-27 21:57:04.404855882 +0200 CEST m=+10087.896027203,0
2023-06-27 21:57:04.404863056 +0200 CEST m=+10087.896034377,0
2023-06-27 21:57:04.40486981 +0200 CEST m=+10087.896041132,0
2023-06-27 21:57:04.404880804 +0200 CEST m=+10087.896052125,0
2023-06-27 21:57:04.404887052 +0200 CEST m=+10087.896058374,0
2023-06-27 21:57:04.404893497 +0200 CEST m=+10087.896064818,0
2023-06-27 21:57:04.40524987 +0200 CEST m=+10087.896421197,0
2023-06-27 21:57:04.405449575 +0200 CEST m=+10087.896620901,0
2023-06-27 21:57:04.40564352 +0200 CEST m=+10087.896814845,0
2023-06-27 21:57:04.42070687 +0200 CEST m=+10087.911878194,0
2023-06-27 21:57:04.420717945 +0200 CEST m=+10087.911889269,0
2023-06-27 21:57:04.420730492 +0200 CEST m=+10087.911901816,0
2023-06-27 21:57:04.420747941 +0200 CEST m=+10087.911919266,0
2023-06-27 21:57:04.420758663 +0200 CEST m=+10087.911929988,0
2023-06-27 21:57:04.420766048 +0200 CEST m=+10087.911937371,0
2023-06-27 21:57:04.4207741 +0200 CEST m=+10087.911945424,0
2023-06-27 21:57:04.420781845 +0200 CEST m=+10087.911953170,0
2023-06-27 21:57:04.42079044 +0200 CEST m=+10087.911961765,0
2023-06-27 21:57:04.420798108 +0200 CEST m=+10087.911969432,0
2023-06-27 21:57:04.420805408 +0200 CEST m=+10087.911976731,0
2023-06-27 21:57:04.420822124 +0200 CEST m=+10087.911993459,0
2023-06-27 21:57:04.420843525 +0200 CEST m=+10087.912014855,0
2023-06-27 21:57:04.420999963 +0200 CEST m=+10087.912171293,0
2023-06-27 21:57:04.421198044 +0200 CEST m=+10087.912369368,0
2023-06-27 21:57:04.421398022 +0200 CEST m=+10087.912569347,0
2023-06-27 21:57:04.436775346 +0200 CEST m=+10087.927946668,0
2023-06-27 21:57:04.436789815 +0200 CEST m=+10087.927961137,0
2023-06-27 21:57:04.436797396 +0200 CEST m=+10087.927968717,0
2023-06-27 21:57:04.436804478 +0200 CEST m=+10087.927975801,0
2023-06-27 21:57:04.43681183 +0200 CEST m=+10087.927983152,0
2023-06-27 21:57:04.436819035 +0200 CEST m=+10087.927990357,0
2023-06-27 21:57:04.436826086 +0200 CEST m=+10087.927997408,0
2023-06-27 21:57:04.436833106 +0200 CEST m=+10087.928004427,0
2023-06-27 21:57:04.436839823 +0200 CEST m=+10087.928011144,0
2023-06-27 21:57:04.436847165 +0200 CEST m=+10087.928018486,0
2023-06-27 21:57:04.43685439 +0200 CEST m=+10087.928025712,0
2023-06-27 21:57:04.436861761 +0200 CEST m=+10087.928033083,0
2023-06-27 21:57:04.436869482 +0200 CEST m=+10087.928040804,0
2023-06-27 21:57:04.437033643 +0200 CEST m=+10087.928204964,0
2023-06-27 21:57:04.437216279 +0200 CEST m=+10087.928387601,0
2023-06-27 21:57:04.437452861 +0200 CEST m=+10087.928624187,0
2023-06-27 21:57:04.452771029 +0200 CEST m=+10087.943942368,0
2023-06-27 21:57:04.452796552 +0200 CEST m=+10087.943967891,0
2023-06-27 21:57:04.452823497 +0200 CEST m=+10087.943994833,0
2023-06-27 21:57:04.452846562 +0200 CEST m=+10087.944017906,0
2023-06-27 21:57:04.452872837 +0200 CEST m=+10087.944044178,0
2023-06-27 21:57:04.452898643 +0200 CEST m=+10087.944069985,0
2023-06-27 21:57:04.452923776 +0200 CEST m=+10087.944095114,0
2023-06-27 21:57:04.452959001 +0200 CEST m=+10087.944130345,0
2023-06-27 21:57:04.45298486 +0200 CEST m=+10087.944156204,0
2023-06-27 21:57:04.45300196 +0200 CEST m=+10087.944173298,0
2023-06-27 21:57:04.453020798 +0200 CEST m=+10087.944192132,0
2023-06-27 21:57:04.453043655 +0200 CEST m=+10087.944214994,0
2023-06-27 21:57:04.45306945 +0200 CEST m=+10087.944240792,0
2023-06-27 21:57:04.453099009 +0200 CEST m=+10087.944270351,0
2023-06-27 21:57:04.453353975 +0200 CEST m=+10087.944525315,0
2023-06-27 21:57:04.453600382 +0200 CEST m=+10087.944771707,0
2023-06-27 21:57:04.468827623 +0200 CEST m=+10087.959998944,0
2023-06-27 21:57:04.468841135 +0200 CEST m=+10087.960012456,0
2023-06-27 21:57:04.46884888 +0200 CEST m=+10087.960020200,0
2023-06-27 21:57:04.46885532 +0200 CEST m=+10087.960026641,0
2023-06-27 21:57:04.468864527 +0200 CEST m=+10087.960035847,0
2023-06-27 21:57:04.468871572 +0200 CEST m=+10087.960042892,0
2023-06-27 21:57:04.468878632 +0200 CEST m=+10087.960049952,0
2023-06-27 21:57:04.468885761 +0200 CEST m=+10087.960057082,0
2023-06-27 21:57:04.468892339 +0200 CEST m=+10087.960063661,0
2023-06-27 21:57:04.468898755 +0200 CEST m=+10087.960070076,0
2023-06-27 21:57:04.468906222 +0200 CEST m=+10087.960077543,0
2023-06-27 21:57:04.468912934 +0200 CEST m=+10087.960084255,0
2023-06-27 21:57:04.46891966 +0200 CEST m=+10087.960090981,0
2023-06-27 21:57:04.469084699 +0200 CEST m=+10087.960256025,0
2023-06-27 21:57:04.469273096 +0200 CEST m=+10087.960444417,0
2023-06-27 21:57:04.484714986 +0200 CEST m=+10087.975886311,0
2023-06-27 21:57:04.484776176 +0200 CEST m=+10087.975947506,0
2023-06-27 21:57:04.484797292 +0200 CEST m=+10087.975968623,0
2023-06-27 21:57:04.484813243 +0200 CEST m=+10087.975984574,0
2023-06-27 21:57:04.484829178 +0200 CEST m=+10087.976000508,0
2023-06-27 21:57:04.484846471 +0200 CEST m=+10087.976017803,0
2023-06-27 21:57:04.484862094 +0200 CEST m=+10087.976033425,0
2023-06-27 21:57:04.484879978 +0200 CEST m=+10087.976051309,0
2023-06-27 21:57:04.484898972 +0200 CEST m=+10087.976070307,0
2023-06-27 21:57:04.484915318 +0200 CEST m=+10087.976086646,0
2023-06-27 21:57:04.484934025 +0200 CEST m=+10087.976105353,0
2023-06-27 21:57:04.484950639 +0200 CEST m=+10087.976121966,0
2023-06-27 21:57:04.484967334 +0200 CEST m=+10087.976138659,0
2023-06-27 21:57:04.48498531 +0200 CEST m=+10087.976156637,0
2023-06-27 21:57:04.485103027 +0200 CEST m=+10087.976274360,0
2023-06-27 21:57:04.485345623 +0200 CEST m=+10087.976516952,0
2023-06-27 21:57:04.500672745 +0200 CEST m=+10087.991844065,0
2023-06-27 21:57:04.500683103 +0200 CEST m=+10087.991854422,0
2023-06-27 21:57:04.500688974 +0200 CEST m=+10087.991860294,0
2023-06-27 21:57:04.500695067 +0200 CEST m=+10087.991866388,0
2023-06-27 21:57:04.500730624 +0200 CEST m=+10087.991901944,0
2023-06-27 21:57:04.50073639 +0200 CEST m=+10087.991907710,0
2023-06-27 21:57:04.500746606 +0200 CEST m=+10087.991917926,0
2023-06-27 21:57:04.500752813 +0200 CEST m=+10087.991924134,0
2023-06-27 21:57:04.50075845 +0200 CEST m=+10087.991929769,0
2023-06-27 21:57:04.500764606 +0200 CEST m=+10087.991935925,0
2023-06-27 21:57:04.500771578 +0200 CEST m=+10087.991942898,0
2023-06-27 21:57:04.500778691 +0200 CEST m=+10087.991950010,0
2023-06-27 21:57:04.50078489 +0200 CEST m=+10087.991956211,0
2023-06-27 21:57:04.500868218 +0200 CEST m=+10087.992039542,0
2023-06-27 21:57:04.50104255 +0200 CEST m=+10087.992213874,0
2023-06-27 21:57:04.501188446 +0200 CEST m=+10087.992359765,0
2023-06-27 21:57:04.516735157 +0200 CEST m=+10088.007906480,0
2023-06-27 21:57:04.516748911 +0200 CEST m=+10088.007920235,0
2023-06-27 21:57:04.516762876 +0200 CEST m=+10088.007934200,0
2023-06-27 21:57:04.516772445 +0200 CEST m=+10088.007943770,0
2023-06-27 21:57:04.516779736 +0200 CEST m=+10088.007951060,0
2023-06-27 21:57:04.516787311 +0200 CEST m=+10088.007958635,0
2023-06-27 21:57:04.516795174 +0200 CEST m=+10088.007966498,0
2023-06-27 21:57:04.516803025 +0200 CEST m=+10088.007974349,0
2023-06-27 21:57:04.516819547 +0200 CEST m=+10088.007990871,0
2023-06-27 21:57:04.516837754 +0200 CEST m=+10088.008009084,0
2023-06-27 21:57:04.516853901 +0200 CEST m=+10088.008025231,0
2023-06-27 21:57:04.516869334 +0200 CEST m=+10088.008040664,0
2023-06-27 21:57:04.516886928 +0200 CEST m=+10088.008058258,0
2023-06-27 21:57:04.517006095 +0200 CEST m=+10088.008177423,0
2023-06-27 21:57:04.51730631 +0200 CEST m=+10088.008477640,0
2023-06-27 21:57:04.51754712 +0200 CEST m=+10088.008718453,0
2023-06-27 21:57:04.53276835 +0200 CEST m=+10088.023939681,0
2023-06-27 21:57:04.532790877 +0200 CEST m=+10088.023962208,0
2023-06-27 21:57:04.532808676 +0200 CEST m=+10088.023980005,0
2023-06-27 21:57:04.532826265 +0200 CEST m=+10088.023997592,0
2023-06-27 21:57:04.53284646 +0200 CEST m=+10088.024017789,0
2023-06-27 21:57:04.532861906 +0200 CEST m=+10088.024033228,0
2023-06-27 21:57:04.532875824 +0200 CEST m=+10088.024047147,0
2023-06-27 21:57:04.532890505 +0200 CEST m=+10088.024061830,0
2023-06-27 21:57:04.532913916 +0200 CEST m=+10088.024085244,0
2023-06-27 21:57:04.532940434 +0200 CEST m=+10088.024111757,0
2023-06-27 21:57:04.532954254 +0200 CEST m=+10088.024125576,0
2023-06-27 21:57:04.532968048 +0200 CEST m=+10088.024139371,0
2023-06-27 21:57:04.532982688 +0200 CEST m=+10088.024154010,0
2023-06-27 21:57:04.533027693 +0200 CEST m=+10088.024199015,0
2023-06-27 21:57:04.533305482 +0200 CEST m=+10088.024476813,0
2023-06-27 21:57:04.533580495 +0200 CEST m=+10088.024751872,0
2023-06-27 21:57:04.548824995 +0200 CEST m=+10088.039996319,0
2023-06-27 21:57:04.548880003 +0200 CEST m=+10088.040051325,0
2023-06-27 21:57:04.548891452 +0200 CEST m=+10088.040062776,0
2023-06-27 21:57:04.548906963 +0200 CEST m=+10088.040078285,0
2023-06-27 21:57:04.548920776 +0200 CEST m=+10088.040092099,0
2023-06-27 21:57:04.548932212 +0200 CEST m=+10088.040103533,0
2023-06-27 21:57:04.54894471 +0200 CEST m=+10088.040116033,0
2023-06-27 21:57:04.548957187 +0200 CEST m=+10088.040128512,0
2023-06-27 21:57:04.548969923 +0200 CEST m=+10088.040141247,0
2023-06-27 21:57:04.548982871 +0200 CEST m=+10088.040154193,0
2023-06-27 21:57:04.549002654 +0200 CEST m=+10088.040173977,0
2023-06-27 21:57:04.549014922 +0200 CEST m=+10088.040186245,0
2023-06-27 21:57:04.549030205 +0200 CEST m=+10088.040201527,0
2023-06-27 21:57:04.549178458 +0200 CEST m=+10088.040349784,0
2023-06-27 21:57:04.549421248 +0200 CEST m=+10088.040592573,0
2023-06-27 21:57:04.550145793 +0200 CEST m=+10088.041317183,0
2023-06-27 21:57:04.564775438 +0200 CEST m=+10088.055946768,0
2023-06-27 21:57:04.564788981 +0200 CEST m=+10088.055960306,0
2023-06-27 21:57:04.56480822 +0200 CEST m=+10088.055979544,0
2023-06-27 21:57:04.564835155 +0200 CEST m=+10088.056006480,0
2023-06-27 21:57:04.564856519 +0200 CEST m=+10088.056027838,0
2023-06-27 21:57:04.564869107 +0200 CEST m=+10088.056040427,0
2023-06-27 21:57:04.564879 +0200 CEST m=+10088.056050321,0
2023-06-27 21:57:04.564889532 +0200 CEST m=+10088.056060851,0
2023-06-27 21:57:04.564899243 +0200 CEST m=+10088.056070562,0
2023-06-27 21:57:04.564907528 +0200 CEST m=+10088.056078849,0
2023-06-27 21:57:04.564916782 +0200 CEST m=+10088.056088102,0
2023-06-27 21:57:04.56492831 +0200 CEST m=+10088.056099632,0
2023-06-27 21:57:04.564938402 +0200 CEST m=+10088.056109726,0
2023-06-27 21:57:04.565034024 +0200 CEST m=+10088.056205344,0
2023-06-27 21:57:04.56515061 +0200 CEST m=+10088.056321930,0
2023-06-27 21:57:04.565351395 +0200 CEST m=+10088.056522724,0
2023-06-27 21:57:04.580715752 +0200 CEST m=+10088.071887072,0
2023-06-27 21:57:04.580725857 +0200 CEST m=+10088.071897177,0
2023-06-27 21:57:04.58073218 +0200 CEST m=+10088.071903499,0
2023-06-27 21:57:04.580738603 +0200 CEST m=+10088.071909923,0
2023-06-27 21:57:04.580745615 +0200 CEST m=+10088.071916936,0
2023-06-27 21:57:04.580761862 +0200 CEST m=+10088.071933181,0
2023-06-27 21:57:04.580769239 +0200 CEST m=+10088.071940559,0
2023-06-27 21:57:04.580779125 +0200 CEST m=+10088.071950446,0
2023-06-27 21:57:04.580785502 +0200 CEST m=+10088.071956822,0
2023-06-27 21:57:04.580791836 +0200 CEST m=+10088.071963155,0
2023-06-27 21:57:04.5807977 +0200 CEST m=+10088.071969019,0
2023-06-27 21:57:04.580804162 +0200 CEST m=+10088.071975481,0
2023-06-27 21:57:04.58081065 +0200 CEST m=+10088.071981970,0
2023-06-27 21:57:04.580943568 +0200 CEST m=+10088.072114888,0
2023-06-27 21:57:04.581080806 +0200 CEST m=+10088.072252126,0
2023-06-27 21:57:04.581216345 +0200 CEST m=+10088.072387669,0
2023-06-27 21:57:04.596779081 +0200 CEST m=+10088.087950411,0
2023-06-27 21:57:04.596793086 +0200 CEST m=+10088.087964410,0
2023-06-27 21:57:04.596804449 +0200 CEST m=+10088.087975773,0
2023-06-27 21:57:04.596817677 +0200 CEST m=+10088.087989001,0
2023-06-27 21:57:04.596832446 +0200 CEST m=+10088.088003766,0
2023-06-27 21:57:04.596841351 +0200 CEST m=+10088.088012671,0
2023-06-27 21:57:04.596851651 +0200 CEST m=+10088.088022972,0
2023-06-27 21:57:04.596862672 +0200 CEST m=+10088.088033992,0
2023-06-27 21:57:04.596872393 +0200 CEST m=+10088.088043713,0
2023-06-27 21:57:04.596881669 +0200 CEST m=+10088.088052989,0
2023-06-27 21:57:04.596892249 +0200 CEST m=+10088.088063569,0
2023-06-27 21:57:04.596902582 +0200 CEST m=+10088.088073904,0
2023-06-27 21:57:04.596916285 +0200 CEST m=+10088.088087605,0
2023-06-27 21:57:04.597031564 +0200 CEST m=+10088.088202891,0
2023-06-27 21:57:04.597205919 +0200 CEST m=+10088.088377243,0
2023-06-27 21:57:04.597394285 +0200 CEST m=+10088.088565609,0
2023-06-27 21:57:04.612754191 +0200 CEST m=+10088.103925511,0
2023-06-27 21:57:04.612768624 +0200 CEST m=+10088.103939945,0
2023-06-27 21:57:04.612777265 +0200 CEST m=+10088.103948585,0
2023-06-27 21:57:04.61278302 +0200 CEST m=+10088.103954340,0
2023-06-27 21:57:04.612792327 +0200 CEST m=+10088.103963648,0
2023-06-27 21:57:04.612801749 +0200 CEST m=+10088.103973069,0
2023-06-27 21:57:04.612810977 +0200 CEST m=+10088.103982296,0
2023-06-27 21:57:04.612823788 +0200 CEST m=+10088.103995108,0
2023-06-27 21:57:04.612832791 +0200 CEST m=+10088.104004111,0
2023-06-27 21:57:04.612840843 +0200 CEST m=+10088.104012163,0
2023-06-27 21:57:04.612849681 +0200 CEST m=+10088.104021001,0
2023-06-27 21:57:04.612859175 +0200 CEST m=+10088.104030495,0
2023-06-27 21:57:04.61286852 +0200 CEST m=+10088.104039840,0
2023-06-27 21:57:04.613064251 +0200 CEST m=+10088.104235582,0
2023-06-27 21:57:04.613218489 +0200 CEST m=+10088.104389810,0
2023-06-27 21:57:04.613380548 +0200 CEST m=+10088.104551868,0
2023-06-27 21:57:04.628706048 +0200 CEST m=+10088.119877373,0
2023-06-27 21:57:04.628720415 +0200 CEST m=+10088.119891742,0
2023-06-27 21:57:04.628737906 +0200 CEST m=+10088.119909233,0
2023-06-27 21:57:04.628751474 +0200 CEST m=+10088.119922800,0
2023-06-27 21:57:04.628765215 +0200 CEST m=+10088.119936541,0
2023-06-27 21:57:04.628779345 +0200 CEST m=+10088.119950670,0
2023-06-27 21:57:04.628794289 +0200 CEST m=+10088.119965613,0
2023-06-27 21:57:04.628809856 +0200 CEST m=+10088.119981181,0
2023-06-27 21:57:04.628823787 +0200 CEST m=+10088.119995113,0
2023-06-27 21:57:04.628836678 +0200 CEST m=+10088.120008003,0
2023-06-27 21:57:04.628851923 +0200 CEST m=+10088.120023262,0
2023-06-27 21:57:04.628870873 +0200 CEST m=+10088.120042202,0
2023-06-27 21:57:04.628891317 +0200 CEST m=+10088.120062650,0
2023-06-27 21:57:04.628959835 +0200 CEST m=+10088.120131169,0
2023-06-27 21:57:04.629166156 +0200 CEST m=+10088.120337484,0
2023-06-27 21:57:04.629312353 +0200 CEST m=+10088.120483689,0
2023-06-27 21:57:04.644745269 +0200 CEST m=+10088.135916594,0
2023-06-27 21:57:04.644762694 +0200 CEST m=+10088.135934018,0
2023-06-27 21:57:04.644806233 +0200 CEST m=+10088.135977555,0
2023-06-27 21:57:04.644815502 +0200 CEST m=+10088.135986823,0
2023-06-27 21:57:04.644822478 +0200 CEST m=+10088.135993801,0
2023-06-27 21:57:04.644830836 +0200 CEST m=+10088.136002159,0
2023-06-27 21:57:04.644867951 +0200 CEST m=+10088.136039274,0
2023-06-27 21:57:04.644875691 +0200 CEST m=+10088.136047014,0
2023-06-27 21:57:04.644883541 +0200 CEST m=+10088.136054863,0
2023-06-27 21:57:04.64489084 +0200 CEST m=+10088.136062163,0
2023-06-27 21:57:04.64489904 +0200 CEST m=+10088.136070363,0
2023-06-27 21:57:04.64490741 +0200 CEST m=+10088.136078732,0
2023-06-27 21:57:04.64491557 +0200 CEST m=+10088.136086893,0
2023-06-27 21:57:04.644932929 +0200 CEST m=+10088.136104256,0
2023-06-27 21:57:04.645102164 +0200 CEST m=+10088.136273488,0
2023-06-27 21:57:04.645245636 +0200 CEST m=+10088.136416961,0
2023-06-27 21:57:04.660726524 +0200 CEST m=+10088.151897846,0
2023-06-27 21:57:04.660733685 +0200 CEST m=+10088.151905008,0
2023-06-27 21:57:04.660745589 +0200 CEST m=+10088.151916913,0
2023-06-27 21:57:04.660753857 +0200 CEST m=+10088.151925182,0
2023-06-27 21:57:04.660760896 +0200 CEST m=+10088.151932219,0
2023-06-27 21:57:04.660770108 +0200 CEST m=+10088.151941429,0
2023-06-27 21:57:04.660777016 +0200 CEST m=+10088.151948340,0
2023-06-27 21:57:04.660783811 +0200 CEST m=+10088.151955134,0
2023-06-27 21:57:04.660823929 +0200 CEST m=+10088.151995252,0
2023-06-27 21:57:04.660830969 +0200 CEST m=+10088.152002293,0
2023-06-27 21:57:04.660838748 +0200 CEST m=+10088.152010072,0
2023-06-27 21:57:04.660857244 +0200 CEST m=+10088.152028567,0
2023-06-27 21:57:04.660864194 +0200 CEST m=+10088.152035517,0
2023-06-27 21:57:04.661025006 +0200 CEST m=+10088.152196329,0
2023-06-27 21:57:04.661173799 +0200 CEST m=+10088.152345123,0
2023-06-27 21:57:04.661320106 +0200 CEST m=+10088.152491427,0
2023-06-27 21:57:04.676672896 +0200 CEST m=+10088.167844217,0
2023-06-27 21:57:04.676678888 +0200 CEST m=+10088.167850208,0
2023-06-27 21:57:04.676684663 +0200 CEST m=+10088.167855984,0
2023-06-27 21:57:04.676691115 +0200 CEST m=+10088.167862435,0
2023-06-27 21:57:04.676732908 +0200 CEST m=+10088.167904229,0
2023-06-27 21:57:04.676744636 +0200 CEST m=+10088.167915956,0
2023-06-27 21:57:04.676752272 +0200 CEST m=+10088.167923592,0
2023-06-27 21:57:04.6767585 +0200 CEST m=+10088.167929819,0
2023-06-27 21:57:04.676765253 +0200 CEST m=+10088.167936572,0
2023-06-27 21:57:04.676771747 +0200 CEST m=+10088.167943068,0
2023-06-27 21:57:04.676777741 +0200 CEST m=+10088.167949061,0
2023-06-27 21:57:04.676784375 +0200 CEST m=+10088.167955695,0
2023-06-27 21:57:04.676790512 +0200 CEST m=+10088.167961832,0
2023-06-27 21:57:04.676838503 +0200 CEST m=+10088.168009827,0
2023-06-27 21:57:04.676992259 +0200 CEST m=+10088.168163583,0
2023-06-27 21:57:04.692668461 +0200 CEST m=+10088.183839797,0
2023-06-27 21:57:04.692739656 +0200 CEST m=+10088.183910979,0
2023-06-27 21:57:04.692748978 +0200 CEST m=+10088.183920302,0
2023-06-27 21:57:04.692756079 +0200 CEST m=+10088.183927402,0
2023-06-27 21:57:04.692763273 +0200 CEST m=+10088.183934596,0
2023-06-27 21:57:04.692771685 +0200 CEST m=+10088.183943008,0
2023-06-27 21:57:04.692778653 +0200 CEST m=+10088.183949977,0
2023-06-27 21:57:04.69278852 +0200 CEST m=+10088.183959844,0
2023-06-27 21:57:04.69279551 +0200 CEST m=+10088.183966833,0
2023-06-27 21:57:04.6928031 +0200 CEST m=+10088.183974424,0
2023-06-27 21:57:04.692810448 +0200 CEST m=+10088.183981772,0
2023-06-27 21:57:04.692818442 +0200 CEST m=+10088.183989765,0
2023-06-27 21:57:04.692825567 +0200 CEST m=+10088.183996890,0
2023-06-27 21:57:04.692897377 +0200 CEST m=+10088.184068710,0
2023-06-27 21:57:04.693080539 +0200 CEST m=+10088.184251863,0
2023-06-27 21:57:04.693267282 +0200 CEST m=+10088.184438605,0
2023-06-27 21:57:04.708686288 +0200 CEST m=+10088.199857609,0
2023-06-27 21:57:04.708694082 +0200 CEST m=+10088.199865401,0
2023-06-27 21:57:04.708699641 +0200 CEST m=+10088.199870961,0
2023-06-27 21:57:04.708707277 +0200 CEST m=+10088.199878597,0
2023-06-27 21:57:04.708713089 +0200 CEST m=+10088.199884409,0
2023-06-27 21:57:04.708719362 +0200 CEST m=+10088.199890681,0
2023-06-27 21:57:04.70872568 +0200 CEST m=+10088.199897000,0
2023-06-27 21:57:04.708731603 +0200 CEST m=+10088.199902922,0
2023-06-27 21:57:04.708738681 +0200 CEST m=+10088.199910002,0
2023-06-27 21:57:04.708744485 +0200 CEST m=+10088.199915805,0
2023-06-27 21:57:04.708750297 +0200 CEST m=+10088.199921618,0
2023-06-27 21:57:04.708766233 +0200 CEST m=+10088.199937557,0
2023-06-27 21:57:04.708777664 +0200 CEST m=+10088.199948989,0
2023-06-27 21:57:04.708914395 +0200 CEST m=+10088.200085719,0
2023-06-27 21:57:04.709051238 +0200 CEST m=+10088.200222558,0
2023-06-27 21:57:04.70920025 +0200 CEST m=+10088.200371571,0
2023-06-27 21:57:04.724690663 +0200 CEST m=+10088.215861992,0
2023-06-27 21:57:04.724743599 +0200 CEST m=+10088.215914924,0
2023-06-27 21:57:04.724755489 +0200 CEST m=+10088.215926816,0
2023-06-27 21:57:04.724764991 +0200 CEST m=+10088.215936317,0
2023-06-27 21:57:04.724773073 +0200 CEST m=+10088.215944399,0
2023-06-27 21:57:04.724788422 +0200 CEST m=+10088.215959804,0
2023-06-27 21:57:04.724808588 +0200 CEST m=+10088.215979918,0
2023-06-27 21:57:04.724825205 +0200 CEST m=+10088.215996538,0
2023-06-27 21:57:04.724841196 +0200 CEST m=+10088.216012527,0
2023-06-27 21:57:04.724859563 +0200 CEST m=+10088.216030890,0
2023-06-27 21:57:04.724889745 +0200 CEST m=+10088.216061071,0
2023-06-27 21:57:04.724909346 +0200 CEST m=+10088.216080677,0
2023-06-27 21:57:04.724925047 +0200 CEST m=+10088.216096379,0
2023-06-27 21:57:04.724941702 +0200 CEST m=+10088.216113034,0
2023-06-27 21:57:04.725095552 +0200 CEST m=+10088.216266877,0
2023-06-27 21:57:04.725292929 +0200 CEST m=+10088.216464269,0
2023-06-27 21:57:04.74147261 +0200 CEST m=+10088.232643939,0
2023-06-27 21:57:04.741487869 +0200 CEST m=+10088.232659199,0
2023-06-27 21:57:04.741509124 +0200 CEST m=+10088.232680456,0
2023-06-27 21:57:04.741524659 +0200 CEST m=+10088.232695988,0
2023-06-27 21:57:04.74154008 +0200 CEST m=+10088.232711408,0
2023-06-27 21:57:04.74155572 +0200 CEST m=+10088.232727049,0
2023-06-27 21:57:04.741570509 +0200 CEST m=+10088.232741838,0
2023-06-27 21:57:04.741589393 +0200 CEST m=+10088.232760721,0
2023-06-27 21:57:04.741604703 +0200 CEST m=+10088.232776033,0
2023-06-27 21:57:04.741620015 +0200 CEST m=+10088.232791345,0
2023-06-27 21:57:04.741644691 +0200 CEST m=+10088.232816021,0
2023-06-27 21:57:04.741663279 +0200 CEST m=+10088.232834609,0
2023-06-27 21:57:04.741678407 +0200 CEST m=+10088.232849736,0
2023-06-27 21:57:04.741708826 +0200 CEST m=+10088.232880155,0
2023-06-27 21:57:04.741879457 +0200 CEST m=+10088.233050790,0
2023-06-27 21:57:04.742091267 +0200 CEST m=+10088.233262597,0
2023-06-27 21:57:04.742281857 +0200 CEST m=+10088.233453194,0
2023-06-27 21:57:04.756802542 +0200 CEST m=+10088.247973869,0
2023-06-27 21:57:04.756819286 +0200 CEST m=+10088.247990612,0
2023-06-27 21:57:04.756830854 +0200 CEST m=+10088.248002181,0
2023-06-27 21:57:04.756839407 +0200 CEST m=+10088.248010734,0
2023-06-27 21:57:04.756848522 +0200 CEST m=+10088.248019848,0
2023-06-27 21:57:04.756864197 +0200 CEST m=+10088.248035524,0
2023-06-27 21:57:04.756872712 +0200 CEST m=+10088.248044038,0
2023-06-27 21:57:04.756884221 +0200 CEST m=+10088.248055548,0
2023-06-27 21:57:04.756893117 +0200 CEST m=+10088.248064443,0
2023-06-27 21:57:04.756903104 +0200 CEST m=+10088.248074430,0
2023-06-27 21:57:04.756912887 +0200 CEST m=+10088.248084214,0
2023-06-27 21:57:04.756922285 +0200 CEST m=+10088.248093611,0
2023-06-27 21:57:04.756931604 +0200 CEST m=+10088.248102932,0
2023-06-27 21:57:04.757042237 +0200 CEST m=+10088.248213564,0
2023-06-27 21:57:04.757277549 +0200 CEST m=+10088.248448886,0
2023-06-27 21:57:04.772700677 +0200 CEST m=+10088.263871999,0
2023-06-27 21:57:04.772710256 +0200 CEST m=+10088.263881579,0
2023-06-27 21:57:04.772724803 +0200 CEST m=+10088.263896125,0
2023-06-27 21:57:04.772732838 +0200 CEST m=+10088.263904160,0
2023-06-27 21:57:04.772767868 +0200 CEST m=+10088.263939189,0
2023-06-27 21:57:04.772774968 +0200 CEST m=+10088.263946290,0
2023-06-27 21:57:04.772785943 +0200 CEST m=+10088.263957265,0
2023-06-27 21:57:04.772794738 +0200 CEST m=+10088.263966060,0
2023-06-27 21:57:04.772811978 +0200 CEST m=+10088.263983300,0
2023-06-27 21:57:04.772819515 +0200 CEST m=+10088.263990837,0
2023-06-27 21:57:04.7728272 +0200 CEST m=+10088.263998521,0
2023-06-27 21:57:04.772834028 +0200 CEST m=+10088.264005350,0
2023-06-27 21:57:04.77284139 +0200 CEST m=+10088.264012712,0
2023-06-27 21:57:04.77292365 +0200 CEST m=+10088.264094979,0
2023-06-27 21:57:04.773091701 +0200 CEST m=+10088.264263023,0
2023-06-27 21:57:04.773222637 +0200 CEST m=+10088.264393959,0
2023-06-27 21:57:04.788748249 +0200 CEST m=+10088.279919574,0
2023-06-27 21:57:04.78876533 +0200 CEST m=+10088.279936656,0
2023-06-27 21:57:04.788784648 +0200 CEST m=+10088.279955973,0
2023-06-27 21:57:04.788799706 +0200 CEST m=+10088.279971032,0
2023-06-27 21:57:04.788816562 +0200 CEST m=+10088.279987899,0
2023-06-27 21:57:04.788838907 +0200 CEST m=+10088.280010236,0
2023-06-27 21:57:04.788860625 +0200 CEST m=+10088.280031955,0
2023-06-27 21:57:04.788880784 +0200 CEST m=+10088.280052116,0
2023-06-27 21:57:04.788902801 +0200 CEST m=+10088.280074133,0
2023-06-27 21:57:04.788923101 +0200 CEST m=+10088.280094434,0
2023-06-27 21:57:04.788943999 +0200 CEST m=+10088.280115329,0
2023-06-27 21:57:04.788967479 +0200 CEST m=+10088.280138803,0
2023-06-27 21:57:04.788979995 +0200 CEST m=+10088.280151321,0
2023-06-27 21:57:04.788992684 +0200 CEST m=+10088.280164010,0
2023-06-27 21:57:04.789152042 +0200 CEST m=+10088.280323366,0
2023-06-27 21:57:04.789355416 +0200 CEST m=+10088.280526740,0
2023-06-27 21:57:04.804773335 +0200 CEST m=+10088.295944656,0
2023-06-27 21:57:04.804788446 +0200 CEST m=+10088.295959770,0
2023-06-27 21:57:04.80480003 +0200 CEST m=+10088.295971354,0
2023-06-27 21:57:04.80481279 +0200 CEST m=+10088.295984114,0
2023-06-27 21:57:04.804825361 +0200 CEST m=+10088.295996685,0
2023-06-27 21:57:04.804838285 +0200 CEST m=+10088.296009610,0
2023-06-27 21:57:04.804853827 +0200 CEST m=+10088.296025151,0
2023-06-27 21:57:04.804867846 +0200 CEST m=+10088.296039167,0
2023-06-27 21:57:04.804887699 +0200 CEST m=+10088.296059018,0
2023-06-27 21:57:04.804894065 +0200 CEST m=+10088.296065385,0
2023-06-27 21:57:04.804901618 +0200 CEST m=+10088.296072938,0
2023-06-27 21:57:04.804907433 +0200 CEST m=+10088.296078754,0
2023-06-27 21:57:04.80491359 +0200 CEST m=+10088.296084911,0
2023-06-27 21:57:04.805422101 +0200 CEST m=+10088.296593430,0
2023-06-27 21:57:04.805754908 +0200 CEST m=+10088.296926248,0
2023-06-27 21:57:04.805990845 +0200 CEST m=+10088.297162172,0
2023-06-27 21:57:04.820736637 +0200 CEST m=+10088.311907956,0
2023-06-27 21:57:04.820743815 +0200 CEST m=+10088.311915136,0
2023-06-27 21:57:04.820749655 +0200 CEST m=+10088.311920975,0
2023-06-27 21:57:04.820756182 +0200 CEST m=+10088.311927502,0
2023-06-27 21:57:04.820761939 +0200 CEST m=+10088.311933260,0
2023-06-27 21:57:04.820769179 +0200 CEST m=+10088.311940500,0
2023-06-27 21:57:04.820775548 +0200 CEST m=+10088.311946869,0
2023-06-27 21:57:04.820781336 +0200 CEST m=+10088.311952657,0
2023-06-27 21:57:04.820793728 +0200 CEST m=+10088.311965048,0
2023-06-27 21:57:04.820799956 +0200 CEST m=+10088.311971276,0
2023-06-27 21:57:04.820807503 +0200 CEST m=+10088.311978823,0
2023-06-27 21:57:04.820813727 +0200 CEST m=+10088.311985047,0
2023-06-27 21:57:04.820819703 +0200 CEST m=+10088.311991024,0
2023-06-27 21:57:04.820946422 +0200 CEST m=+10088.312117742,0
2023-06-27 21:57:04.821125838 +0200 CEST m=+10088.312297160,0
2023-06-27 21:57:04.821254217 +0200 CEST m=+10088.312425542,0
2023-06-27 21:57:04.836743641 +0200 CEST m=+10088.327914960,0
2023-06-27 21:57:04.836833964 +0200 CEST m=+10088.328005284,0
2023-06-27 21:57:04.836841867 +0200 CEST m=+10088.328013186,0
2023-06-27 21:57:04.836848111 +0200 CEST m=+10088.328019432,0
2023-06-27 21:57:04.836854579 +0200 CEST m=+10088.328025898,0
2023-06-27 21:57:04.836861397 +0200 CEST m=+10088.328032717,0
2023-06-27 21:57:04.836867573 +0200 CEST m=+10088.328038894,0
2023-06-27 21:57:04.836874279 +0200 CEST m=+10088.328045599,0
2023-06-27 21:57:04.836880078 +0200 CEST m=+10088.328051398,0
2023-06-27 21:57:04.836886117 +0200 CEST m=+10088.328057436,0
2023-06-27 21:57:04.836892277 +0200 CEST m=+10088.328063598,0
2023-06-27 21:57:04.836898792 +0200 CEST m=+10088.328070111,0
2023-06-27 21:57:04.836904659 +0200 CEST m=+10088.328075979,0
2023-06-27 21:57:04.83691037 +0200 CEST m=+10088.328081690,0
2023-06-27 21:57:04.837050951 +0200 CEST m=+10088.328222271,0
2023-06-27 21:57:04.837170119 +0200 CEST m=+10088.328341443,0
2023-06-27 21:57:04.852755894 +0200 CEST m=+10088.343927216,0
2023-06-27 21:57:04.852762764 +0200 CEST m=+10088.343934086,0
2023-06-27 21:57:04.852770969 +0200 CEST m=+10088.343942290,0
2023-06-27 21:57:04.852777481 +0200 CEST m=+10088.343948804,0
2023-06-27 21:57:04.852783861 +0200 CEST m=+10088.343955183,0
2023-06-27 21:57:04.852790522 +0200 CEST m=+10088.343961845,0
2023-06-27 21:57:04.852796813 +0200 CEST m=+10088.343968134,0
2023-06-27 21:57:04.852803088 +0200 CEST m=+10088.343974409,0
2023-06-27 21:57:04.852813041 +0200 CEST m=+10088.343984363,0
2023-06-27 21:57:04.852819353 +0200 CEST m=+10088.343990675,0
2023-06-27 21:57:04.852825912 +0200 CEST m=+10088.343997233,0
2023-06-27 21:57:04.852832783 +0200 CEST m=+10088.344004106,0
2023-06-27 21:57:04.852839906 +0200 CEST m=+10088.344011226,0
2023-06-27 21:57:04.852999585 +0200 CEST m=+10088.344170911,0
2023-06-27 21:57:04.853150234 +0200 CEST m=+10088.344321560,0
2023-06-27 21:57:04.853282586 +0200 CEST m=+10088.344453913,0
2023-06-27 21:57:04.868737695 +0200 CEST m=+10088.359909019,0
2023-06-27 21:57:04.868749641 +0200 CEST m=+10088.359920965,0
2023-06-27 21:57:04.868761429 +0200 CEST m=+10088.359932752,0
2023-06-27 21:57:04.868774301 +0200 CEST m=+10088.359945626,0
2023-06-27 21:57:04.868788363 +0200 CEST m=+10088.359959693,0
2023-06-27 21:57:04.868800983 +0200 CEST m=+10088.359972302,0
2023-06-27 21:57:04.868810605 +0200 CEST m=+10088.359981925,0
2023-06-27 21:57:04.868821554 +0200 CEST m=+10088.359992877,0
2023-06-27 21:57:04.868831669 +0200 CEST m=+10088.360002991,0
2023-06-27 21:57:04.868849348 +0200 CEST m=+10088.360020667,0
2023-06-27 21:57:04.868857461 +0200 CEST m=+10088.360028781,0
2023-06-27 21:57:04.868867929 +0200 CEST m=+10088.360039250,0
2023-06-27 21:57:04.868880555 +0200 CEST m=+10088.360051876,0
2023-06-27 21:57:04.86900804 +0200 CEST m=+10088.360179364,0
2023-06-27 21:57:04.869205658 +0200 CEST m=+10088.360376982,0
2023-06-27 21:57:04.869418439 +0200 CEST m=+10088.360589766,0
2023-06-27 21:57:04.884747642 +0200 CEST m=+10088.375918991,0
2023-06-27 21:57:04.884781929 +0200 CEST m=+10088.375953275,0
2023-06-27 21:57:04.884809834 +0200 CEST m=+10088.375981182,0
2023-06-27 21:57:04.884837398 +0200 CEST m=+10088.376008744,0
2023-06-27 21:57:04.884867281 +0200 CEST m=+10088.376038629,0
2023-06-27 21:57:04.884894801 +0200 CEST m=+10088.376066150,0
2023-06-27 21:57:04.884927346 +0200 CEST m=+10088.376098696,0
2023-06-27 21:57:04.884956203 +0200 CEST m=+10088.376127551,0
2023-06-27 21:57:04.884984885 +0200 CEST m=+10088.376156232,0
2023-06-27 21:57:04.885013477 +0200 CEST m=+10088.376184828,0
2023-06-27 21:57:04.88504131 +0200 CEST m=+10088.376212661,0
2023-06-27 21:57:04.885112771 +0200 CEST m=+10088.376284109,0
2023-06-27 21:57:04.885138986 +0200 CEST m=+10088.376310326,0
2023-06-27 21:57:04.885182865 +0200 CEST m=+10088.376354214,0
2023-06-27 21:57:04.885657971 +0200 CEST m=+10088.376829328,0
2023-06-27 21:57:04.900823478 +0200 CEST m=+10088.391994804,0
2023-06-27 21:57:04.900849039 +0200 CEST m=+10088.392020364,0
2023-06-27 21:57:04.900858386 +0200 CEST m=+10088.392029711,0
2023-06-27 21:57:04.900866604 +0200 CEST m=+10088.392037930,0
2023-06-27 21:57:04.900874747 +0200 CEST m=+10088.392046072,0
2023-06-27 21:57:04.900883557 +0200 CEST m=+10088.392054883,0
2023-06-27 21:57:04.900893828 +0200 CEST m=+10088.392065155,0
2023-06-27 21:57:04.900903379 +0200 CEST m=+10088.392074705,0
2023-06-27 21:57:04.900914209 +0200 CEST m=+10088.392085535,0
2023-06-27 21:57:04.900922387 +0200 CEST m=+10088.392093712,0
2023-06-27 21:57:04.900930471 +0200 CEST m=+10088.392101797,0
2023-06-27 21:57:04.90093928 +0200 CEST m=+10088.392110605,0
2023-06-27 21:57:04.900988643 +0200 CEST m=+10088.392159968,0
2023-06-27 21:57:04.90105208 +0200 CEST m=+10088.392223411,0
2023-06-27 21:57:04.901278683 +0200 CEST m=+10088.392450015,0
2023-06-27 21:57:04.901515861 +0200 CEST m=+10088.392687187,0
2023-06-27 21:57:04.916729843 +0200 CEST m=+10088.407901179,0
2023-06-27 21:57:04.91675043 +0200 CEST m=+10088.407921761,0
2023-06-27 21:57:04.916767314 +0200 CEST m=+10088.407938645,0
2023-06-27 21:57:04.916785803 +0200 CEST m=+10088.407957129,0
2023-06-27 21:57:04.91679911 +0200 CEST m=+10088.407970435,0
2023-06-27 21:57:04.916812784 +0200 CEST m=+10088.407984111,0
2023-06-27 21:57:04.916826957 +0200 CEST m=+10088.407998285,0
2023-06-27 21:57:04.916840064 +0200 CEST m=+10088.408011392,0
2023-06-27 21:57:04.916856432 +0200 CEST m=+10088.408027758,0
2023-06-27 21:57:04.916871569 +0200 CEST m=+10088.408042895,0
2023-06-27 21:57:04.916926118 +0200 CEST m=+10088.408097453,0
2023-06-27 21:57:04.916947494 +0200 CEST m=+10088.408118820,0
2023-06-27 21:57:04.916966583 +0200 CEST m=+10088.408137915,0
2023-06-27 21:57:04.916982972 +0200 CEST m=+10088.408154304,0
2023-06-27 21:57:04.917246636 +0200 CEST m=+10088.408417967,0
2023-06-27 21:57:04.917476237 +0200 CEST m=+10088.408647560,0
2023-06-27 21:57:04.932747229 +0200 CEST m=+10088.423918555,0
2023-06-27 21:57:04.932761642 +0200 CEST m=+10088.423932963,0
2023-06-27 21:57:04.93277185 +0200 CEST m=+10088.423943171,0
2023-06-27 21:57:04.932783329 +0200 CEST m=+10088.423954649,0
2023-06-27 21:57:04.93279208 +0200 CEST m=+10088.423963400,0
2023-06-27 21:57:04.932800874 +0200 CEST m=+10088.423972193,0
2023-06-27 21:57:04.932822809 +0200 CEST m=+10088.423994130,0
2023-06-27 21:57:04.932835599 +0200 CEST m=+10088.424006920,0
2023-06-27 21:57:04.932848686 +0200 CEST m=+10088.424020014,0
2023-06-27 21:57:04.932863119 +0200 CEST m=+10088.424034440,0
2023-06-27 21:57:04.932878387 +0200 CEST m=+10088.424049712,0
2023-06-27 21:57:04.932889897 +0200 CEST m=+10088.424061221,0
2023-06-27 21:57:04.932902229 +0200 CEST m=+10088.424073554,0
2023-06-27 21:57:04.932913949 +0200 CEST m=+10088.424085273,0
2023-06-27 21:57:04.933026138 +0200 CEST m=+10088.424197459,0
2023-06-27 21:57:04.933179666 +0200 CEST m=+10088.424350986,0
2023-06-27 21:57:04.948731976 +0200 CEST m=+10088.439903300,0
2023-06-27 21:57:04.948768801 +0200 CEST m=+10088.439940122,0
2023-06-27 21:57:04.948780242 +0200 CEST m=+10088.439951565,0
2023-06-27 21:57:04.948791799 +0200 CEST m=+10088.439963120,0
2023-06-27 21:57:04.948806727 +0200 CEST m=+10088.439978047,0
2023-06-27 21:57:04.948829127 +0200 CEST m=+10088.440000448,0
2023-06-27 21:57:04.94885469 +0200 CEST m=+10088.440026014,0
2023-06-27 21:57:04.948866317 +0200 CEST m=+10088.440037639,0
2023-06-27 21:57:04.948879723 +0200 CEST m=+10088.440051043,0
2023-06-27 21:57:04.948893009 +0200 CEST m=+10088.440064331,0
2023-06-27 21:57:04.948904569 +0200 CEST m=+10088.440075892,0
2023-06-27 21:57:04.948916271 +0200 CEST m=+10088.440087595,0
2023-06-27 21:57:04.94892796 +0200 CEST m=+10088.440099281,0
2023-06-27 21:57:04.948949766 +0200 CEST m=+10088.440121095,0
2023-06-27 21:57:04.949154145 +0200 CEST m=+10088.440325468,0
2023-06-27 21:57:04.949313703 +0200 CEST m=+10088.440485033,0
2023-06-27 21:57:04.964728145 +0200 CEST m=+10088.455899484,0
2023-06-27 21:57:04.964746937 +0200 CEST m=+10088.455918274,0
2023-06-27 21:57:04.964759625 +0200 CEST m=+10088.455930955,0
2023-06-27 21:57:04.964777515 +0200 CEST m=+10088.455948854,0
2023-06-27 21:57:04.964796477 +0200 CEST m=+10088.455967814,0
2023-06-27 21:57:04.964815106 +0200 CEST m=+10088.455986443,0
2023-06-27 21:57:04.964834568 +0200 CEST m=+10088.456005905,0
2023-06-27 21:57:04.964852342 +0200 CEST m=+10088.456023674,0
2023-06-27 21:57:04.964868669 +0200 CEST m=+10088.456040007,0
2023-06-27 21:57:04.964887392 +0200 CEST m=+10088.456058729,0
2023-06-27 21:57:04.964903562 +0200 CEST m=+10088.456074893,0
2023-06-27 21:57:04.964921075 +0200 CEST m=+10088.456092411,0
2023-06-27 21:57:04.964938048 +0200 CEST m=+10088.456109386,0
2023-06-27 21:57:04.965048692 +0200 CEST m=+10088.456220022,0
2023-06-27 21:57:04.965288075 +0200 CEST m=+10088.456459414,0
2023-06-27 21:57:04.96547715 +0200 CEST m=+10088.456648486,0
2023-06-27 21:57:04.98071662 +0200 CEST m=+10088.471887945,0
2023-06-27 21:57:04.980733958 +0200 CEST m=+10088.471905282,0
2023-06-27 21:57:04.98074563 +0200 CEST m=+10088.471916954,0
2023-06-27 21:57:04.980757672 +0200 CEST m=+10088.471928996,0
2023-06-27 21:57:04.980772587 +0200 CEST m=+10088.471943908,0
2023-06-27 21:57:04.980792606 +0200 CEST m=+10088.471963930,0
2023-06-27 21:57:04.980804607 +0200 CEST m=+10088.471975931,0
2023-06-27 21:57:04.980816813 +0200 CEST m=+10088.471988137,0
2023-06-27 21:57:04.980828218 +0200 CEST m=+10088.471999542,0
2023-06-27 21:57:04.980841307 +0200 CEST m=+10088.472012633,0
2023-06-27 21:57:04.980888097 +0200 CEST m=+10088.472059421,0
2023-06-27 21:57:04.980902073 +0200 CEST m=+10088.472073397,0
2023-06-27 21:57:04.980914087 +0200 CEST m=+10088.472085410,0
2023-06-27 21:57:04.980949966 +0200 CEST m=+10088.472121291,0
2023-06-27 21:57:04.981155607 +0200 CEST m=+10088.472326936,0
2023-06-27 21:57:04.981329539 +0200 CEST m=+10088.472500863,0
2023-06-27 21:57:04.996739193 +0200 CEST m=+10088.487910514,0
2023-06-27 21:57:04.996751224 +0200 CEST m=+10088.487922545,0
2023-06-27 21:57:04.996757864 +0200 CEST m=+10088.487929185,0
2023-06-27 21:57:04.996764274 +0200 CEST m=+10088.487935596,0
2023-06-27 21:57:04.996777762 +0200 CEST m=+10088.487949092,0
2023-06-27 21:57:04.996787036 +0200 CEST m=+10088.487958358,0
2023-06-27 21:57:04.99679364 +0200 CEST m=+10088.487964962,0
2023-06-27 21:57:04.996801486 +0200 CEST m=+10088.487972808,0
2023-06-27 21:57:04.996809908 +0200 CEST m=+10088.487981231,0
2023-06-27 21:57:04.996817297 +0200 CEST m=+10088.487988618,0
2023-06-27 21:57:04.99682422 +0200 CEST m=+10088.487995542,0
2023-06-27 21:57:04.996830424 +0200 CEST m=+10088.488001744,0
2023-06-27 21:57:04.996836774 +0200 CEST m=+10088.488008096,0
2023-06-27 21:57:04.996911727 +0200 CEST m=+10088.488083048,0
2023-06-27 21:57:04.997119664 +0200 CEST m=+10088.488290986,0
2023-06-27 21:57:04.997303232 +0200 CEST m=+10088.488474562,0
2023-06-27 21:57:05.012658888 +0200 CEST m=+10088.503830208,0
2023-06-27 21:57:05.012665523 +0200 CEST m=+10088.503836844,0
2023-06-27 21:57:05.012696548 +0200 CEST m=+10088.503867881,0
2023-06-27 21:57:05.012726087 +0200 CEST m=+10088.503897412,0
2023-06-27 21:57:05.012741566 +0200 CEST m=+10088.503912890,0
2023-06-27 21:57:05.012752949 +0200 CEST m=+10088.503924273,0
2023-06-27 21:57:05.012765404 +0200 CEST m=+10088.503936734,0
2023-06-27 21:57:05.012777858 +0200 CEST m=+10088.503949179,0
2023-06-27 21:57:05.012787434 +0200 CEST m=+10088.503958753,0
2023-06-27 21:57:05.012799321 +0200 CEST m=+10088.503970642,0
2023-06-27 21:57:05.012811832 +0200 CEST m=+10088.503983153,0
2023-06-27 21:57:05.012822632 +0200 CEST m=+10088.503993954,0
2023-06-27 21:57:05.012835367 +0200 CEST m=+10088.504006688,0
2023-06-27 21:57:05.012860351 +0200 CEST m=+10088.504031677,0
2023-06-27 21:57:05.013039754 +0200 CEST m=+10088.504211079,0
2023-06-27 21:57:05.013207941 +0200 CEST m=+10088.504379261,0
2023-06-27 21:57:05.028755845 +0200 CEST m=+10088.519927165,0
2023-06-27 21:57:05.028762614 +0200 CEST m=+10088.519933934,0
2023-06-27 21:57:05.028773426 +0200 CEST m=+10088.519944747,0
2023-06-27 21:57:05.028779508 +0200 CEST m=+10088.519950829,0
2023-06-27 21:57:05.028786401 +0200 CEST m=+10088.519957722,0
2023-06-27 21:57:05.028792709 +0200 CEST m=+10088.519964029,0
2023-06-27 21:57:05.028799374 +0200 CEST m=+10088.519970695,0
2023-06-27 21:57:05.028805948 +0200 CEST m=+10088.519977269,0
2023-06-27 21:57:05.028812373 +0200 CEST m=+10088.519983694,0
2023-06-27 21:57:05.028818305 +0200 CEST m=+10088.519989625,0
2023-06-27 21:57:05.028824094 +0200 CEST m=+10088.519995414,0
2023-06-27 21:57:05.02883034 +0200 CEST m=+10088.520001660,0
2023-06-27 21:57:05.028836133 +0200 CEST m=+10088.520007453,0
2023-06-27 21:57:05.028991419 +0200 CEST m=+10088.520162743,0
2023-06-27 21:57:05.029120037 +0200 CEST m=+10088.520291367,0
2023-06-27 21:57:05.02925477 +0200 CEST m=+10088.520426090,0
2023-06-27 21:57:05.044735118 +0200 CEST m=+10088.535906449,0
2023-06-27 21:57:05.044746411 +0200 CEST m=+10088.535917743,0
2023-06-27 21:57:05.044821114 +0200 CEST m=+10088.535992466,0
2023-06-27 21:57:05.044854002 +0200 CEST m=+10088.536025345,0
2023-06-27 21:57:05.04487115 +0200 CEST m=+10088.536042481,0
2023-06-27 21:57:05.044883688 +0200 CEST m=+10088.536055022,0
2023-06-27 21:57:05.044895036 +0200 CEST m=+10088.536066370,0
2023-06-27 21:57:05.044906889 +0200 CEST m=+10088.536078221,0
2023-06-27 21:57:05.044918607 +0200 CEST m=+10088.536089938,0
2023-06-27 21:57:05.044930867 +0200 CEST m=+10088.536102197,0
2023-06-27 21:57:05.044944397 +0200 CEST m=+10088.536115729,0
2023-06-27 21:57:05.044957006 +0200 CEST m=+10088.536128338,0
2023-06-27 21:57:05.044976315 +0200 CEST m=+10088.536147648,0
2023-06-27 21:57:05.045036359 +0200 CEST m=+10088.536207692,0
2023-06-27 21:57:05.045300904 +0200 CEST m=+10088.536472243,0
2023-06-27 21:57:05.045633398 +0200 CEST m=+10088.536804738,0
2023-06-27 21:57:05.060857591 +0200 CEST m=+10088.552028915,0
2023-06-27 21:57:05.060877834 +0200 CEST m=+10088.552049162,0
2023-06-27 21:57:05.060896559 +0200 CEST m=+10088.552067887,0
2023-06-27 21:57:05.060916323 +0200 CEST m=+10088.552087656,0
2023-06-27 21:57:05.060937365 +0200 CEST m=+10088.552108696,0
2023-06-27 21:57:05.060956199 +0200 CEST m=+10088.552127526,0
2023-06-27 21:57:05.060978528 +0200 CEST m=+10088.552149856,0
2023-06-27 21:57:05.06099587 +0200 CEST m=+10088.552167198,0
2023-06-27 21:57:05.061023719 +0200 CEST m=+10088.552195047,0
2023-06-27 21:57:05.061042617 +0200 CEST m=+10088.552213946,0
2023-06-27 21:57:05.061065331 +0200 CEST m=+10088.552236659,0
2023-06-27 21:57:05.061081452 +0200 CEST m=+10088.552252780,0
2023-06-27 21:57:05.061102319 +0200 CEST m=+10088.552273646,0
2023-06-27 21:57:05.061209229 +0200 CEST m=+10088.552380556,0
2023-06-27 21:57:05.061380023 +0200 CEST m=+10088.552551345,0
2023-06-27 21:57:05.06163728 +0200 CEST m=+10088.552808605,0
2023-06-27 21:57:05.076719131 +0200 CEST m=+10088.567890451,0
2023-06-27 21:57:05.076725653 +0200 CEST m=+10088.567896972,0
2023-06-27 21:57:05.076742882 +0200 CEST m=+10088.567914202,0
2023-06-27 21:57:05.076752152 +0200 CEST m=+10088.567923472,0
2023-06-27 21:57:05.076758944 +0200 CEST m=+10088.567930264,0
2023-06-27 21:57:05.076765691 +0200 CEST m=+10088.567937012,0
2023-06-27 21:57:05.076771452 +0200 CEST m=+10088.567942773,0
2023-06-27 21:57:05.076777919 +0200 CEST m=+10088.567949239,0
2023-06-27 21:57:05.076787602 +0200 CEST m=+10088.567958921,0
2023-06-27 21:57:05.076793426 +0200 CEST m=+10088.567964746,0
2023-06-27 21:57:05.076800615 +0200 CEST m=+10088.567971936,0
2023-06-27 21:57:05.076808365 +0200 CEST m=+10088.567979685,0
2023-06-27 21:57:05.076814101 +0200 CEST m=+10088.567985420,0
2023-06-27 21:57:05.076987728 +0200 CEST m=+10088.568159051,0
2023-06-27 21:57:05.077130672 +0200 CEST m=+10088.568301996,0
2023-06-27 21:57:05.077241336 +0200 CEST m=+10088.568412665,0
2023-06-27 21:57:05.09272465 +0200 CEST m=+10088.583895970,0
2023-06-27 21:57:05.092739871 +0200 CEST m=+10088.583911192,0
2023-06-27 21:57:05.092746405 +0200 CEST m=+10088.583917725,0
2023-06-27 21:57:05.092754027 +0200 CEST m=+10088.583925348,0
2023-06-27 21:57:05.092759889 +0200 CEST m=+10088.583931208,0
2023-06-27 21:57:05.092767419 +0200 CEST m=+10088.583938738,0
2023-06-27 21:57:05.092773054 +0200 CEST m=+10088.583944374,0
2023-06-27 21:57:05.092778865 +0200 CEST m=+10088.583950185,0
2023-06-27 21:57:05.092784862 +0200 CEST m=+10088.583956182,0
2023-06-27 21:57:05.092791549 +0200 CEST m=+10088.583962869,0
2023-06-27 21:57:05.0927975 +0200 CEST m=+10088.583968821,0
2023-06-27 21:57:05.092804067 +0200 CEST m=+10088.583975387,0
2023-06-27 21:57:05.092809857 +0200 CEST m=+10088.583981178,0
2023-06-27 21:57:05.092958421 +0200 CEST m=+10088.584129744,0
2023-06-27 21:57:05.093153464 +0200 CEST m=+10088.584324789,0
2023-06-27 21:57:05.093297557 +0200 CEST m=+10088.584468878,0
2023-06-27 21:57:05.108724981 +0200 CEST m=+10088.599896301,0
2023-06-27 21:57:05.108731976 +0200 CEST m=+10088.599903295,0
2023-06-27 21:57:05.108738943 +0200 CEST m=+10088.599910263,0
2023-06-27 21:57:05.108747025 +0200 CEST m=+10088.599918346,0
2023-06-27 21:57:05.10875387 +0200 CEST m=+10088.599925189,0
2023-06-27 21:57:05.10876028 +0200 CEST m=+10088.599931600,0
2023-06-27 21:57:05.108767059 +0200 CEST m=+10088.599938379,0
2023-06-27 21:57:05.108772809 +0200 CEST m=+10088.599944129,0
2023-06-27 21:57:05.108778457 +0200 CEST m=+10088.599949776,0
2023-06-27 21:57:05.108785669 +0200 CEST m=+10088.599956989,0
2023-06-27 21:57:05.108791332 +0200 CEST m=+10088.599962651,0
2023-06-27 21:57:05.108797546 +0200 CEST m=+10088.599968866,0
2023-06-27 21:57:05.108804566 +0200 CEST m=+10088.599975886,0
2023-06-27 21:57:05.108928669 +0200 CEST m=+10088.600099989,0
2023-06-27 21:57:05.109169477 +0200 CEST m=+10088.600340809,0
2023-06-27 21:57:05.109320576 +0200 CEST m=+10088.600491900,0
2023-06-27 21:57:05.124716854 +0200 CEST m=+10088.615888192,0
2023-06-27 21:57:05.124764166 +0200 CEST m=+10088.615935493,0
2023-06-27 21:57:05.124778587 +0200 CEST m=+10088.615949914,0
2023-06-27 21:57:05.124787347 +0200 CEST m=+10088.615958674,0
2023-06-27 21:57:05.124796638 +0200 CEST m=+10088.615967964,0
2023-06-27 21:57:05.12480576 +0200 CEST m=+10088.615977087,0
2023-06-27 21:57:05.124815526 +0200 CEST m=+10088.615986853,0
2023-06-27 21:57:05.124825528 +0200 CEST m=+10088.615996855,0
2023-06-27 21:57:05.124835937 +0200 CEST m=+10088.616007263,0
2023-06-27 21:57:05.124844692 +0200 CEST m=+10088.616016019,0
2023-06-27 21:57:05.12485343 +0200 CEST m=+10088.616024756,0
2023-06-27 21:57:05.124863098 +0200 CEST m=+10088.616034425,0
2023-06-27 21:57:05.12487241 +0200 CEST m=+10088.616043736,0
2023-06-27 21:57:05.125000495 +0200 CEST m=+10088.616171827,0
2023-06-27 21:57:05.125270393 +0200 CEST m=+10088.616441732,0
2023-06-27 21:57:05.140853467 +0200 CEST m=+10088.632024792,0
2023-06-27 21:57:05.140893568 +0200 CEST m=+10088.632064892,0
2023-06-27 21:57:05.140912549 +0200 CEST m=+10088.632083874,0
2023-06-27 21:57:05.140928089 +0200 CEST m=+10088.632099414,0
2023-06-27 21:57:05.140952725 +0200 CEST m=+10088.632124050,0
2023-06-27 21:57:05.140974027 +0200 CEST m=+10088.632145352,0
2023-06-27 21:57:05.140993646 +0200 CEST m=+10088.632164971,0
2023-06-27 21:57:05.141019041 +0200 CEST m=+10088.632190365,0
2023-06-27 21:57:05.141037157 +0200 CEST m=+10088.632208489,0
2023-06-27 21:57:05.141055647 +0200 CEST m=+10088.632226971,0
2023-06-27 21:57:05.141075572 +0200 CEST m=+10088.632246898,0
2023-06-27 21:57:05.141096134 +0200 CEST m=+10088.632267458,0
2023-06-27 21:57:05.141112626 +0200 CEST m=+10088.632283951,0
2023-06-27 21:57:05.141221336 +0200 CEST m=+10088.632392662,0
2023-06-27 21:57:05.141477392 +0200 CEST m=+10088.632648722,0
2023-06-27 21:57:05.141820855 +0200 CEST m=+10088.632992188,0
2023-06-27 21:57:05.156690495 +0200 CEST m=+10088.647861815,0
2023-06-27 21:57:05.156704806 +0200 CEST m=+10088.647876131,0
2023-06-27 21:57:05.156767355 +0200 CEST m=+10088.647938676,0
2023-06-27 21:57:05.156780494 +0200 CEST m=+10088.647951816,0
2023-06-27 21:57:05.156791288 +0200 CEST m=+10088.647962609,0
2023-06-27 21:57:05.156806684 +0200 CEST m=+10088.647978005,0
2023-06-27 21:57:05.156812748 +0200 CEST m=+10088.647984068,0
2023-06-27 21:57:05.156818616 +0200 CEST m=+10088.647989937,0
2023-06-27 21:57:05.156824834 +0200 CEST m=+10088.647996154,0
2023-06-27 21:57:05.156831755 +0200 CEST m=+10088.648003076,0
2023-06-27 21:57:05.156845632 +0200 CEST m=+10088.648016953,0
2023-06-27 21:57:05.156873503 +0200 CEST m=+10088.648044829,0
2023-06-27 21:57:05.156884498 +0200 CEST m=+10088.648055827,0
2023-06-27 21:57:05.156896457 +0200 CEST m=+10088.648067778,0
2023-06-27 21:57:05.157016912 +0200 CEST m=+10088.648188232,0
2023-06-27 21:57:05.157165313 +0200 CEST m=+10088.648336638,0
2023-06-27 21:57:05.17273708 +0200 CEST m=+10088.663908412,0
2023-06-27 21:57:05.172765657 +0200 CEST m=+10088.663936989,0
2023-06-27 21:57:05.172780718 +0200 CEST m=+10088.663952049,0
2023-06-27 21:57:05.172795076 +0200 CEST m=+10088.663966408,0
2023-06-27 21:57:05.172814742 +0200 CEST m=+10088.663986078,0
2023-06-27 21:57:05.172830262 +0200 CEST m=+10088.664001595,0
2023-06-27 21:57:05.172843791 +0200 CEST m=+10088.664015121,0
2023-06-27 21:57:05.172858522 +0200 CEST m=+10088.664029855,0
2023-06-27 21:57:05.172874915 +0200 CEST m=+10088.664046253,0
2023-06-27 21:57:05.172893235 +0200 CEST m=+10088.664064566,0
2023-06-27 21:57:05.172908576 +0200 CEST m=+10088.664079904,0
2023-06-27 21:57:05.172922927 +0200 CEST m=+10088.664094286,0
2023-06-27 21:57:05.172937597 +0200 CEST m=+10088.664108929,0
2023-06-27 21:57:05.173015499 +0200 CEST m=+10088.664186830,0
2023-06-27 21:57:05.173231315 +0200 CEST m=+10088.664402638,0
2023-06-27 21:57:05.173546153 +0200 CEST m=+10088.664717481,0
2023-06-27 21:57:05.188720642 +0200 CEST m=+10088.679891971,0
2023-06-27 21:57:05.188733126 +0200 CEST m=+10088.679904456,0
2023-06-27 21:57:05.188757151 +0200 CEST m=+10088.679928480,0
2023-06-27 21:57:05.188772209 +0200 CEST m=+10088.679943538,0
2023-06-27 21:57:05.188784504 +0200 CEST m=+10088.679955833,0
2023-06-27 21:57:05.188799505 +0200 CEST m=+10088.679970834,0
2023-06-27 21:57:05.188813074 +0200 CEST m=+10088.679984405,0
2023-06-27 21:57:05.188833131 +0200 CEST m=+10088.680004460,0
2023-06-27 21:57:05.188847035 +0200 CEST m=+10088.680018363,0
2023-06-27 21:57:05.188860653 +0200 CEST m=+10088.680031982,0
2023-06-27 21:57:05.188875298 +0200 CEST m=+10088.680046628,0
2023-06-27 21:57:05.18888751 +0200 CEST m=+10088.680058840,0
2023-06-27 21:57:05.188899537 +0200 CEST m=+10088.680070867,0
2023-06-27 21:57:05.188963728 +0200 CEST m=+10088.680135048,0
2023-06-27 21:57:05.189121148 +0200 CEST m=+10088.680292473,0
2023-06-27 21:57:05.189286003 +0200 CEST m=+10088.680457328,0
2023-06-27 21:57:05.204743629 +0200 CEST m=+10088.695914953,0
2023-06-27 21:57:05.204755928 +0200 CEST m=+10088.695927255,0
2023-06-27 21:57:05.204768134 +0200 CEST m=+10088.695939462,0
2023-06-27 21:57:05.204778536 +0200 CEST m=+10088.695949864,0
2023-06-27 21:57:05.204790586 +0200 CEST m=+10088.695961918,0
2023-06-27 21:57:05.204802887 +0200 CEST m=+10088.695974213,0
2023-06-27 21:57:05.204815077 +0200 CEST m=+10088.695986402,0
2023-06-27 21:57:05.204827201 +0200 CEST m=+10088.695998533,0
2023-06-27 21:57:05.20483902 +0200 CEST m=+10088.696010346,0
2023-06-27 21:57:05.20485247 +0200 CEST m=+10088.696023795,0
2023-06-27 21:57:05.204862254 +0200 CEST m=+10088.696033581,0
2023-06-27 21:57:05.204874836 +0200 CEST m=+10088.696046164,0
2023-06-27 21:57:05.204888572 +0200 CEST m=+10088.696059901,0
2023-06-27 21:57:05.205254131 +0200 CEST m=+10088.696425451,0
2023-06-27 21:57:05.205411571 +0200 CEST m=+10088.696582895,0
2023-06-27 21:57:05.205711916 +0200 CEST m=+10088.696883251,0
2023-06-27 21:57:05.220718967 +0200 CEST m=+10088.711890292,0
2023-06-27 21:57:05.220749907 +0200 CEST m=+10088.711921233,0
2023-06-27 21:57:05.220768304 +0200 CEST m=+10088.711939635,0
2023-06-27 21:57:05.220786345 +0200 CEST m=+10088.711957677,0
2023-06-27 21:57:05.220805487 +0200 CEST m=+10088.711976819,0
2023-06-27 21:57:05.220823329 +0200 CEST m=+10088.711994659,0
2023-06-27 21:57:05.220839049 +0200 CEST m=+10088.712010374,0
2023-06-27 21:57:05.22085526 +0200 CEST m=+10088.712026596,0
2023-06-27 21:57:05.220875709 +0200 CEST m=+10088.712047040,0
2023-06-27 21:57:05.220892723 +0200 CEST m=+10088.712064053,0
2023-06-27 21:57:05.220913071 +0200 CEST m=+10088.712084402,0
2023-06-27 21:57:05.220927268 +0200 CEST m=+10088.712098595,0
2023-06-27 21:57:05.220939152 +0200 CEST m=+10088.712110483,0
2023-06-27 21:57:05.2209988 +0200 CEST m=+10088.712170133,0
2023-06-27 21:57:05.221230836 +0200 CEST m=+10088.712402164,0
2023-06-27 21:57:05.221423822 +0200 CEST m=+10088.712595148,0
2023-06-27 21:57:05.236688586 +0200 CEST m=+10088.727859917,0
2023-06-27 21:57:05.236700276 +0200 CEST m=+10088.727871609,0
2023-06-27 21:57:05.236711206 +0200 CEST m=+10088.727882538,0
2023-06-27 21:57:05.236766286 +0200 CEST m=+10088.727937618,0
2023-06-27 21:57:05.236786201 +0200 CEST m=+10088.727957535,0
2023-06-27 21:57:05.236801989 +0200 CEST m=+10088.727973322,0
2023-06-27 21:57:05.236816011 +0200 CEST m=+10088.727987346,0
2023-06-27 21:57:05.236830243 +0200 CEST m=+10088.728001576,0
2023-06-27 21:57:05.23685135 +0200 CEST m=+10088.728022682,0
2023-06-27 21:57:05.236864202 +0200 CEST m=+10088.728035535,0
2023-06-27 21:57:05.23687845 +0200 CEST m=+10088.728049782,0
2023-06-27 21:57:05.236891317 +0200 CEST m=+10088.728062649,0
2023-06-27 21:57:05.23690224 +0200 CEST m=+10088.728073573,0
2023-06-27 21:57:05.23697364 +0200 CEST m=+10088.728144989,0
2023-06-27 21:57:05.237409573 +0200 CEST m=+10088.728580914,0
2023-06-27 21:57:05.237640746 +0200 CEST m=+10088.728812078,0
2023-06-27 21:57:05.252782932 +0200 CEST m=+10088.743954263,0
2023-06-27 21:57:05.252801081 +0200 CEST m=+10088.743972411,0
2023-06-27 21:57:05.252825873 +0200 CEST m=+10088.743997201,0
2023-06-27 21:57:05.252842436 +0200 CEST m=+10088.744013761,0
2023-06-27 21:57:05.25285616 +0200 CEST m=+10088.744027486,0
2023-06-27 21:57:05.252869129 +0200 CEST m=+10088.744040455,0
2023-06-27 21:57:05.252883409 +0200 CEST m=+10088.744054736,0
2023-06-27 21:57:05.252896286 +0200 CEST m=+10088.744067611,0
2023-06-27 21:57:05.252913643 +0200 CEST m=+10088.744084969,0
2023-06-27 21:57:05.252930979 +0200 CEST m=+10088.744102304,0
2023-06-27 21:57:05.252944276 +0200 CEST m=+10088.744115601,0
2023-06-27 21:57:05.252953182 +0200 CEST m=+10088.744124507,0
2023-06-27 21:57:05.252961117 +0200 CEST m=+10088.744132442,0
2023-06-27 21:57:05.253035107 +0200 CEST m=+10088.744206437,0
2023-06-27 21:57:05.253270311 +0200 CEST m=+10088.744441642,0
2023-06-27 21:57:05.253482172 +0200 CEST m=+10088.744653497,0
2023-06-27 21:57:05.268761196 +0200 CEST m=+10088.759932525,0
2023-06-27 21:57:05.26877957 +0200 CEST m=+10088.759950899,0
2023-06-27 21:57:05.268814107 +0200 CEST m=+10088.759985443,0
2023-06-27 21:57:05.268835408 +0200 CEST m=+10088.760006738,0
2023-06-27 21:57:05.268855843 +0200 CEST m=+10088.760027167,0
2023-06-27 21:57:05.268872746 +0200 CEST m=+10088.760044068,0
2023-06-27 21:57:05.268891246 +0200 CEST m=+10088.760062575,0
2023-06-27 21:57:05.268909645 +0200 CEST m=+10088.760080974,0
2023-06-27 21:57:05.268924185 +0200 CEST m=+10088.760095514,0
2023-06-27 21:57:05.268940063 +0200 CEST m=+10088.760111392,0
2023-06-27 21:57:05.268959014 +0200 CEST m=+10088.760130337,0
2023-06-27 21:57:05.268971387 +0200 CEST m=+10088.760142712,0
2023-06-27 21:57:05.268987923 +0200 CEST m=+10088.760159246,0
2023-06-27 21:57:05.269085413 +0200 CEST m=+10088.760256743,0
2023-06-27 21:57:05.269311937 +0200 CEST m=+10088.760483260,0
2023-06-27 21:57:05.269660348 +0200 CEST m=+10088.760831676,0
2023-06-27 21:57:05.284709462 +0200 CEST m=+10088.775880784,0
2023-06-27 21:57:05.284762482 +0200 CEST m=+10088.775933803,0
2023-06-27 21:57:05.284772387 +0200 CEST m=+10088.775943708,0
2023-06-27 21:57:05.284780023 +0200 CEST m=+10088.775951344,0
2023-06-27 21:57:05.28478942 +0200 CEST m=+10088.775960740,0
2023-06-27 21:57:05.284795463 +0200 CEST m=+10088.775966784,0
2023-06-27 21:57:05.284802167 +0200 CEST m=+10088.775973489,0
2023-06-27 21:57:05.284808395 +0200 CEST m=+10088.775979717,0
2023-06-27 21:57:05.284814935 +0200 CEST m=+10088.775986257,0
2023-06-27 21:57:05.284821624 +0200 CEST m=+10088.775992944,0
2023-06-27 21:57:05.284828086 +0200 CEST m=+10088.775999406,0
2023-06-27 21:57:05.284834214 +0200 CEST m=+10088.776005536,0
2023-06-27 21:57:05.284841321 +0200 CEST m=+10088.776012642,0
2023-06-27 21:57:05.284865181 +0200 CEST m=+10088.776036506,0
2023-06-27 21:57:05.285016706 +0200 CEST m=+10088.776188031,0
2023-06-27 21:57:05.285217256 +0200 CEST m=+10088.776388584,0
2023-06-27 21:57:05.300718312 +0200 CEST m=+10088.791889635,0
2023-06-27 21:57:05.300730159 +0200 CEST m=+10088.791901482,0
2023-06-27 21:57:05.300742018 +0200 CEST m=+10088.791913341,0
2023-06-27 21:57:05.30075606 +0200 CEST m=+10088.791927384,0
2023-06-27 21:57:05.300767229 +0200 CEST m=+10088.791938551,0
2023-06-27 21:57:05.300784224 +0200 CEST m=+10088.791955549,0
2023-06-27 21:57:05.300797337 +0200 CEST m=+10088.791968662,0
2023-06-27 21:57:05.300815381 +0200 CEST m=+10088.791986704,0
2023-06-27 21:57:05.300830492 +0200 CEST m=+10088.792001819,0
2023-06-27 21:57:05.300846963 +0200 CEST m=+10088.792018286,0
2023-06-27 21:57:05.300861607 +0200 CEST m=+10088.792032934,0
2023-06-27 21:57:05.300876888 +0200 CEST m=+10088.792048212,0
2023-06-27 21:57:05.300889668 +0200 CEST m=+10088.792060991,0
2023-06-27 21:57:05.300943691 +0200 CEST m=+10088.792115016,0
2023-06-27 21:57:05.301104677 +0200 CEST m=+10088.792276012,0
2023-06-27 21:57:05.301258376 +0200 CEST m=+10088.792429700,0
2023-06-27 21:57:05.316747647 +0200 CEST m=+10088.807918989,0
2023-06-27 21:57:05.316782067 +0200 CEST m=+10088.807953414,0
2023-06-27 21:57:05.316809925 +0200 CEST m=+10088.807981269,0
2023-06-27 21:57:05.31683568 +0200 CEST m=+10088.808007022,0
2023-06-27 21:57:05.316864422 +0200 CEST m=+10088.808035766,0
2023-06-27 21:57:05.31690867 +0200 CEST m=+10088.808080005,0
2023-06-27 21:57:05.316934688 +0200 CEST m=+10088.808106026,0
2023-06-27 21:57:05.316957108 +0200 CEST m=+10088.808128448,0
2023-06-27 21:57:05.316979501 +0200 CEST m=+10088.808150836,0
2023-06-27 21:57:05.317006125 +0200 CEST m=+10088.808177461,0
2023-06-27 21:57:05.317035463 +0200 CEST m=+10088.808206804,0
2023-06-27 21:57:05.317061868 +0200 CEST m=+10088.808233213,0
2023-06-27 21:57:05.317091465 +0200 CEST m=+10088.808262807,0
2023-06-27 21:57:05.317118381 +0200 CEST m=+10088.808289719,0
2023-06-27 21:57:05.317374091 +0200 CEST m=+10088.808545430,0
2023-06-27 21:57:05.317737949 +0200 CEST m=+10088.808909284,0
2023-06-27 21:57:05.332713543 +0200 CEST m=+10088.823884866,0
2023-06-27 21:57:05.332723435 +0200 CEST m=+10088.823894757,0
2023-06-27 21:57:05.332733483 +0200 CEST m=+10088.823904805,0
2023-06-27 21:57:05.33274187 +0200 CEST m=+10088.823913193,0
2023-06-27 21:57:05.332748674 +0200 CEST m=+10088.823919997,0
2023-06-27 21:57:05.332914957 +0200 CEST m=+10088.824086280,0
2023-06-27 21:57:05.332932131 +0200 CEST m=+10088.824103453,0
2023-06-27 21:57:05.332946195 +0200 CEST m=+10088.824117518,0
2023-06-27 21:57:05.332954927 +0200 CEST m=+10088.824126250,0
2023-06-27 21:57:05.332964295 +0200 CEST m=+10088.824135619,0
2023-06-27 21:57:05.332972151 +0200 CEST m=+10088.824143475,0
2023-06-27 21:57:05.332978935 +0200 CEST m=+10088.824150259,0
2023-06-27 21:57:05.332986561 +0200 CEST m=+10088.824157883,0
2023-06-27 21:57:05.333000709 +0200 CEST m=+10088.824172032,0
2023-06-27 21:57:05.333186426 +0200 CEST m=+10088.824357747,0
2023-06-27 21:57:05.348708899 +0200 CEST m=+10088.839880225,0
2023-06-27 21:57:05.348793426 +0200 CEST m=+10088.839964752,0
2023-06-27 21:57:05.348807845 +0200 CEST m=+10088.839979169,0
2023-06-27 21:57:05.348825791 +0200 CEST m=+10088.839997115,0
2023-06-27 21:57:05.348839675 +0200 CEST m=+10088.840011000,0
2023-06-27 21:57:05.348854063 +0200 CEST m=+10088.840025387,0
2023-06-27 21:57:05.348867674 +0200 CEST m=+10088.840038999,0
2023-06-27 21:57:05.348882306 +0200 CEST m=+10088.840053634,0
2023-06-27 21:57:05.348901935 +0200 CEST m=+10088.840073265,0
2023-06-27 21:57:05.348917339 +0200 CEST m=+10088.840088662,0
2023-06-27 21:57:05.34893156 +0200 CEST m=+10088.840102884,0
2023-06-27 21:57:05.348946254 +0200 CEST m=+10088.840117576,0
2023-06-27 21:57:05.348954347 +0200 CEST m=+10088.840125669,0
2023-06-27 21:57:05.348961702 +0200 CEST m=+10088.840133024,0
2023-06-27 21:57:05.349102299 +0200 CEST m=+10088.840273623,0
2023-06-27 21:57:05.349228128 +0200 CEST m=+10088.840399450,0
2023-06-27 21:57:05.364784321 +0200 CEST m=+10088.855955701,0
2023-06-27 21:57:05.365010498 +0200 CEST m=+10088.856181873,0
2023-06-27 21:57:05.365072837 +0200 CEST m=+10088.856244209,0
2023-06-27 21:57:05.365131914 +0200 CEST m=+10088.856303294,0
2023-06-27 21:57:05.365206057 +0200 CEST m=+10088.856377435,0
2023-06-27 21:57:05.365266128 +0200 CEST m=+10088.856437496,0
2023-06-27 21:57:05.36532251 +0200 CEST m=+10088.856493889,0
2023-06-27 21:57:05.365393141 +0200 CEST m=+10088.856564524,0
2023-06-27 21:57:05.36547809 +0200 CEST m=+10088.856649416,0
2023-06-27 21:57:05.36550744 +0200 CEST m=+10088.856678766,0
2023-06-27 21:57:05.3655386 +0200 CEST m=+10088.856709927,0
2023-06-27 21:57:05.365555698 +0200 CEST m=+10088.856727028,0
2023-06-27 21:57:05.365572399 +0200 CEST m=+10088.856743730,0
2023-06-27 21:57:05.365590005 +0200 CEST m=+10088.856761333,0
2023-06-27 21:57:05.365727107 +0200 CEST m=+10088.856898434,0
2023-06-27 21:57:05.366072932 +0200 CEST m=+10088.857244258,0
2023-06-27 21:57:05.380732651 +0200 CEST m=+10088.871903978,0
2023-06-27 21:57:05.380745961 +0200 CEST m=+10088.871917284,0
2023-06-27 21:57:05.380763939 +0200 CEST m=+10088.871935267,0
2023-06-27 21:57:05.38077878 +0200 CEST m=+10088.871950104,0
2023-06-27 21:57:05.380791712 +0200 CEST m=+10088.871963036,0
2023-06-27 21:57:05.380806151 +0200 CEST m=+10088.871977487,0
2023-06-27 21:57:05.380824119 +0200 CEST m=+10088.871995447,0
2023-06-27 21:57:05.380838232 +0200 CEST m=+10088.872009556,0
2023-06-27 21:57:05.380852972 +0200 CEST m=+10088.872024298,0
2023-06-27 21:57:05.380866839 +0200 CEST m=+10088.872038165,0
2023-06-27 21:57:05.380882901 +0200 CEST m=+10088.872054230,0
2023-06-27 21:57:05.380937349 +0200 CEST m=+10088.872108682,0
2023-06-27 21:57:05.380953894 +0200 CEST m=+10088.872125219,0
2023-06-27 21:57:05.381008275 +0200 CEST m=+10088.872179599,0
2023-06-27 21:57:05.381217852 +0200 CEST m=+10088.872389182,0
2023-06-27 21:57:05.38143994 +0200 CEST m=+10088.872611269,0
2023-06-27 21:57:05.396726503 +0200 CEST m=+10088.887897828,0
2023-06-27 21:57:05.39674671 +0200 CEST m=+10088.887918034,0
2023-06-27 21:57:05.396805908 +0200 CEST m=+10088.887977232,0
2023-06-27 21:57:05.396834435 +0200 CEST m=+10088.888005759,0
2023-06-27 21:57:05.396853602 +0200 CEST m=+10088.888024921,0
2023-06-27 21:57:05.396860792 +0200 CEST m=+10088.888032123,0
2023-06-27 21:57:05.396874756 +0200 CEST m=+10088.888046080,0
2023-06-27 21:57:05.396886673 +0200 CEST m=+10088.888057998,0
2023-06-27 21:57:05.396897957 +0200 CEST m=+10088.888069281,0
2023-06-27 21:57:05.396911065 +0200 CEST m=+10088.888082389,0
2023-06-27 21:57:05.396924079 +0200 CEST m=+10088.888095404,0
2023-06-27 21:57:05.396939058 +0200 CEST m=+10088.888110378,0
2023-06-27 21:57:05.396952566 +0200 CEST m=+10088.888123890,0
2023-06-27 21:57:05.397033134 +0200 CEST m=+10088.888204455,0
2023-06-27 21:57:05.397206175 +0200 CEST m=+10088.888377507,0
2023-06-27 21:57:05.397408219 +0200 CEST m=+10088.888579539,0
2023-06-27 21:57:05.412736719 +0200 CEST m=+10088.903908051,0
2023-06-27 21:57:05.412757496 +0200 CEST m=+10088.903928830,0
2023-06-27 21:57:05.412771934 +0200 CEST m=+10088.903943263,0
2023-06-27 21:57:05.412791779 +0200 CEST m=+10088.903963106,0
2023-06-27 21:57:05.412803296 +0200 CEST m=+10088.903974624,0
2023-06-27 21:57:05.412817202 +0200 CEST m=+10088.903988530,0
2023-06-27 21:57:05.412831383 +0200 CEST m=+10088.904002721,0
2023-06-27 21:57:05.412852237 +0200 CEST m=+10088.904023570,0
2023-06-27 21:57:05.412873444 +0200 CEST m=+10088.904044775,0
2023-06-27 21:57:05.412893256 +0200 CEST m=+10088.904064587,0
2023-06-27 21:57:05.412907611 +0200 CEST m=+10088.904078945,0
2023-06-27 21:57:05.412924008 +0200 CEST m=+10088.904095335,0
2023-06-27 21:57:05.412937584 +0200 CEST m=+10088.904108911,0
2023-06-27 21:57:05.41303294 +0200 CEST m=+10088.904204268,0
2023-06-27 21:57:05.413298242 +0200 CEST m=+10088.904469578,0
2023-06-27 21:57:05.413471755 +0200 CEST m=+10088.904643077,0
2023-06-27 21:57:05.428839161 +0200 CEST m=+10088.920010482,0
2023-06-27 21:57:05.428845689 +0200 CEST m=+10088.920017010,0
2023-06-27 21:57:05.428853691 +0200 CEST m=+10088.920025011,0
2023-06-27 21:57:05.428861014 +0200 CEST m=+10088.920032334,0
2023-06-27 21:57:05.428866561 +0200 CEST m=+10088.920037880,0
2023-06-27 21:57:05.428872216 +0200 CEST m=+10088.920043536,0
2023-06-27 21:57:05.428878179 +0200 CEST m=+10088.920049500,0
2023-06-27 21:57:05.428884105 +0200 CEST m=+10088.920055425,0
2023-06-27 21:57:05.4288904 +0200 CEST m=+10088.920061720,0
2023-06-27 21:57:05.428896692 +0200 CEST m=+10088.920068012,0
2023-06-27 21:57:05.428902357 +0200 CEST m=+10088.920073677,0
2023-06-27 21:57:05.428909065 +0200 CEST m=+10088.920080385,0
2023-06-27 21:57:05.428915023 +0200 CEST m=+10088.920086343,0
2023-06-27 21:57:05.429031216 +0200 CEST m=+10088.920202537,0
2023-06-27 21:57:05.429221088 +0200 CEST m=+10088.920392413,0
2023-06-27 21:57:05.429383848 +0200 CEST m=+10088.920555172,0
2023-06-27 21:57:05.444781245 +0200 CEST m=+10088.935952566,0
2023-06-27 21:57:05.444798878 +0200 CEST m=+10088.935970199,0
2023-06-27 21:57:05.44481135 +0200 CEST m=+10088.935982670,0
2023-06-27 21:57:05.444826818 +0200 CEST m=+10088.935998138,0
2023-06-27 21:57:05.444838515 +0200 CEST m=+10088.936009837,0
2023-06-27 21:57:05.444849624 +0200 CEST m=+10088.936020946,0
2023-06-27 21:57:05.44486129 +0200 CEST m=+10088.936032611,0
2023-06-27 21:57:05.444874391 +0200 CEST m=+10088.936045712,0
2023-06-27 21:57:05.444887151 +0200 CEST m=+10088.936058475,0
2023-06-27 21:57:05.444897287 +0200 CEST m=+10088.936068609,0
2023-06-27 21:57:05.444909466 +0200 CEST m=+10088.936080793,0
2023-06-27 21:57:05.4449219 +0200 CEST m=+10088.936093222,0
2023-06-27 21:57:05.444932508 +0200 CEST m=+10088.936103832,0
2023-06-27 21:57:05.445025138 +0200 CEST m=+10088.936196459,0
2023-06-27 21:57:05.44517147 +0200 CEST m=+10088.936342791,0
2023-06-27 21:57:05.44529545 +0200 CEST m=+10088.936466770,0
2023-06-27 21:57:05.46075192 +0200 CEST m=+10088.951923271,0
2023-06-27 21:57:05.46077663 +0200 CEST m=+10088.951947977,0
2023-06-27 21:57:05.460798703 +0200 CEST m=+10088.951970056,0
2023-06-27 21:57:05.460822268 +0200 CEST m=+10088.951993615,0
2023-06-27 21:57:05.460847826 +0200 CEST m=+10088.952019174,0
2023-06-27 21:57:05.460870347 +0200 CEST m=+10088.952041695,0
2023-06-27 21:57:05.460893706 +0200 CEST m=+10088.952065050,0
2023-06-27 21:57:05.460915962 +0200 CEST m=+10088.952087307,0
2023-06-27 21:57:05.460939632 +0200 CEST m=+10088.952110982,0
2023-06-27 21:57:05.460966097 +0200 CEST m=+10088.952137446,0
2023-06-27 21:57:05.460991668 +0200 CEST m=+10088.952163016,0
2023-06-27 21:57:05.461017818 +0200 CEST m=+10088.952189166,0
2023-06-27 21:57:05.46104191 +0200 CEST m=+10088.952213261,0
2023-06-27 21:57:05.461072582 +0200 CEST m=+10088.952243930,0
2023-06-27 21:57:05.461444238 +0200 CEST m=+10088.952615572,0
2023-06-27 21:57:05.461821857 +0200 CEST m=+10088.952993205,0
2023-06-27 21:57:05.476728604 +0200 CEST m=+10088.967899929,0
2023-06-27 21:57:05.476736905 +0200 CEST m=+10088.967908230,0
2023-06-27 21:57:05.476750533 +0200 CEST m=+10088.967921858,0
2023-06-27 21:57:05.476758718 +0200 CEST m=+10088.967930043,0
2023-06-27 21:57:05.47676742 +0200 CEST m=+10088.967938744,0
2023-06-27 21:57:05.476775986 +0200 CEST m=+10088.967947310,0
2023-06-27 21:57:05.476784859 +0200 CEST m=+10088.967956185,0
2023-06-27 21:57:05.476792922 +0200 CEST m=+10088.967964247,0
2023-06-27 21:57:05.476802897 +0200 CEST m=+10088.967974222,0
2023-06-27 21:57:05.476815107 +0200 CEST m=+10088.967986432,0
2023-06-27 21:57:05.47682364 +0200 CEST m=+10088.967994965,0
2023-06-27 21:57:05.476831346 +0200 CEST m=+10088.968002670,0
2023-06-27 21:57:05.476841961 +0200 CEST m=+10088.968013286,0
2023-06-27 21:57:05.477024649 +0200 CEST m=+10088.968195974,0
2023-06-27 21:57:05.477263962 +0200 CEST m=+10088.968435292,0
2023-06-27 21:57:05.477442907 +0200 CEST m=+10088.968614231,0
2023-06-27 21:57:05.492662743 +0200 CEST m=+10088.983834064,0
2023-06-27 21:57:05.492669074 +0200 CEST m=+10088.983840394,0
2023-06-27 21:57:05.492775714 +0200 CEST m=+10088.983947039,0
2023-06-27 21:57:05.492794514 +0200 CEST m=+10088.983965842,0
2023-06-27 21:57:05.49280256 +0200 CEST m=+10088.983973881,0
2023-06-27 21:57:05.492808741 +0200 CEST m=+10088.983980063,0
2023-06-27 21:57:05.492815501 +0200 CEST m=+10088.983986822,0
2023-06-27 21:57:05.492822396 +0200 CEST m=+10088.983993717,0
2023-06-27 21:57:05.492830259 +0200 CEST m=+10088.984001580,0
2023-06-27 21:57:05.492837719 +0200 CEST m=+10088.984009040,0
2023-06-27 21:57:05.492844842 +0200 CEST m=+10088.984016163,0
2023-06-27 21:57:05.492851462 +0200 CEST m=+10088.984022784,0
2023-06-27 21:57:05.4928579 +0200 CEST m=+10088.984029220,0
2023-06-27 21:57:05.492864812 +0200 CEST m=+10088.984036132,0
2023-06-27 21:57:05.49300009 +0200 CEST m=+10088.984171420,0
2023-06-27 21:57:05.49310411 +0200 CEST m=+10088.984275431,0
2023-06-27 21:57:05.508690907 +0200 CEST m=+10088.999862231,0
2023-06-27 21:57:05.508704579 +0200 CEST m=+10088.999875901,0
2023-06-27 21:57:05.508716463 +0200 CEST m=+10088.999887789,0
2023-06-27 21:57:05.508728382 +0200 CEST m=+10088.999899706,0
2023-06-27 21:57:05.508740651 +0200 CEST m=+10088.999911978,0
2023-06-27 21:57:05.50875266 +0200 CEST m=+10088.999923984,0
2023-06-27 21:57:05.508766869 +0200 CEST m=+10088.999938199,0
2023-06-27 21:57:05.50877968 +0200 CEST m=+10088.999951003,0
2023-06-27 21:57:05.508792432 +0200 CEST m=+10088.999963755,0
2023-06-27 21:57:05.508805037 +0200 CEST m=+10088.999976359,0
2023-06-27 21:57:05.508817436 +0200 CEST m=+10088.999988759,0
2023-06-27 21:57:05.508830097 +0200 CEST m=+10089.000001419,0
2023-06-27 21:57:05.508844355 +0200 CEST m=+10089.000015679,0
2023-06-27 21:57:05.508908722 +0200 CEST m=+10089.000080057,0
2023-06-27 21:57:05.509096274 +0200 CEST m=+10089.000267599,0
2023-06-27 21:57:05.509235619 +0200 CEST m=+10089.000406940,0
2023-06-27 21:57:05.524783688 +0200 CEST m=+10089.015955012,0
2023-06-27 21:57:05.524806299 +0200 CEST m=+10089.015977621,0
2023-06-27 21:57:05.524814388 +0200 CEST m=+10089.015985711,0
2023-06-27 21:57:05.52482716 +0200 CEST m=+10089.015998482,0
2023-06-27 21:57:05.524834567 +0200 CEST m=+10089.016005890,0
2023-06-27 21:57:05.524841696 +0200 CEST m=+10089.016013018,0
2023-06-27 21:57:05.524852782 +0200 CEST m=+10089.016024104,0
2023-06-27 21:57:05.524860419 +0200 CEST m=+10089.016031742,0
2023-06-27 21:57:05.524870611 +0200 CEST m=+10089.016041935,0
2023-06-27 21:57:05.524877564 +0200 CEST m=+10089.016048887,0
2023-06-27 21:57:05.524887009 +0200 CEST m=+10089.016058331,0
2023-06-27 21:57:05.524894964 +0200 CEST m=+10089.016066288,0
2023-06-27 21:57:05.524907165 +0200 CEST m=+10089.016078489,0
2023-06-27 21:57:05.525041561 +0200 CEST m=+10089.016212885,0
2023-06-27 21:57:05.525252694 +0200 CEST m=+10089.016424019,0
2023-06-27 21:57:05.525420885 +0200 CEST m=+10089.016592208,0
2023-06-27 21:57:05.540706328 +0200 CEST m=+10089.031877652,0
2023-06-27 21:57:05.540719324 +0200 CEST m=+10089.031890650,0
2023-06-27 21:57:05.540732022 +0200 CEST m=+10089.031903348,0
2023-06-27 21:57:05.54075203 +0200 CEST m=+10089.031923359,0
2023-06-27 21:57:05.540764788 +0200 CEST m=+10089.031936113,0
2023-06-27 21:57:05.540803395 +0200 CEST m=+10089.031974723,0
2023-06-27 21:57:05.540815363 +0200 CEST m=+10089.031986685,0
2023-06-27 21:57:05.54082645 +0200 CEST m=+10089.031997771,0
2023-06-27 21:57:05.540848387 +0200 CEST m=+10089.032019711,0
2023-06-27 21:57:05.540874619 +0200 CEST m=+10089.032045947,0
2023-06-27 21:57:05.540891106 +0200 CEST m=+10089.032062428,0
2023-06-27 21:57:05.540904882 +0200 CEST m=+10089.032076204,0
2023-06-27 21:57:05.540916903 +0200 CEST m=+10089.032088224,0
2023-06-27 21:57:05.540974551 +0200 CEST m=+10089.032145879,0
2023-06-27 21:57:05.541095661 +0200 CEST m=+10089.032266985,0
2023-06-27 21:57:05.556705033 +0200 CEST m=+10089.047876358,0
2023-06-27 21:57:05.556716374 +0200 CEST m=+10089.047887700,0
2023-06-27 21:57:05.556725121 +0200 CEST m=+10089.047896447,0
2023-06-27 21:57:05.556734221 +0200 CEST m=+10089.047905548,0
2023-06-27 21:57:05.556742728 +0200 CEST m=+10089.047914053,0
2023-06-27 21:57:05.556753053 +0200 CEST m=+10089.047924379,0
2023-06-27 21:57:05.556762567 +0200 CEST m=+10089.047933893,0
2023-06-27 21:57:05.556771824 +0200 CEST m=+10089.047943149,0
2023-06-27 21:57:05.55678345 +0200 CEST m=+10089.047954775,0
2023-06-27 21:57:05.556792288 +0200 CEST m=+10089.047963614,0
2023-06-27 21:57:05.556801155 +0200 CEST m=+10089.047972482,0
2023-06-27 21:57:05.55681026 +0200 CEST m=+10089.047981586,0
2023-06-27 21:57:05.556819582 +0200 CEST m=+10089.047990908,0
2023-06-27 21:57:05.556916186 +0200 CEST m=+10089.048087512,0
2023-06-27 21:57:05.557194834 +0200 CEST m=+10089.048366160,0
2023-06-27 21:57:05.557463145 +0200 CEST m=+10089.048634477,0
2023-06-27 21:57:05.572726788 +0200 CEST m=+10089.063898110,0
2023-06-27 21:57:05.57273844 +0200 CEST m=+10089.063909763,0
2023-06-27 21:57:05.57274492 +0200 CEST m=+10089.063916242,0
2023-06-27 21:57:05.572751127 +0200 CEST m=+10089.063922449,0
2023-06-27 21:57:05.572758901 +0200 CEST m=+10089.063930222,0
2023-06-27 21:57:05.572772981 +0200 CEST m=+10089.063944304,0
2023-06-27 21:57:05.57278894 +0200 CEST m=+10089.063960261,0
2023-06-27 21:57:05.572797586 +0200 CEST m=+10089.063968908,0
2023-06-27 21:57:05.572803847 +0200 CEST m=+10089.063975169,0
2023-06-27 21:57:05.572810217 +0200 CEST m=+10089.063981538,0
2023-06-27 21:57:05.572818977 +0200 CEST m=+10089.063990299,0
2023-06-27 21:57:05.572825325 +0200 CEST m=+10089.063996646,0
2023-06-27 21:57:05.572832147 +0200 CEST m=+10089.064003470,0
2023-06-27 21:57:05.572937012 +0200 CEST m=+10089.064108345,0
2023-06-27 21:57:05.573118795 +0200 CEST m=+10089.064290117,0
2023-06-27 21:57:05.573223207 +0200 CEST m=+10089.064394529,0
2023-06-27 21:57:05.588740034 +0200 CEST m=+10089.079911378,0
2023-06-27 21:57:05.588866262 +0200 CEST m=+10089.080037607,0
2023-06-27 21:57:05.588894077 +0200 CEST m=+10089.080065422,0
2023-06-27 21:57:05.588919004 +0200 CEST m=+10089.080090369,0
2023-06-27 21:57:05.588948756 +0200 CEST m=+10089.080120099,0
2023-06-27 21:57:05.588979252 +0200 CEST m=+10089.080150596,0
2023-06-27 21:57:05.589012829 +0200 CEST m=+10089.080184171,0
2023-06-27 21:57:05.589039993 +0200 CEST m=+10089.080211337,0
2023-06-27 21:57:05.589068806 +0200 CEST m=+10089.080240143,0
2023-06-27 21:57:05.589093521 +0200 CEST m=+10089.080264861,0
2023-06-27 21:57:05.589116495 +0200 CEST m=+10089.080287836,0
2023-06-27 21:57:05.589140552 +0200 CEST m=+10089.080311895,0
2023-06-27 21:57:05.589173881 +0200 CEST m=+10089.080345238,0
2023-06-27 21:57:05.589201292 +0200 CEST m=+10089.080372635,0
2023-06-27 21:57:05.589334686 +0200 CEST m=+10089.080506022,0
2023-06-27 21:57:05.589720624 +0200 CEST m=+10089.080891976,0
2023-06-27 21:57:05.604734745 +0200 CEST m=+10089.095906072,0
2023-06-27 21:57:05.604749086 +0200 CEST m=+10089.095920412,0
2023-06-27 21:57:05.604758136 +0200 CEST m=+10089.095929462,0
2023-06-27 21:57:05.604767756 +0200 CEST m=+10089.095939083,0
2023-06-27 21:57:05.604782207 +0200 CEST m=+10089.095953535,0
2023-06-27 21:57:05.604790913 +0200 CEST m=+10089.095962240,0
2023-06-27 21:57:05.604800962 +0200 CEST m=+10089.095972288,0
2023-06-27 21:57:05.604809727 +0200 CEST m=+10089.095981052,0
2023-06-27 21:57:05.604819254 +0200 CEST m=+10089.095990582,0
2023-06-27 21:57:05.604849402 +0200 CEST m=+10089.096020729,0
2023-06-27 21:57:05.604862959 +0200 CEST m=+10089.096034286,0
2023-06-27 21:57:05.604871755 +0200 CEST m=+10089.096043082,0
2023-06-27 21:57:05.604881167 +0200 CEST m=+10089.096052494,0
2023-06-27 21:57:05.60524612 +0200 CEST m=+10089.096417453,0
2023-06-27 21:57:05.605515462 +0200 CEST m=+10089.096686795,0
2023-06-27 21:57:05.605728956 +0200 CEST m=+10089.096900289,0
2023-06-27 21:57:05.620722242 +0200 CEST m=+10089.111893567,0
2023-06-27 21:57:05.620733975 +0200 CEST m=+10089.111905301,0
2023-06-27 21:57:05.620743173 +0200 CEST m=+10089.111914498,0
2023-06-27 21:57:05.620754983 +0200 CEST m=+10089.111926308,0
2023-06-27 21:57:05.620763836 +0200 CEST m=+10089.111935161,0
2023-06-27 21:57:05.62077288 +0200 CEST m=+10089.111944206,0
2023-06-27 21:57:05.620780691 +0200 CEST m=+10089.111952016,0
2023-06-27 21:57:05.620790687 +0200 CEST m=+10089.111962013,0
2023-06-27 21:57:05.620799212 +0200 CEST m=+10089.111970536,0
2023-06-27 21:57:05.620807169 +0200 CEST m=+10089.111978494,0
2023-06-27 21:57:05.620815747 +0200 CEST m=+10089.111987071,0
2023-06-27 21:57:05.620825449 +0200 CEST m=+10089.111996775,0
2023-06-27 21:57:05.62083383 +0200 CEST m=+10089.112005154,0
2023-06-27 21:57:05.621035363 +0200 CEST m=+10089.112206694,0
2023-06-27 21:57:05.621268264 +0200 CEST m=+10089.112439590,0
2023-06-27 21:57:05.621423252 +0200 CEST m=+10089.112594578,0
2023-06-27 21:57:05.636767813 +0200 CEST m=+10089.127939146,0
2023-06-27 21:57:05.636815528 +0200 CEST m=+10089.127986854,0
2023-06-27 21:57:05.636834051 +0200 CEST m=+10089.128005379,0
2023-06-27 21:57:05.636859066 +0200 CEST m=+10089.128030392,0
2023-06-27 21:57:05.636876215 +0200 CEST m=+10089.128047545,0
2023-06-27 21:57:05.63690271 +0200 CEST m=+10089.128074040,0
2023-06-27 21:57:05.636922673 +0200 CEST m=+10089.128094003,0
2023-06-27 21:57:05.63695203 +0200 CEST m=+10089.128123359,0
2023-06-27 21:57:05.636965364 +0200 CEST m=+10089.128136695,0
2023-06-27 21:57:05.636978497 +0200 CEST m=+10089.128149828,0
2023-06-27 21:57:05.636993774 +0200 CEST m=+10089.128165104,0
2023-06-27 21:57:05.637007139 +0200 CEST m=+10089.128178470,0
2023-06-27 21:57:05.637020389 +0200 CEST m=+10089.128191721,0
2023-06-27 21:57:05.637036331 +0200 CEST m=+10089.128207663,0
2023-06-27 21:57:05.637258974 +0200 CEST m=+10089.128430301,0
2023-06-27 21:57:05.637539399 +0200 CEST m=+10089.128710719,0
2023-06-27 21:57:05.652738247 +0200 CEST m=+10089.143909587,0
2023-06-27 21:57:05.652768082 +0200 CEST m=+10089.143939423,0
2023-06-27 21:57:05.652789417 +0200 CEST m=+10089.143960749,0
2023-06-27 21:57:05.652809992 +0200 CEST m=+10089.143981324,0
2023-06-27 21:57:05.652830072 +0200 CEST m=+10089.144001413,0
2023-06-27 21:57:05.652851856 +0200 CEST m=+10089.144023187,0
2023-06-27 21:57:05.652874481 +0200 CEST m=+10089.144045812,0
2023-06-27 21:57:05.652895604 +0200 CEST m=+10089.144066940,0
2023-06-27 21:57:05.652919545 +0200 CEST m=+10089.144090876,0
2023-06-27 21:57:05.652942121 +0200 CEST m=+10089.144113454,0
2023-06-27 21:57:05.652962596 +0200 CEST m=+10089.144133929,0
2023-06-27 21:57:05.653018452 +0200 CEST m=+10089.144189787,0
2023-06-27 21:57:05.653039407 +0200 CEST m=+10089.144210742,0
2023-06-27 21:57:05.653059459 +0200 CEST m=+10089.144230791,0
2023-06-27 21:57:05.653429778 +0200 CEST m=+10089.144601113,0
2023-06-27 21:57:05.653746695 +0200 CEST m=+10089.144918036,0
2023-06-27 21:57:05.668718981 +0200 CEST m=+10089.159890305,0
2023-06-27 21:57:05.668736249 +0200 CEST m=+10089.159907576,0
2023-06-27 21:57:05.668750389 +0200 CEST m=+10089.159921716,0
2023-06-27 21:57:05.668774894 +0200 CEST m=+10089.159946220,0
2023-06-27 21:57:05.668788391 +0200 CEST m=+10089.159959717,0
2023-06-27 21:57:05.668805597 +0200 CEST m=+10089.159976920,0
2023-06-27 21:57:05.668820175 +0200 CEST m=+10089.159991501,0
2023-06-27 21:57:05.668836356 +0200 CEST m=+10089.160007683,0
2023-06-27 21:57:05.668850952 +0200 CEST m=+10089.160022278,0
2023-06-27 21:57:05.668867787 +0200 CEST m=+10089.160039111,0
2023-06-27 21:57:05.66888278 +0200 CEST m=+10089.160054106,0
2023-06-27 21:57:05.668899997 +0200 CEST m=+10089.160071324,0
2023-06-27 21:57:05.668919719 +0200 CEST m=+10089.160091046,0
2023-06-27 21:57:05.669008511 +0200 CEST m=+10089.160179837,0
2023-06-27 21:57:05.669302812 +0200 CEST m=+10089.160474147,0
2023-06-27 21:57:05.669548287 +0200 CEST m=+10089.160719616,0
2023-06-27 21:57:05.684775097 +0200 CEST m=+10089.175946421,0
2023-06-27 21:57:05.684795255 +0200 CEST m=+10089.175966580,0
2023-06-27 21:57:05.684807057 +0200 CEST m=+10089.175978382,0
2023-06-27 21:57:05.684820503 +0200 CEST m=+10089.175991833,0
2023-06-27 21:57:05.684835053 +0200 CEST m=+10089.176006379,0
2023-06-27 21:57:05.6848489 +0200 CEST m=+10089.176020226,0
2023-06-27 21:57:05.684863445 +0200 CEST m=+10089.176034770,0
2023-06-27 21:57:05.684877593 +0200 CEST m=+10089.176048918,0
2023-06-27 21:57:05.684889495 +0200 CEST m=+10089.176060819,0
2023-06-27 21:57:05.684905665 +0200 CEST m=+10089.176076990,0
2023-06-27 21:57:05.684917591 +0200 CEST m=+10089.176088915,0
2023-06-27 21:57:05.684930731 +0200 CEST m=+10089.176102056,0
2023-06-27 21:57:05.684943275 +0200 CEST m=+10089.176114600,0
2023-06-27 21:57:05.68502255 +0200 CEST m=+10089.176193875,0
2023-06-27 21:57:05.685176695 +0200 CEST m=+10089.176348016,0
2023-06-27 21:57:05.685460027 +0200 CEST m=+10089.176631356,0
2023-06-27 21:57:05.700723522 +0200 CEST m=+10089.191894845,0
2023-06-27 21:57:05.700737077 +0200 CEST m=+10089.191908400,0
2023-06-27 21:57:05.700743832 +0200 CEST m=+10089.191915154,0
2023-06-27 21:57:05.700751173 +0200 CEST m=+10089.191922496,0
2023-06-27 21:57:05.700761431 +0200 CEST m=+10089.191932754,0
2023-06-27 21:57:05.70076898 +0200 CEST m=+10089.191940309,0
2023-06-27 21:57:05.700817744 +0200 CEST m=+10089.191989077,0
2023-06-27 21:57:05.70083616 +0200 CEST m=+10089.192007487,0
2023-06-27 21:57:05.700850476 +0200 CEST m=+10089.192021812,0
2023-06-27 21:57:05.700867445 +0200 CEST m=+10089.192038776,0
2023-06-27 21:57:05.700886128 +0200 CEST m=+10089.192057456,0
2023-06-27 21:57:05.700905237 +0200 CEST m=+10089.192076569,0
2023-06-27 21:57:05.700926966 +0200 CEST m=+10089.192098295,0
2023-06-27 21:57:05.701006099 +0200 CEST m=+10089.192177434,0
2023-06-27 21:57:05.701294304 +0200 CEST m=+10089.192465629,0
2023-06-27 21:57:05.701468013 +0200 CEST m=+10089.192639335,0
2023-06-27 21:57:05.716714464 +0200 CEST m=+10089.207885785,0
2023-06-27 21:57:05.716721596 +0200 CEST m=+10089.207892917,0
2023-06-27 21:57:05.716729385 +0200 CEST m=+10089.207900706,0
2023-06-27 21:57:05.716735393 +0200 CEST m=+10089.207906714,0
2023-06-27 21:57:05.716740939 +0200 CEST m=+10089.207912259,0
2023-06-27 21:57:05.716746655 +0200 CEST m=+10089.207917976,0
2023-06-27 21:57:05.716754983 +0200 CEST m=+10089.207926303,0
2023-06-27 21:57:05.716762382 +0200 CEST m=+10089.207933702,0
2023-06-27 21:57:05.716767939 +0200 CEST m=+10089.207939259,0
2023-06-27 21:57:05.716779943 +0200 CEST m=+10089.207951264,0
2023-06-27 21:57:05.716788862 +0200 CEST m=+10089.207960182,0
2023-06-27 21:57:05.716799408 +0200 CEST m=+10089.207970730,0
2023-06-27 21:57:05.716808546 +0200 CEST m=+10089.207979866,0
2023-06-27 21:57:05.716974404 +0200 CEST m=+10089.208145726,0
2023-06-27 21:57:05.717070065 +0200 CEST m=+10089.208241385,0
2023-06-27 21:57:05.717267169 +0200 CEST m=+10089.208438493,0
2023-06-27 21:57:05.732701192 +0200 CEST m=+10089.223872514,0
2023-06-27 21:57:05.732708726 +0200 CEST m=+10089.223880049,0
2023-06-27 21:57:05.732724342 +0200 CEST m=+10089.223895664,0
2023-06-27 21:57:05.732734353 +0200 CEST m=+10089.223905675,0
2023-06-27 21:57:05.732744075 +0200 CEST m=+10089.223915397,0
2023-06-27 21:57:05.732751969 +0200 CEST m=+10089.223923290,0
2023-06-27 21:57:05.732758755 +0200 CEST m=+10089.223930077,0
2023-06-27 21:57:05.732768402 +0200 CEST m=+10089.223939724,0
2023-06-27 21:57:05.732775163 +0200 CEST m=+10089.223946485,0
2023-06-27 21:57:05.732782854 +0200 CEST m=+10089.223954176,0
2023-06-27 21:57:05.732791952 +0200 CEST m=+10089.223963273,0
2023-06-27 21:57:05.732801327 +0200 CEST m=+10089.223972650,0
2023-06-27 21:57:05.732809053 +0200 CEST m=+10089.223980375,0
2023-06-27 21:57:05.732979579 +0200 CEST m=+10089.224150906,0
2023-06-27 21:57:05.733080366 +0200 CEST m=+10089.224251689,0
2023-06-27 21:57:05.733268156 +0200 CEST m=+10089.224439483,0
2023-06-27 21:57:05.748715039 +0200 CEST m=+10089.239886368,0
2023-06-27 21:57:05.748732333 +0200 CEST m=+10089.239903661,0
2023-06-27 21:57:05.748751322 +0200 CEST m=+10089.239922649,0
2023-06-27 21:57:05.748769333 +0200 CEST m=+10089.239940659,0
2023-06-27 21:57:05.748789633 +0200 CEST m=+10089.239960964,0
2023-06-27 21:57:05.748807416 +0200 CEST m=+10089.239978746,0
2023-06-27 21:57:05.748840763 +0200 CEST m=+10089.240012094,0
2023-06-27 21:57:05.748858176 +0200 CEST m=+10089.240029505,0
2023-06-27 21:57:05.748880565 +0200 CEST m=+10089.240051898,0
2023-06-27 21:57:05.748901934 +0200 CEST m=+10089.240073267,0
2023-06-27 21:57:05.748920046 +0200 CEST m=+10089.240091376,0
2023-06-27 21:57:05.748939355 +0200 CEST m=+10089.240110687,0
2023-06-27 21:57:05.748954819 +0200 CEST m=+10089.240126147,0
2023-06-27 21:57:05.749045218 +0200 CEST m=+10089.240216561,0
2023-06-27 21:57:05.749247768 +0200 CEST m=+10089.240419096,0
2023-06-27 21:57:05.764790988 +0200 CEST m=+10089.255962314,0
2023-06-27 21:57:05.764809937 +0200 CEST m=+10089.255981262,0
2023-06-27 21:57:05.764818287 +0200 CEST m=+10089.255989613,0
2023-06-27 21:57:05.764826596 +0200 CEST m=+10089.255997923,0
2023-06-27 21:57:05.764837192 +0200 CEST m=+10089.256008518,0
2023-06-27 21:57:05.764862138 +0200 CEST m=+10089.256033464,0
2023-06-27 21:57:05.764872077 +0200 CEST m=+10089.256043404,0
2023-06-27 21:57:05.764881204 +0200 CEST m=+10089.256052530,0
2023-06-27 21:57:05.76488962 +0200 CEST m=+10089.256060946,0
2023-06-27 21:57:05.764904146 +0200 CEST m=+10089.256075472,0
2023-06-27 21:57:05.764922936 +0200 CEST m=+10089.256094261,0
2023-06-27 21:57:05.764949229 +0200 CEST m=+10089.256120562,0
2023-06-27 21:57:05.764967593 +0200 CEST m=+10089.256138927,0
2023-06-27 21:57:05.765007497 +0200 CEST m=+10089.256178835,0
2023-06-27 21:57:05.765310131 +0200 CEST m=+10089.256481464,0
2023-06-27 21:57:05.76553097 +0200 CEST m=+10089.256702303,0
2023-06-27 21:57:05.780697238 +0200 CEST m=+10089.271868559,0
2023-06-27 21:57:05.780708587 +0200 CEST m=+10089.271879909,0
2023-06-27 21:57:05.780715275 +0200 CEST m=+10089.271886596,0
2023-06-27 21:57:05.78072255 +0200 CEST m=+10089.271893873,0
2023-06-27 21:57:05.780729733 +0200 CEST m=+10089.271901054,0
2023-06-27 21:57:05.780736053 +0200 CEST m=+10089.271907375,0
2023-06-27 21:57:05.780743352 +0200 CEST m=+10089.271914674,0
2023-06-27 21:57:05.780750178 +0200 CEST m=+10089.271921499,0
2023-06-27 21:57:05.780757478 +0200 CEST m=+10089.271928799,0
2023-06-27 21:57:05.780765787 +0200 CEST m=+10089.271937108,0
2023-06-27 21:57:05.780775012 +0200 CEST m=+10089.271946334,0
2023-06-27 21:57:05.780782499 +0200 CEST m=+10089.271953820,0
2023-06-27 21:57:05.780808279 +0200 CEST m=+10089.271979600,0
2023-06-27 21:57:05.780907916 +0200 CEST m=+10089.272079238,0
2023-06-27 21:57:05.781048268 +0200 CEST m=+10089.272219589,0
2023-06-27 21:57:05.781212527 +0200 CEST m=+10089.272383852,0
2023-06-27 21:57:05.781320966 +0200 CEST m=+10089.272492288,0
2023-06-27 21:57:05.796722121 +0200 CEST m=+10089.287893443,0
2023-06-27 21:57:05.796767657 +0200 CEST m=+10089.287938980,0
2023-06-27 21:57:05.796776991 +0200 CEST m=+10089.287948325,0
2023-06-27 21:57:05.796806897 +0200 CEST m=+10089.287978229,0
2023-06-27 21:57:05.796843337 +0200 CEST m=+10089.288014662,0
2023-06-27 21:57:05.796857634 +0200 CEST m=+10089.288028958,0
2023-06-27 21:57:05.796873409 +0200 CEST m=+10089.288044731,0
2023-06-27 21:57:05.796888673 +0200 CEST m=+10089.288059997,0
2023-06-27 21:57:05.796902091 +0200 CEST m=+10089.288073415,0
2023-06-27 21:57:05.796916802 +0200 CEST m=+10089.288088128,0
2023-06-27 21:57:05.796931541 +0200 CEST m=+10089.288102867,0
2023-06-27 21:57:05.79694607 +0200 CEST m=+10089.288117394,0
2023-06-27 21:57:05.796962485 +0200 CEST m=+10089.288133823,0
2023-06-27 21:57:05.797027705 +0200 CEST m=+10089.288199033,0
2023-06-27 21:57:05.797203556 +0200 CEST m=+10089.288374881,0
2023-06-27 21:57:05.812748728 +0200 CEST m=+10089.303920053,0
2023-06-27 21:57:05.812784379 +0200 CEST m=+10089.303955700,0
2023-06-27 21:57:05.812794333 +0200 CEST m=+10089.303965653,0
2023-06-27 21:57:05.812803538 +0200 CEST m=+10089.303974859,0
2023-06-27 21:57:05.812815621 +0200 CEST m=+10089.303986941,0
2023-06-27 21:57:05.812827174 +0200 CEST m=+10089.303998495,0
2023-06-27 21:57:05.812835891 +0200 CEST m=+10089.304007213,0
2023-06-27 21:57:05.812848637 +0200 CEST m=+10089.304019959,0
2023-06-27 21:57:05.812901278 +0200 CEST m=+10089.304072600,0
2023-06-27 21:57:05.812911708 +0200 CEST m=+10089.304083031,0
2023-06-27 21:57:05.812922713 +0200 CEST m=+10089.304094035,0
2023-06-27 21:57:05.812936278 +0200 CEST m=+10089.304107599,0
2023-06-27 21:57:05.812947912 +0200 CEST m=+10089.304119232,0
2023-06-27 21:57:05.812963689 +0200 CEST m=+10089.304135015,0
2023-06-27 21:57:05.813089208 +0200 CEST m=+10089.304260533,0
2023-06-27 21:57:05.813258295 +0200 CEST m=+10089.304429615,0
2023-06-27 21:57:05.828737681 +0200 CEST m=+10089.319909008,0
2023-06-27 21:57:05.828753731 +0200 CEST m=+10089.319925056,0
2023-06-27 21:57:05.828769247 +0200 CEST m=+10089.319940575,0
2023-06-27 21:57:05.828800499 +0200 CEST m=+10089.319971826,0
2023-06-27 21:57:05.828829387 +0200 CEST m=+10089.320000782,0
2023-06-27 21:57:05.828845281 +0200 CEST m=+10089.320016601,0
2023-06-27 21:57:05.828855105 +0200 CEST m=+10089.320026425,0
2023-06-27 21:57:05.82886587 +0200 CEST m=+10089.320037191,0
2023-06-27 21:57:05.828876002 +0200 CEST m=+10089.320047325,0
2023-06-27 21:57:05.828886361 +0200 CEST m=+10089.320057683,0
2023-06-27 21:57:05.828897292 +0200 CEST m=+10089.320068618,0
2023-06-27 21:57:05.828909101 +0200 CEST m=+10089.320080422,0
2023-06-27 21:57:05.828920721 +0200 CEST m=+10089.320092050,0
2023-06-27 21:57:05.828946994 +0200 CEST m=+10089.320118318,0
2023-06-27 21:57:05.829047285 +0200 CEST m=+10089.320218605,0
2023-06-27 21:57:05.829193327 +0200 CEST m=+10089.320364647,0
2023-06-27 21:57:05.844761183 +0200 CEST m=+10089.335932518,0
2023-06-27 21:57:05.844781457 +0200 CEST m=+10089.335952794,0
2023-06-27 21:57:05.844804688 +0200 CEST m=+10089.335976025,0
2023-06-27 21:57:05.844821106 +0200 CEST m=+10089.335992437,0
2023-06-27 21:57:05.844837118 +0200 CEST m=+10089.336008448,0
2023-06-27 21:57:05.844859109 +0200 CEST m=+10089.336030445,0
2023-06-27 21:57:05.844876089 +0200 CEST m=+10089.336047426,0
2023-06-27 21:57:05.84489274 +0200 CEST m=+10089.336064073,0
2023-06-27 21:57:05.844912577 +0200 CEST m=+10089.336083915,0
2023-06-27 21:57:05.844931206 +0200 CEST m=+10089.336102536,0
2023-06-27 21:57:05.844947861 +0200 CEST m=+10089.336119195,0
2023-06-27 21:57:05.844964742 +0200 CEST m=+10089.336136073,0
2023-06-27 21:57:05.844980798 +0200 CEST m=+10089.336152131,0
2023-06-27 21:57:05.845241768 +0200 CEST m=+10089.336413097,0
2023-06-27 21:57:05.845509563 +0200 CEST m=+10089.336680894,0
2023-06-27 21:57:05.845740097 +0200 CEST m=+10089.336911425,0
2023-06-27 21:57:05.860771054 +0200 CEST m=+10089.351942392,0
2023-06-27 21:57:05.860792653 +0200 CEST m=+10089.351963991,0
2023-06-27 21:57:05.860819002 +0200 CEST m=+10089.351990337,0
2023-06-27 21:57:05.860843105 +0200 CEST m=+10089.352014439,0
2023-06-27 21:57:05.86086551 +0200 CEST m=+10089.352036848,0
2023-06-27 21:57:05.860886954 +0200 CEST m=+10089.352058289,0
2023-06-27 21:57:05.860908503 +0200 CEST m=+10089.352079837,0
2023-06-27 21:57:05.860928918 +0200 CEST m=+10089.352100253,0
2023-06-27 21:57:05.86095124 +0200 CEST m=+10089.352122573,0
2023-06-27 21:57:05.860972818 +0200 CEST m=+10089.352144152,0
2023-06-27 21:57:05.860992705 +0200 CEST m=+10089.352164038,0
2023-06-27 21:57:05.861032168 +0200 CEST m=+10089.352203498,0
2023-06-27 21:57:05.861062738 +0200 CEST m=+10089.352234089,0
2023-06-27 21:57:05.861186075 +0200 CEST m=+10089.352357409,0
2023-06-27 21:57:05.861512773 +0200 CEST m=+10089.352684104,0
2023-06-27 21:57:05.861709773 +0200 CEST m=+10089.352881103,0
2023-06-27 21:57:05.876735692 +0200 CEST m=+10089.367907012,0
2023-06-27 21:57:05.876744063 +0200 CEST m=+10089.367915384,0
2023-06-27 21:57:05.876750192 +0200 CEST m=+10089.367921513,0
2023-06-27 21:57:05.876756728 +0200 CEST m=+10089.367928048,0
2023-06-27 21:57:05.876762679 +0200 CEST m=+10089.367933998,0
2023-06-27 21:57:05.876769262 +0200 CEST m=+10089.367940582,0
2023-06-27 21:57:05.876775281 +0200 CEST m=+10089.367946601,0
2023-06-27 21:57:05.876781779 +0200 CEST m=+10089.367953100,0
2023-06-27 21:57:05.876788053 +0200 CEST m=+10089.367959373,0
2023-06-27 21:57:05.876794593 +0200 CEST m=+10089.367965912,0
2023-06-27 21:57:05.876801611 +0200 CEST m=+10089.367972940,0
2023-06-27 21:57:05.876815552 +0200 CEST m=+10089.367986873,0
2023-06-27 21:57:05.876828421 +0200 CEST m=+10089.367999745,0
2023-06-27 21:57:05.87699739 +0200 CEST m=+10089.368168716,0
2023-06-27 21:57:05.877130317 +0200 CEST m=+10089.368301640,0
2023-06-27 21:57:05.877337308 +0200 CEST m=+10089.368508632,0
2023-06-27 21:57:05.89269739 +0200 CEST m=+10089.383868717,0
2023-06-27 21:57:05.892710474 +0200 CEST m=+10089.383881801,0
2023-06-27 21:57:05.892718825 +0200 CEST m=+10089.383890151,0
2023-06-27 21:57:05.892727241 +0200 CEST m=+10089.383898566,0
2023-06-27 21:57:05.892735927 +0200 CEST m=+10089.383907254,0
2023-06-27 21:57:05.892743999 +0200 CEST m=+10089.383915325,0
2023-06-27 21:57:05.892752926 +0200 CEST m=+10089.383924253,0
2023-06-27 21:57:05.892762751 +0200 CEST m=+10089.383934077,0
2023-06-27 21:57:05.892771608 +0200 CEST m=+10089.383942936,0
2023-06-27 21:57:05.892793393 +0200 CEST m=+10089.383964720,0
2023-06-27 21:57:05.892809044 +0200 CEST m=+10089.383980370,0
2023-06-27 21:57:05.892822888 +0200 CEST m=+10089.383994214,0
2023-06-27 21:57:05.892840726 +0200 CEST m=+10089.384012052,0
2023-06-27 21:57:05.893003643 +0200 CEST m=+10089.384174969,0
2023-06-27 21:57:05.893281619 +0200 CEST m=+10089.384452957,0
2023-06-27 21:57:05.893440697 +0200 CEST m=+10089.384612029,0
2023-06-27 21:57:05.908695939 +0200 CEST m=+10089.399867260,0
2023-06-27 21:57:05.90870547 +0200 CEST m=+10089.399876792,0
2023-06-27 21:57:05.908711969 +0200 CEST m=+10089.399883291,0
2023-06-27 21:57:05.908720064 +0200 CEST m=+10089.399891385,0
2023-06-27 21:57:05.908728533 +0200 CEST m=+10089.399899856,0
2023-06-27 21:57:05.90873527 +0200 CEST m=+10089.399906592,0
2023-06-27 21:57:05.908742147 +0200 CEST m=+10089.399913469,0
2023-06-27 21:57:05.908748935 +0200 CEST m=+10089.399920257,0
2023-06-27 21:57:05.90875517 +0200 CEST m=+10089.399926493,0
2023-06-27 21:57:05.908761329 +0200 CEST m=+10089.399932651,0
2023-06-27 21:57:05.908768814 +0200 CEST m=+10089.399940136,0
2023-06-27 21:57:05.908776209 +0200 CEST m=+10089.399947532,0
2023-06-27 21:57:05.908783226 +0200 CEST m=+10089.399954548,0
2023-06-27 21:57:05.908978723 +0200 CEST m=+10089.400150048,0
2023-06-27 21:57:05.90919848 +0200 CEST m=+10089.400369806,0
2023-06-27 21:57:05.909374988 +0200 CEST m=+10089.400546314,0
2023-06-27 21:57:05.924716467 +0200 CEST m=+10089.415887788,0
2023-06-27 21:57:05.924726625 +0200 CEST m=+10089.415897944,0
2023-06-27 21:57:05.924733661 +0200 CEST m=+10089.415904981,0
2023-06-27 21:57:05.924739382 +0200 CEST m=+10089.415910702,0
2023-06-27 21:57:05.924746203 +0200 CEST m=+10089.415917523,0
2023-06-27 21:57:05.924752073 +0200 CEST m=+10089.415923393,0
2023-06-27 21:57:05.924757597 +0200 CEST m=+10089.415928916,0
2023-06-27 21:57:05.924764174 +0200 CEST m=+10089.415935493,0
2023-06-27 21:57:05.924769771 +0200 CEST m=+10089.415941092,0
2023-06-27 21:57:05.92477585 +0200 CEST m=+10089.415947169,0
2023-06-27 21:57:05.924783257 +0200 CEST m=+10089.415954577,0
2023-06-27 21:57:05.924788929 +0200 CEST m=+10089.415960250,0
2023-06-27 21:57:05.924794966 +0200 CEST m=+10089.415966285,0
2023-06-27 21:57:05.924917591 +0200 CEST m=+10089.416088912,0
2023-06-27 21:57:05.92501741 +0200 CEST m=+10089.416188730,0
2023-06-27 21:57:05.925145607 +0200 CEST m=+10089.416316931,0
2023-06-27 21:57:05.940721499 +0200 CEST m=+10089.431892823,0
2023-06-27 21:57:05.940739459 +0200 CEST m=+10089.431910783,0
2023-06-27 21:57:05.940753543 +0200 CEST m=+10089.431924868,0
2023-06-27 21:57:05.940767867 +0200 CEST m=+10089.431939197,0
2023-06-27 21:57:05.940782345 +0200 CEST m=+10089.431953670,0
2023-06-27 21:57:05.940795587 +0200 CEST m=+10089.431966912,0
2023-06-27 21:57:05.940831039 +0200 CEST m=+10089.432002364,0
2023-06-27 21:57:05.940843603 +0200 CEST m=+10089.432014923,0
2023-06-27 21:57:05.94085068 +0200 CEST m=+10089.432022001,0
2023-06-27 21:57:05.940856979 +0200 CEST m=+10089.432028300,0
2023-06-27 21:57:05.940863767 +0200 CEST m=+10089.432035086,0
2023-06-27 21:57:05.940872016 +0200 CEST m=+10089.432043340,0
2023-06-27 21:57:05.940887361 +0200 CEST m=+10089.432058691,0
2023-06-27 21:57:05.940938512 +0200 CEST m=+10089.432109833,0
2023-06-27 21:57:05.941041079 +0200 CEST m=+10089.432212399,0
2023-06-27 21:57:05.941152088 +0200 CEST m=+10089.432323408,0
2023-06-27 21:57:05.956674932 +0200 CEST m=+10089.447846256,0
2023-06-27 21:57:05.956690043 +0200 CEST m=+10089.447861366,0
2023-06-27 21:57:05.956702904 +0200 CEST m=+10089.447874228,0
2023-06-27 21:57:05.956715994 +0200 CEST m=+10089.447887319,0
2023-06-27 21:57:05.956729049 +0200 CEST m=+10089.447900373,0
2023-06-27 21:57:05.956742154 +0200 CEST m=+10089.447913478,0
2023-06-27 21:57:05.956754675 +0200 CEST m=+10089.447925999,0
2023-06-27 21:57:05.956766655 +0200 CEST m=+10089.447937980,0
2023-06-27 21:57:05.956778491 +0200 CEST m=+10089.447949813,0
2023-06-27 21:57:05.956791858 +0200 CEST m=+10089.447963183,0
2023-06-27 21:57:05.956804013 +0200 CEST m=+10089.447975337,0
2023-06-27 21:57:05.956815855 +0200 CEST m=+10089.447987177,0
2023-06-27 21:57:05.9568287 +0200 CEST m=+10089.448000031,0
2023-06-27 21:57:05.956949758 +0200 CEST m=+10089.448121082,0
2023-06-27 21:57:05.957167743 +0200 CEST m=+10089.448339070,0
2023-06-27 21:57:05.957364237 +0200 CEST m=+10089.448535564,0
2023-06-27 21:57:05.972781921 +0200 CEST m=+10089.463953270,0
2023-06-27 21:57:05.972820495 +0200 CEST m=+10089.463991845,0
2023-06-27 21:57:05.972853343 +0200 CEST m=+10089.464024693,0
2023-06-27 21:57:05.972885682 +0200 CEST m=+10089.464057027,0
2023-06-27 21:57:05.972916558 +0200 CEST m=+10089.464087904,0
2023-06-27 21:57:05.972947217 +0200 CEST m=+10089.464118565,0
2023-06-27 21:57:05.972979326 +0200 CEST m=+10089.464150701,0
2023-06-27 21:57:05.973011899 +0200 CEST m=+10089.464183250,0
2023-06-27 21:57:05.973075066 +0200 CEST m=+10089.464246417,0
2023-06-27 21:57:05.973104809 +0200 CEST m=+10089.464276167,0
2023-06-27 21:57:05.973135267 +0200 CEST m=+10089.464306616,0
2023-06-27 21:57:05.973167919 +0200 CEST m=+10089.464339265,0
2023-06-27 21:57:05.973199295 +0200 CEST m=+10089.464370643,0
2023-06-27 21:57:05.973599764 +0200 CEST m=+10089.464771142,0
2023-06-27 21:57:05.974028971 +0200 CEST m=+10089.465200327,0
2023-06-27 21:57:05.974443218 +0200 CEST m=+10089.465614586,0
2023-06-27 21:57:05.988688124 +0200 CEST m=+10089.479859454,0
2023-06-27 21:57:05.988769672 +0200 CEST m=+10089.479941010,0
2023-06-27 21:57:05.988812008 +0200 CEST m=+10089.479983607,0
2023-06-27 21:57:05.988835728 +0200 CEST m=+10089.480007062,0
2023-06-27 21:57:05.988859944 +0200 CEST m=+10089.480031275,0
2023-06-27 21:57:05.98887832 +0200 CEST m=+10089.480049649,0
2023-06-27 21:57:05.988895765 +0200 CEST m=+10089.480067095,0
2023-06-27 21:57:05.988918446 +0200 CEST m=+10089.480089776,0
2023-06-27 21:57:05.988937064 +0200 CEST m=+10089.480108393,0
2023-06-27 21:57:05.988954206 +0200 CEST m=+10089.480125536,0
2023-06-27 21:57:05.988974031 +0200 CEST m=+10089.480145363,0
2023-06-27 21:57:05.989003256 +0200 CEST m=+10089.480174586,0
2023-06-27 21:57:05.989021122 +0200 CEST m=+10089.480192453,0
2023-06-27 21:57:05.989042103 +0200 CEST m=+10089.480213436,0
2023-06-27 21:57:05.989317744 +0200 CEST m=+10089.480489079,0
2023-06-27 21:57:06.004706072 +0200 CEST m=+10089.495877405,0
2023-06-27 21:57:06.004766126 +0200 CEST m=+10089.495937464,0
2023-06-27 21:57:06.004827745 +0200 CEST m=+10089.495999083,0
2023-06-27 21:57:06.004852652 +0200 CEST m=+10089.496023976,0
2023-06-27 21:57:06.004862952 +0200 CEST m=+10089.496034276,0
2023-06-27 21:57:06.004875729 +0200 CEST m=+10089.496047055,0
2023-06-27 21:57:06.004895576 +0200 CEST m=+10089.496066902,0
2023-06-27 21:57:06.004909949 +0200 CEST m=+10089.496081276,0
2023-06-27 21:57:06.004926572 +0200 CEST m=+10089.496097902,0
2023-06-27 21:57:06.004941221 +0200 CEST m=+10089.496112546,0
2023-06-27 21:57:06.004948794 +0200 CEST m=+10089.496120119,0
2023-06-27 21:57:06.00495897 +0200 CEST m=+10089.496130294,0
2023-06-27 21:57:06.004967428 +0200 CEST m=+10089.496138751,0
2023-06-27 21:57:06.005241464 +0200 CEST m=+10089.496412789,0
2023-06-27 21:57:06.005393681 +0200 CEST m=+10089.496565004,0
2023-06-27 21:57:06.00556832 +0200 CEST m=+10089.496739644,0
2023-06-27 21:57:06.020700949 +0200 CEST m=+10089.511872275,0
2023-06-27 21:57:06.020725047 +0200 CEST m=+10089.511896373,0
2023-06-27 21:57:06.020745807 +0200 CEST m=+10089.511917134,0
2023-06-27 21:57:06.020758594 +0200 CEST m=+10089.511929920,0
2023-06-27 21:57:06.020773192 +0200 CEST m=+10089.511944517,0
2023-06-27 21:57:06.020790711 +0200 CEST m=+10089.511962037,0
2023-06-27 21:57:06.020804801 +0200 CEST m=+10089.511976130,0
2023-06-27 21:57:06.020818956 +0200 CEST m=+10089.511990284,0
2023-06-27 21:57:06.020835593 +0200 CEST m=+10089.512006932,0
2023-06-27 21:57:06.020851655 +0200 CEST m=+10089.512022982,0
2023-06-27 21:57:06.020868141 +0200 CEST m=+10089.512039475,0
2023-06-27 21:57:06.020883868 +0200 CEST m=+10089.512055194,0
2023-06-27 21:57:06.0208988 +0200 CEST m=+10089.512070126,0
2023-06-27 21:57:06.020916724 +0200 CEST m=+10089.512088049,0
2023-06-27 21:57:06.02120895 +0200 CEST m=+10089.512380280,0
2023-06-27 21:57:06.021448929 +0200 CEST m=+10089.512620254,0
2023-06-27 21:57:06.036754322 +0200 CEST m=+10089.527925651,0
2023-06-27 21:57:06.036775321 +0200 CEST m=+10089.527946647,0
2023-06-27 21:57:06.036791248 +0200 CEST m=+10089.527962577,0
2023-06-27 21:57:06.036810117 +0200 CEST m=+10089.527981443,0
2023-06-27 21:57:06.036824423 +0200 CEST m=+10089.527995752,0
2023-06-27 21:57:06.036842893 +0200 CEST m=+10089.528014224,0
2023-06-27 21:57:06.036858579 +0200 CEST m=+10089.528029906,0
2023-06-27 21:57:06.036872461 +0200 CEST m=+10089.528043792,0
2023-06-27 21:57:06.036886471 +0200 CEST m=+10089.528057801,0
2023-06-27 21:57:06.03690298 +0200 CEST m=+10089.528074306,0
2023-06-27 21:57:06.036923834 +0200 CEST m=+10089.528095163,0
2023-06-27 21:57:06.036940297 +0200 CEST m=+10089.528111629,0
2023-06-27 21:57:06.03695787 +0200 CEST m=+10089.528129198,0
2023-06-27 21:57:06.036974388 +0200 CEST m=+10089.528145720,0
2023-06-27 21:57:06.037174334 +0200 CEST m=+10089.528345654,0
2023-06-27 21:57:06.037320175 +0200 CEST m=+10089.528491499,0
2023-06-27 21:57:06.052691238 +0200 CEST m=+10089.543862560,0
2023-06-27 21:57:06.052707043 +0200 CEST m=+10089.543878366,0
2023-06-27 21:57:06.052718762 +0200 CEST m=+10089.543890092,0
2023-06-27 21:57:06.052731499 +0200 CEST m=+10089.543902822,0
2023-06-27 21:57:06.052743896 +0200 CEST m=+10089.543915224,0
2023-06-27 21:57:06.052755725 +0200 CEST m=+10089.543927052,0
2023-06-27 21:57:06.052768892 +0200 CEST m=+10089.543940216,0
2023-06-27 21:57:06.052781338 +0200 CEST m=+10089.543952661,0
2023-06-27 21:57:06.052793788 +0200 CEST m=+10089.543965113,0
2023-06-27 21:57:06.052809773 +0200 CEST m=+10089.543981095,0
2023-06-27 21:57:06.05282253 +0200 CEST m=+10089.543993852,0
2023-06-27 21:57:06.05283664 +0200 CEST m=+10089.544007962,0
2023-06-27 21:57:06.052849859 +0200 CEST m=+10089.544021181,0
2023-06-27 21:57:06.052938107 +0200 CEST m=+10089.544109437,0
2023-06-27 21:57:06.053474522 +0200 CEST m=+10089.544645857,0
2023-06-27 21:57:06.05400739 +0200 CEST m=+10089.545178737,0
2023-06-27 21:57:06.068757044 +0200 CEST m=+10089.559928377,0
2023-06-27 21:57:06.068776966 +0200 CEST m=+10089.559948299,0
2023-06-27 21:57:06.068800202 +0200 CEST m=+10089.559971536,0
2023-06-27 21:57:06.068819052 +0200 CEST m=+10089.559990387,0
2023-06-27 21:57:06.068882624 +0200 CEST m=+10089.560053964,0
2023-06-27 21:57:06.068901158 +0200 CEST m=+10089.560072486,0
2023-06-27 21:57:06.068922003 +0200 CEST m=+10089.560093336,0
2023-06-27 21:57:06.068940033 +0200 CEST m=+10089.560111366,0
2023-06-27 21:57:06.068963236 +0200 CEST m=+10089.560134565,0
2023-06-27 21:57:06.068985261 +0200 CEST m=+10089.560156595,0
2023-06-27 21:57:06.069003552 +0200 CEST m=+10089.560174891,0
2023-06-27 21:57:06.069020269 +0200 CEST m=+10089.560191596,0
2023-06-27 21:57:06.06909409 +0200 CEST m=+10089.560265420,0
2023-06-27 21:57:06.069116526 +0200 CEST m=+10089.560287862,0
2023-06-27 21:57:06.06913675 +0200 CEST m=+10089.560308084,0
2023-06-27 21:57:06.069249488 +0200 CEST m=+10089.560420812,0
2023-06-27 21:57:06.084718799 +0200 CEST m=+10089.575890133,0
2023-06-27 21:57:06.084731854 +0200 CEST m=+10089.575903187,0
2023-06-27 21:57:06.084752928 +0200 CEST m=+10089.575924262,0
2023-06-27 21:57:06.08477087 +0200 CEST m=+10089.575942204,0
2023-06-27 21:57:06.084785504 +0200 CEST m=+10089.575956838,0
2023-06-27 21:57:06.084799261 +0200 CEST m=+10089.575970596,0
2023-06-27 21:57:06.084815265 +0200 CEST m=+10089.575986598,0
2023-06-27 21:57:06.084832677 +0200 CEST m=+10089.576004011,0
2023-06-27 21:57:06.084844616 +0200 CEST m=+10089.576015951,0
2023-06-27 21:57:06.084865332 +0200 CEST m=+10089.576036666,0
2023-06-27 21:57:06.084880051 +0200 CEST m=+10089.576051386,0
2023-06-27 21:57:06.084892011 +0200 CEST m=+10089.576063345,0
2023-06-27 21:57:06.084936026 +0200 CEST m=+10089.576107360,0
2023-06-27 21:57:06.085043242 +0200 CEST m=+10089.576214596,0
2023-06-27 21:57:06.085391856 +0200 CEST m=+10089.576563189,0
2023-06-27 21:57:06.085594124 +0200 CEST m=+10089.576765446,0
2023-06-27 21:57:06.100702929 +0200 CEST m=+10089.591874248,0
2023-06-27 21:57:06.100718795 +0200 CEST m=+10089.591890115,0
2023-06-27 21:57:06.100727155 +0200 CEST m=+10089.591898475,0
2023-06-27 21:57:06.100733935 +0200 CEST m=+10089.591905255,0
2023-06-27 21:57:06.10074467 +0200 CEST m=+10089.591915990,0
2023-06-27 21:57:06.100755671 +0200 CEST m=+10089.591926991,0
2023-06-27 21:57:06.100763176 +0200 CEST m=+10089.591934496,0
2023-06-27 21:57:06.100769136 +0200 CEST m=+10089.591940456,0
2023-06-27 21:57:06.10077644 +0200 CEST m=+10089.591947759,0
2023-06-27 21:57:06.100785263 +0200 CEST m=+10089.591956584,0
2023-06-27 21:57:06.100790895 +0200 CEST m=+10089.591962216,0
2023-06-27 21:57:06.100812852 +0200 CEST m=+10089.591984172,0
2023-06-27 21:57:06.100819927 +0200 CEST m=+10089.591991248,0
2023-06-27 21:57:06.100914869 +0200 CEST m=+10089.592086189,0
2023-06-27 21:57:06.10106877 +0200 CEST m=+10089.592240090,0
2023-06-27 21:57:06.101177176 +0200 CEST m=+10089.592348495,0
2023-06-27 21:57:06.116738456 +0200 CEST m=+10089.607909785,0
2023-06-27 21:57:06.116751798 +0200 CEST m=+10089.607923131,0
2023-06-27 21:57:06.116771409 +0200 CEST m=+10089.607942737,0
2023-06-27 21:57:06.116801609 +0200 CEST m=+10089.607972943,0
2023-06-27 21:57:06.116826554 +0200 CEST m=+10089.607997881,0
2023-06-27 21:57:06.116844036 +0200 CEST m=+10089.608015363,0
2023-06-27 21:57:06.116866311 +0200 CEST m=+10089.608037639,0
2023-06-27 21:57:06.116889055 +0200 CEST m=+10089.608060383,0
2023-06-27 21:57:06.116906939 +0200 CEST m=+10089.608078266,0
2023-06-27 21:57:06.11692757 +0200 CEST m=+10089.608098898,0
2023-06-27 21:57:06.116943305 +0200 CEST m=+10089.608114636,0
2023-06-27 21:57:06.1169611 +0200 CEST m=+10089.608132428,0
2023-06-27 21:57:06.116977339 +0200 CEST m=+10089.608148671,0
2023-06-27 21:57:06.117139545 +0200 CEST m=+10089.608310872,0
2023-06-27 21:57:06.117501291 +0200 CEST m=+10089.608672616,0
2023-06-27 21:57:06.117721011 +0200 CEST m=+10089.608892335,0
2023-06-27 21:57:06.132704721 +0200 CEST m=+10089.623876045,0
2023-06-27 21:57:06.132717837 +0200 CEST m=+10089.623889162,0
2023-06-27 21:57:06.132735773 +0200 CEST m=+10089.623907099,0
2023-06-27 21:57:06.132747152 +0200 CEST m=+10089.623918473,0
2023-06-27 21:57:06.132754938 +0200 CEST m=+10089.623926258,0
2023-06-27 21:57:06.132763376 +0200 CEST m=+10089.623934695,0
2023-06-27 21:57:06.132777432 +0200 CEST m=+10089.623948758,0
2023-06-27 21:57:06.132787615 +0200 CEST m=+10089.623958936,0
2023-06-27 21:57:06.132799515 +0200 CEST m=+10089.623970834,0
2023-06-27 21:57:06.13280803 +0200 CEST m=+10089.623979350,0
2023-06-27 21:57:06.132816809 +0200 CEST m=+10089.623988130,0
2023-06-27 21:57:06.132826812 +0200 CEST m=+10089.623998131,0
2023-06-27 21:57:06.132861582 +0200 CEST m=+10089.624032902,0
2023-06-27 21:57:06.133006013 +0200 CEST m=+10089.624177334,0
2023-06-27 21:57:06.133270418 +0200 CEST m=+10089.624441747,0
2023-06-27 21:57:06.133534771 +0200 CEST m=+10089.624706156,0
2023-06-27 21:57:06.148737346 +0200 CEST m=+10089.639908681,0
2023-06-27 21:57:06.148756656 +0200 CEST m=+10089.639927991,0
2023-06-27 21:57:06.148787142 +0200 CEST m=+10089.639958482,0
2023-06-27 21:57:06.148808433 +0200 CEST m=+10089.639979772,0
2023-06-27 21:57:06.148829131 +0200 CEST m=+10089.640000467,0
2023-06-27 21:57:06.148866402 +0200 CEST m=+10089.640037738,0
2023-06-27 21:57:06.148888625 +0200 CEST m=+10089.640059960,0
2023-06-27 21:57:06.148907814 +0200 CEST m=+10089.640079150,0
2023-06-27 21:57:06.148928818 +0200 CEST m=+10089.640100157,0
2023-06-27 21:57:06.148954012 +0200 CEST m=+10089.640125348,0
2023-06-27 21:57:06.148974706 +0200 CEST m=+10089.640146043,0
2023-06-27 21:57:06.148993974 +0200 CEST m=+10089.640165311,0
2023-06-27 21:57:06.14901589 +0200 CEST m=+10089.640187219,0
2023-06-27 21:57:06.149088023 +0200 CEST m=+10089.640259368,0
2023-06-27 21:57:06.149355998 +0200 CEST m=+10089.640527328,0
2023-06-27 21:57:06.149639328 +0200 CEST m=+10089.640810659,0
2023-06-27 21:57:06.164712286 +0200 CEST m=+10089.655883614,0
2023-06-27 21:57:06.164726796 +0200 CEST m=+10089.655898125,0
2023-06-27 21:57:06.16493417 +0200 CEST m=+10089.656105500,0
2023-06-27 21:57:06.164950339 +0200 CEST m=+10089.656121667,0
2023-06-27 21:57:06.164966994 +0200 CEST m=+10089.656138322,0
2023-06-27 21:57:06.16498307 +0200 CEST m=+10089.656154399,0
2023-06-27 21:57:06.165001747 +0200 CEST m=+10089.656173077,0
2023-06-27 21:57:06.165016176 +0200 CEST m=+10089.656187504,0
2023-06-27 21:57:06.1650328 +0200 CEST m=+10089.656204128,0
2023-06-27 21:57:06.165047156 +0200 CEST m=+10089.656218486,0
2023-06-27 21:57:06.165062576 +0200 CEST m=+10089.656233909,0
2023-06-27 21:57:06.165082829 +0200 CEST m=+10089.656254157,0
2023-06-27 21:57:06.165097224 +0200 CEST m=+10089.656268553,0
2023-06-27 21:57:06.165111805 +0200 CEST m=+10089.656283133,0
2023-06-27 21:57:06.165239986 +0200 CEST m=+10089.656411314,0
2023-06-27 21:57:06.165446783 +0200 CEST m=+10089.656618107,0
2023-06-27 21:57:06.18076443 +0200 CEST m=+10089.671935757,0
2023-06-27 21:57:06.180786387 +0200 CEST m=+10089.671957723,0
2023-06-27 21:57:06.180813549 +0200 CEST m=+10089.671984888,0
2023-06-27 21:57:06.180835754 +0200 CEST m=+10089.672007086,0
2023-06-27 21:57:06.180858488 +0200 CEST m=+10089.672029821,0
2023-06-27 21:57:06.180872617 +0200 CEST m=+10089.672043946,0
2023-06-27 21:57:06.180892189 +0200 CEST m=+10089.672063522,0
2023-06-27 21:57:06.180908791 +0200 CEST m=+10089.672080123,0
2023-06-27 21:57:06.180929063 +0200 CEST m=+10089.672100392,0
2023-06-27 21:57:06.180951464 +0200 CEST m=+10089.672122797,0
2023-06-27 21:57:06.180971346 +0200 CEST m=+10089.672142680,0
2023-06-27 21:57:06.180987424 +0200 CEST m=+10089.672158759,0
2023-06-27 21:57:06.181000962 +0200 CEST m=+10089.672172290,0
2023-06-27 21:57:06.181059861 +0200 CEST m=+10089.672231189,0
2023-06-27 21:57:06.181258422 +0200 CEST m=+10089.672429764,0
2023-06-27 21:57:06.181436043 +0200 CEST m=+10089.672607366,0
2023-06-27 21:57:06.196727792 +0200 CEST m=+10089.687899113,0
2023-06-27 21:57:06.196735883 +0200 CEST m=+10089.687907202,0
2023-06-27 21:57:06.196743022 +0200 CEST m=+10089.687914343,0
2023-06-27 21:57:06.1967489 +0200 CEST m=+10089.687920221,0
2023-06-27 21:57:06.196756261 +0200 CEST m=+10089.687927580,0
2023-06-27 21:57:06.19676322 +0200 CEST m=+10089.687934539,0
2023-06-27 21:57:06.196770266 +0200 CEST m=+10089.687941587,0
2023-06-27 21:57:06.196776021 +0200 CEST m=+10089.687947342,0
2023-06-27 21:57:06.196782092 +0200 CEST m=+10089.687953412,0
2023-06-27 21:57:06.196788253 +0200 CEST m=+10089.687959573,0
2023-06-27 21:57:06.196794334 +0200 CEST m=+10089.687965654,0
2023-06-27 21:57:06.196799964 +0200 CEST m=+10089.687971283,0
2023-06-27 21:57:06.196805694 +0200 CEST m=+10089.687977013,0
2023-06-27 21:57:06.196982591 +0200 CEST m=+10089.688153918,0
2023-06-27 21:57:06.197175473 +0200 CEST m=+10089.688346804,0
2023-06-27 21:57:06.197344572 +0200 CEST m=+10089.688515898,0
2023-06-27 21:57:06.212800604 +0200 CEST m=+10089.703971928,0
2023-06-27 21:57:06.212811877 +0200 CEST m=+10089.703983201,0
2023-06-27 21:57:06.212828956 +0200 CEST m=+10089.704000280,0
2023-06-27 21:57:06.212851028 +0200 CEST m=+10089.704022368,0
2023-06-27 21:57:06.212861624 +0200 CEST m=+10089.704032947,0
2023-06-27 21:57:06.212870336 +0200 CEST m=+10089.704041659,0
2023-06-27 21:57:06.212877693 +0200 CEST m=+10089.704049015,0
2023-06-27 21:57:06.212887676 +0200 CEST m=+10089.704058999,0
2023-06-27 21:57:06.212896604 +0200 CEST m=+10089.704067928,0
2023-06-27 21:57:06.212903684 +0200 CEST m=+10089.704075006,0
2023-06-27 21:57:06.212911763 +0200 CEST m=+10089.704083087,0
2023-06-27 21:57:06.212919805 +0200 CEST m=+10089.704091128,0
2023-06-27 21:57:06.212934336 +0200 CEST m=+10089.704105672,0
2023-06-27 21:57:06.213061116 +0200 CEST m=+10089.704232441,0
2023-06-27 21:57:06.213361412 +0200 CEST m=+10089.704532737,0
2023-06-27 21:57:06.22884227 +0200 CEST m=+10089.720013623,0
2023-06-27 21:57:06.228880676 +0200 CEST m=+10089.720052022,0
2023-06-27 21:57:06.228909243 +0200 CEST m=+10089.720080601,0
2023-06-27 21:57:06.228949851 +0200 CEST m=+10089.720121195,0
2023-06-27 21:57:06.228979351 +0200 CEST m=+10089.720150697,0
2023-06-27 21:57:06.229005633 +0200 CEST m=+10089.720176979,0
2023-06-27 21:57:06.229037158 +0200 CEST m=+10089.720208510,0
2023-06-27 21:57:06.229072881 +0200 CEST m=+10089.720244237,0
2023-06-27 21:57:06.229105842 +0200 CEST m=+10089.720277187,0
2023-06-27 21:57:06.229134472 +0200 CEST m=+10089.720305816,0
2023-06-27 21:57:06.229152373 +0200 CEST m=+10089.720323719,0
2023-06-27 21:57:06.229178609 +0200 CEST m=+10089.720349953,0
2023-06-27 21:57:06.229213253 +0200 CEST m=+10089.720384606,0
2023-06-27 21:57:06.229244268 +0200 CEST m=+10089.720415624,0
2023-06-27 21:57:06.229665546 +0200 CEST m=+10089.720836873,0
2023-06-27 21:57:06.229904676 +0200 CEST m=+10089.721076001,0
2023-06-27 21:57:06.244746177 +0200 CEST m=+10089.735917514,0
2023-06-27 21:57:06.244764708 +0200 CEST m=+10089.735936033,0
2023-06-27 21:57:06.244774535 +0200 CEST m=+10089.735945860,0
2023-06-27 21:57:06.244782593 +0200 CEST m=+10089.735953919,0
2023-06-27 21:57:06.244791054 +0200 CEST m=+10089.735962380,0
2023-06-27 21:57:06.244807282 +0200 CEST m=+10089.735978614,0
2023-06-27 21:57:06.244824956 +0200 CEST m=+10089.735996282,0
2023-06-27 21:57:06.244839189 +0200 CEST m=+10089.736010514,0
2023-06-27 21:57:06.244850623 +0200 CEST m=+10089.736021950,0
2023-06-27 21:57:06.244863421 +0200 CEST m=+10089.736034746,0
2023-06-27 21:57:06.244883361 +0200 CEST m=+10089.736054685,0
2023-06-27 21:57:06.244895874 +0200 CEST m=+10089.736067201,0
2023-06-27 21:57:06.244908981 +0200 CEST m=+10089.736080307,0
2023-06-27 21:57:06.245013913 +0200 CEST m=+10089.736185244,0
2023-06-27 21:57:06.245226161 +0200 CEST m=+10089.736397487,0
2023-06-27 21:57:06.245423789 +0200 CEST m=+10089.736595131,0
2023-06-27 21:57:06.260752671 +0200 CEST m=+10089.751923997,0
2023-06-27 21:57:06.260768976 +0200 CEST m=+10089.751940301,0
2023-06-27 21:57:06.260784602 +0200 CEST m=+10089.751955928,0
2023-06-27 21:57:06.260801603 +0200 CEST m=+10089.751972929,0
2023-06-27 21:57:06.260813972 +0200 CEST m=+10089.751985298,0
2023-06-27 21:57:06.26082897 +0200 CEST m=+10089.752000295,0
2023-06-27 21:57:06.260841336 +0200 CEST m=+10089.752012662,0
2023-06-27 21:57:06.260855119 +0200 CEST m=+10089.752026450,0
2023-06-27 21:57:06.260869168 +0200 CEST m=+10089.752040493,0
2023-06-27 21:57:06.260881651 +0200 CEST m=+10089.752052975,0
2023-06-27 21:57:06.260895473 +0200 CEST m=+10089.752066798,0
2023-06-27 21:57:06.260957255 +0200 CEST m=+10089.752128580,0
2023-06-27 21:57:06.260971327 +0200 CEST m=+10089.752142653,0
2023-06-27 21:57:06.261009491 +0200 CEST m=+10089.752180818,0
2023-06-27 21:57:06.261146221 +0200 CEST m=+10089.752317546,0
2023-06-27 21:57:06.261294881 +0200 CEST m=+10089.752466207,0
2023-06-27 21:57:06.27683892 +0200 CEST m=+10089.768010281,0
2023-06-27 21:57:06.276874206 +0200 CEST m=+10089.768045554,0
2023-06-27 21:57:06.27691019 +0200 CEST m=+10089.768081534,0
2023-06-27 21:57:06.276951441 +0200 CEST m=+10089.768122792,0
2023-06-27 21:57:06.277049332 +0200 CEST m=+10089.768220690,0
2023-06-27 21:57:06.277083811 +0200 CEST m=+10089.768255158,0
2023-06-27 21:57:06.277111754 +0200 CEST m=+10089.768283093,0
2023-06-27 21:57:06.277142144 +0200 CEST m=+10089.768313485,0
2023-06-27 21:57:06.277171388 +0200 CEST m=+10089.768342729,0
2023-06-27 21:57:06.27719706 +0200 CEST m=+10089.768368400,0
2023-06-27 21:57:06.277225694 +0200 CEST m=+10089.768397046,0
2023-06-27 21:57:06.277266528 +0200 CEST m=+10089.768437876,0
2023-06-27 21:57:06.277298239 +0200 CEST m=+10089.768469582,0
2023-06-27 21:57:06.27733327 +0200 CEST m=+10089.768504619,0
2023-06-27 21:57:06.277553248 +0200 CEST m=+10089.768724587,0
2023-06-27 21:57:06.278018051 +0200 CEST m=+10089.769189403,0
2023-06-27 21:57:06.292708577 +0200 CEST m=+10089.783879905,0
2023-06-27 21:57:06.292718341 +0200 CEST m=+10089.783889670,0
2023-06-27 21:57:06.292728506 +0200 CEST m=+10089.783899834,0
2023-06-27 21:57:06.292740539 +0200 CEST m=+10089.783911867,0
2023-06-27 21:57:06.292751196 +0200 CEST m=+10089.783922524,0
2023-06-27 21:57:06.292760454 +0200 CEST m=+10089.783931783,0
2023-06-27 21:57:06.292770778 +0200 CEST m=+10089.783942106,0
2023-06-27 21:57:06.292781494 +0200 CEST m=+10089.783952823,0
2023-06-27 21:57:06.292791155 +0200 CEST m=+10089.783962483,0
2023-06-27 21:57:06.292802108 +0200 CEST m=+10089.783973436,0
2023-06-27 21:57:06.29282269 +0200 CEST m=+10089.783994036,0
2023-06-27 21:57:06.292843197 +0200 CEST m=+10089.784014531,0
2023-06-27 21:57:06.292862951 +0200 CEST m=+10089.784034286,0
2023-06-27 21:57:06.292975693 +0200 CEST m=+10089.784147027,0
2023-06-27 21:57:06.293192643 +0200 CEST m=+10089.784363988,0
2023-06-27 21:57:06.293455588 +0200 CEST m=+10089.784626923,0
2023-06-27 21:57:06.308692803 +0200 CEST m=+10089.799864126,0
2023-06-27 21:57:06.308703755 +0200 CEST m=+10089.799875078,0
2023-06-27 21:57:06.308710669 +0200 CEST m=+10089.799881991,0
2023-06-27 21:57:06.308718346 +0200 CEST m=+10089.799889669,0
2023-06-27 21:57:06.308725276 +0200 CEST m=+10089.799896599,0
2023-06-27 21:57:06.308732322 +0200 CEST m=+10089.799903644,0
2023-06-27 21:57:06.308740796 +0200 CEST m=+10089.799912120,0
2023-06-27 21:57:06.308748353 +0200 CEST m=+10089.799919677,0
2023-06-27 21:57:06.308755587 +0200 CEST m=+10089.799926910,0
2023-06-27 21:57:06.308764812 +0200 CEST m=+10089.799936135,0
2023-06-27 21:57:06.308774251 +0200 CEST m=+10089.799945574,0
2023-06-27 21:57:06.308781761 +0200 CEST m=+10089.799953084,0
2023-06-27 21:57:06.308799312 +0200 CEST m=+10089.799970635,0
2023-06-27 21:57:06.308932079 +0200 CEST m=+10089.800103407,0
2023-06-27 21:57:06.309112397 +0200 CEST m=+10089.800283725,0
2023-06-27 21:57:06.30921362 +0200 CEST m=+10089.800384943,0
2023-06-27 21:57:06.324745284 +0200 CEST m=+10089.815916607,0
2023-06-27 21:57:06.324758971 +0200 CEST m=+10089.815930293,0
2023-06-27 21:57:06.324768922 +0200 CEST m=+10089.815940244,0
2023-06-27 21:57:06.324777827 +0200 CEST m=+10089.815949152,0
2023-06-27 21:57:06.324785253 +0200 CEST m=+10089.815956577,0
2023-06-27 21:57:06.32479414 +0200 CEST m=+10089.815965462,0
2023-06-27 21:57:06.324802003 +0200 CEST m=+10089.815973326,0
2023-06-27 21:57:06.324808994 +0200 CEST m=+10089.815980317,0
2023-06-27 21:57:06.324815895 +0200 CEST m=+10089.815987218,0
2023-06-27 21:57:06.324823576 +0200 CEST m=+10089.815994899,0
2023-06-27 21:57:06.324832279 +0200 CEST m=+10089.816003601,0
2023-06-27 21:57:06.324842048 +0200 CEST m=+10089.816013370,0
2023-06-27 21:57:06.324852672 +0200 CEST m=+10089.816023995,0
2023-06-27 21:57:06.325072453 +0200 CEST m=+10089.816243781,0
2023-06-27 21:57:06.325375411 +0200 CEST m=+10089.816546739,0
2023-06-27 21:57:06.325682426 +0200 CEST m=+10089.816853766,0
2023-06-27 21:57:06.340721591 +0200 CEST m=+10089.831892916,0
2023-06-27 21:57:06.340741097 +0200 CEST m=+10089.831912418,0
2023-06-27 21:57:06.340751366 +0200 CEST m=+10089.831922687,0
2023-06-27 21:57:06.340757735 +0200 CEST m=+10089.831929055,0
2023-06-27 21:57:06.34076441 +0200 CEST m=+10089.831935729,0
2023-06-27 21:57:06.340775437 +0200 CEST m=+10089.831946758,0
2023-06-27 21:57:06.340784246 +0200 CEST m=+10089.831955566,0
2023-06-27 21:57:06.340791446 +0200 CEST m=+10089.831962766,0
2023-06-27 21:57:06.340797054 +0200 CEST m=+10089.831968374,0
2023-06-27 21:57:06.340806635 +0200 CEST m=+10089.831977954,0
2023-06-27 21:57:06.340817122 +0200 CEST m=+10089.831988443,0
2023-06-27 21:57:06.340828605 +0200 CEST m=+10089.831999926,0
2023-06-27 21:57:06.340839838 +0200 CEST m=+10089.832011160,0
2023-06-27 21:57:06.340876002 +0200 CEST m=+10089.832047321,0
2023-06-27 21:57:06.341625004 +0200 CEST m=+10089.832796342,0
2023-06-27 21:57:06.342911236 +0200 CEST m=+10089.834082572,0
2023-06-27 21:57:06.356676792 +0200 CEST m=+10089.847848114,0
2023-06-27 21:57:06.356690761 +0200 CEST m=+10089.847862086,0
2023-06-27 21:57:06.356700656 +0200 CEST m=+10089.847871977,0
2023-06-27 21:57:06.3567177 +0200 CEST m=+10089.847889022,0
2023-06-27 21:57:06.356732066 +0200 CEST m=+10089.847903387,0
2023-06-27 21:57:06.356753241 +0200 CEST m=+10089.847924561,0
2023-06-27 21:57:06.356769691 +0200 CEST m=+10089.847941014,0
2023-06-27 21:57:06.356781466 +0200 CEST m=+10089.847952791,0
2023-06-27 21:57:06.356797827 +0200 CEST m=+10089.847969154,0
2023-06-27 21:57:06.356811048 +0200 CEST m=+10089.847982371,0
2023-06-27 21:57:06.356821032 +0200 CEST m=+10089.847992352,0
2023-06-27 21:57:06.35683259 +0200 CEST m=+10089.848003910,0
2023-06-27 21:57:06.356844063 +0200 CEST m=+10089.848015390,0
2023-06-27 21:57:06.356927525 +0200 CEST m=+10089.848098845,0
2023-06-27 21:57:06.357060658 +0200 CEST m=+10089.848231978,0
2023-06-27 21:57:06.35722109 +0200 CEST m=+10089.848392423,0
2023-06-27 21:57:06.372714845 +0200 CEST m=+10089.863886172,0
2023-06-27 21:57:06.372723979 +0200 CEST m=+10089.863895305,0
2023-06-27 21:57:06.372736324 +0200 CEST m=+10089.863907651,0
2023-06-27 21:57:06.372744497 +0200 CEST m=+10089.863915822,0
2023-06-27 21:57:06.372752846 +0200 CEST m=+10089.863924172,0
2023-06-27 21:57:06.37278606 +0200 CEST m=+10089.863957386,0
2023-06-27 21:57:06.372798731 +0200 CEST m=+10089.863970057,0
2023-06-27 21:57:06.372808539 +0200 CEST m=+10089.863979865,0
2023-06-27 21:57:06.372818985 +0200 CEST m=+10089.863990311,0
2023-06-27 21:57:06.372827662 +0200 CEST m=+10089.863998987,0
2023-06-27 21:57:06.372836436 +0200 CEST m=+10089.864007761,0
2023-06-27 21:57:06.372847498 +0200 CEST m=+10089.864018824,0
2023-06-27 21:57:06.372855649 +0200 CEST m=+10089.864026975,0
2023-06-27 21:57:06.372893001 +0200 CEST m=+10089.864064327,0
2023-06-27 21:57:06.373169924 +0200 CEST m=+10089.864341250,0
2023-06-27 21:57:06.373426573 +0200 CEST m=+10089.864597899,0
2023-06-27 21:57:06.388706589 +0200 CEST m=+10089.879877911,0
2023-06-27 21:57:06.388715172 +0200 CEST m=+10089.879886494,0
2023-06-27 21:57:06.388721464 +0200 CEST m=+10089.879892786,0
2023-06-27 21:57:06.388727854 +0200 CEST m=+10089.879899177,0
2023-06-27 21:57:06.388793118 +0200 CEST m=+10089.879964440,0
2023-06-27 21:57:06.388809649 +0200 CEST m=+10089.879980983,0
2023-06-27 21:57:06.388831876 +0200 CEST m=+10089.880003203,0
2023-06-27 21:57:06.388851004 +0200 CEST m=+10089.880022336,0
2023-06-27 21:57:06.388869159 +0200 CEST m=+10089.880040487,0
2023-06-27 21:57:06.388889286 +0200 CEST m=+10089.880060613,0
2023-06-27 21:57:06.388908281 +0200 CEST m=+10089.880079607,0
2023-06-27 21:57:06.388930431 +0200 CEST m=+10089.880101756,0
2023-06-27 21:57:06.388943668 +0200 CEST m=+10089.880114995,0
2023-06-27 21:57:06.388958628 +0200 CEST m=+10089.880129960,0
2023-06-27 21:57:06.389148995 +0200 CEST m=+10089.880320317,0
2023-06-27 21:57:06.389395184 +0200 CEST m=+10089.880566506,0
2023-06-27 21:57:06.404701136 +0200 CEST m=+10089.895872456,0
2023-06-27 21:57:06.404724277 +0200 CEST m=+10089.895895596,0
2023-06-27 21:57:06.404752927 +0200 CEST m=+10089.895924258,0
2023-06-27 21:57:06.404766802 +0200 CEST m=+10089.895938126,0
2023-06-27 21:57:06.404778266 +0200 CEST m=+10089.895949591,0
2023-06-27 21:57:06.404790367 +0200 CEST m=+10089.895961690,0
2023-06-27 21:57:06.404803746 +0200 CEST m=+10089.895975070,0
2023-06-27 21:57:06.404816073 +0200 CEST m=+10089.895987394,0
2023-06-27 21:57:06.404831522 +0200 CEST m=+10089.896002843,0
2023-06-27 21:57:06.404841242 +0200 CEST m=+10089.896012562,0
2023-06-27 21:57:06.404849323 +0200 CEST m=+10089.896020642,0
2023-06-27 21:57:06.404858141 +0200 CEST m=+10089.896029463,0
2023-06-27 21:57:06.404867655 +0200 CEST m=+10089.896038975,0
2023-06-27 21:57:06.405188373 +0200 CEST m=+10089.896359697,0
2023-06-27 21:57:06.405373911 +0200 CEST m=+10089.896545231,0
2023-06-27 21:57:06.405646893 +0200 CEST m=+10089.896818231,0
2023-06-27 21:57:06.420741194 +0200 CEST m=+10089.911912538,0
2023-06-27 21:57:06.420769526 +0200 CEST m=+10089.911940868,0
2023-06-27 21:57:06.420799875 +0200 CEST m=+10089.911971219,0
2023-06-27 21:57:06.420823017 +0200 CEST m=+10089.911994361,0
2023-06-27 21:57:06.420849143 +0200 CEST m=+10089.912020485,0
2023-06-27 21:57:06.420878142 +0200 CEST m=+10089.912049486,0
2023-06-27 21:57:06.420902518 +0200 CEST m=+10089.912073863,0
2023-06-27 21:57:06.420927846 +0200 CEST m=+10089.912099187,0
2023-06-27 21:57:06.420956573 +0200 CEST m=+10089.912127915,0
2023-06-27 21:57:06.42098269 +0200 CEST m=+10089.912154033,0
2023-06-27 21:57:06.421005921 +0200 CEST m=+10089.912177264,0
2023-06-27 21:57:06.421048941 +0200 CEST m=+10089.912220274,0
2023-06-27 21:57:06.421074892 +0200 CEST m=+10089.912246229,0
2023-06-27 21:57:06.421099854 +0200 CEST m=+10089.912271191,0
2023-06-27 21:57:06.421370491 +0200 CEST m=+10089.912541833,0
2023-06-27 21:57:06.436741001 +0200 CEST m=+10089.927912327,0
2023-06-27 21:57:06.436760364 +0200 CEST m=+10089.927931690,0
2023-06-27 21:57:06.436770463 +0200 CEST m=+10089.927941789,0
2023-06-27 21:57:06.43677883 +0200 CEST m=+10089.927950156,0
2023-06-27 21:57:06.436787549 +0200 CEST m=+10089.927958876,0
2023-06-27 21:57:06.436795733 +0200 CEST m=+10089.927967060,0
2023-06-27 21:57:06.436806193 +0200 CEST m=+10089.927977519,0
2023-06-27 21:57:06.436815078 +0200 CEST m=+10089.927986404,0
2023-06-27 21:57:06.436823704 +0200 CEST m=+10089.927995029,0
2023-06-27 21:57:06.43683251 +0200 CEST m=+10089.928003835,0
2023-06-27 21:57:06.436842483 +0200 CEST m=+10089.928013809,0
2023-06-27 21:57:06.436850499 +0200 CEST m=+10089.928021825,0
2023-06-27 21:57:06.436858541 +0200 CEST m=+10089.928029867,0
2023-06-27 21:57:06.437005367 +0200 CEST m=+10089.928176699,0
2023-06-27 21:57:06.437255903 +0200 CEST m=+10089.928427229,0
2023-06-27 21:57:06.43744063 +0200 CEST m=+10089.928611957,0
2023-06-27 21:57:06.452723327 +0200 CEST m=+10089.943894653,0
2023-06-27 21:57:06.452788291 +0200 CEST m=+10089.943959617,0
2023-06-27 21:57:06.452827625 +0200 CEST m=+10089.943998947,0
2023-06-27 21:57:06.452839199 +0200 CEST m=+10089.944010520,0
2023-06-27 21:57:06.452863202 +0200 CEST m=+10089.944034524,0
2023-06-27 21:57:06.452873961 +0200 CEST m=+10089.944045283,0
2023-06-27 21:57:06.452883365 +0200 CEST m=+10089.944054689,0
2023-06-27 21:57:06.452904463 +0200 CEST m=+10089.944075786,0
2023-06-27 21:57:06.452914106 +0200 CEST m=+10089.944085429,0
2023-06-27 21:57:06.45292521 +0200 CEST m=+10089.944096531,0
2023-06-27 21:57:06.452945112 +0200 CEST m=+10089.944116434,0
2023-06-27 21:57:06.452963726 +0200 CEST m=+10089.944135049,0
2023-06-27 21:57:06.452988193 +0200 CEST m=+10089.944159520,0
2023-06-27 21:57:06.453012247 +0200 CEST m=+10089.944183576,0
2023-06-27 21:57:06.453276932 +0200 CEST m=+10089.944448257,0
2023-06-27 21:57:06.453444866 +0200 CEST m=+10089.944616189,0
2023-06-27 21:57:06.468716055 +0200 CEST m=+10089.959887376,0
2023-06-27 21:57:06.468729763 +0200 CEST m=+10089.959901088,0
2023-06-27 21:57:06.468746546 +0200 CEST m=+10089.959917870,0
2023-06-27 21:57:06.46875968 +0200 CEST m=+10089.959931005,0
2023-06-27 21:57:06.468771488 +0200 CEST m=+10089.959942812,0
2023-06-27 21:57:06.468785124 +0200 CEST m=+10089.959956444,0
2023-06-27 21:57:06.468799877 +0200 CEST m=+10089.959971198,0
2023-06-27 21:57:06.468809389 +0200 CEST m=+10089.959980710,0
2023-06-27 21:57:06.46881928 +0200 CEST m=+10089.959990601,0
2023-06-27 21:57:06.468827874 +0200 CEST m=+10089.959999194,0
2023-06-27 21:57:06.468837016 +0200 CEST m=+10089.960008336,0
2023-06-27 21:57:06.468847333 +0200 CEST m=+10089.960018652,0
2023-06-27 21:57:06.468856629 +0200 CEST m=+10089.960027950,0
2023-06-27 21:57:06.468994095 +0200 CEST m=+10089.960165419,0
2023-06-27 21:57:06.469189859 +0200 CEST m=+10089.960361184,0
2023-06-27 21:57:06.469390652 +0200 CEST m=+10089.960561975,0
2023-06-27 21:57:06.484713551 +0200 CEST m=+10089.975884877,0
2023-06-27 21:57:06.48480997 +0200 CEST m=+10089.975981299,0
2023-06-27 21:57:06.484826349 +0200 CEST m=+10089.975997682,0
2023-06-27 21:57:06.484845667 +0200 CEST m=+10089.976016997,0
2023-06-27 21:57:06.484861472 +0200 CEST m=+10089.976032808,0
2023-06-27 21:57:06.484878735 +0200 CEST m=+10089.976050070,0
2023-06-27 21:57:06.484895613 +0200 CEST m=+10089.976066944,0
2023-06-27 21:57:06.484917457 +0200 CEST m=+10089.976088790,0
2023-06-27 21:57:06.484934054 +0200 CEST m=+10089.976105389,0
2023-06-27 21:57:06.484951273 +0200 CEST m=+10089.976122608,0
2023-06-27 21:57:06.484968027 +0200 CEST m=+10089.976139357,0
2023-06-27 21:57:06.484984439 +0200 CEST m=+10089.976155769,0
2023-06-27 21:57:06.48500207 +0200 CEST m=+10089.976173402,0
2023-06-27 21:57:06.485019279 +0200 CEST m=+10089.976190609,0
2023-06-27 21:57:06.48516282 +0200 CEST m=+10089.976334149,0
2023-06-27 21:57:06.485340211 +0200 CEST m=+10089.976511540,0
2023-06-27 21:57:06.500693058 +0200 CEST m=+10089.991864388,0
2023-06-27 21:57:06.500707933 +0200 CEST m=+10089.991879265,0
2023-06-27 21:57:06.500727506 +0200 CEST m=+10089.991898838,0
2023-06-27 21:57:06.500742143 +0200 CEST m=+10089.991913475,0
2023-06-27 21:57:06.500756404 +0200 CEST m=+10089.991927733,0
2023-06-27 21:57:06.500771991 +0200 CEST m=+10089.991943323,0
2023-06-27 21:57:06.500789561 +0200 CEST m=+10089.991960893,0
2023-06-27 21:57:06.500805119 +0200 CEST m=+10089.991976450,0
2023-06-27 21:57:06.500820073 +0200 CEST m=+10089.991991405,0
2023-06-27 21:57:06.500834383 +0200 CEST m=+10089.992005716,0
2023-06-27 21:57:06.500849381 +0200 CEST m=+10089.992020712,0
2023-06-27 21:57:06.500863776 +0200 CEST m=+10089.992035109,0
2023-06-27 21:57:06.500879059 +0200 CEST m=+10089.992050392,0
2023-06-27 21:57:06.50089826 +0200 CEST m=+10089.992069595,0
2023-06-27 21:57:06.501065629 +0200 CEST m=+10089.992236956,0
2023-06-27 21:57:06.501170604 +0200 CEST m=+10089.992341926,0
2023-06-27 21:57:06.516686238 +0200 CEST m=+10090.007857561,0
2023-06-27 21:57:06.516702783 +0200 CEST m=+10090.007874106,0
2023-06-27 21:57:06.516713087 +0200 CEST m=+10090.007884412,0
2023-06-27 21:57:06.516720585 +0200 CEST m=+10090.007891908,0
2023-06-27 21:57:06.516728383 +0200 CEST m=+10090.007899705,0
2023-06-27 21:57:06.516735397 +0200 CEST m=+10090.007906720,0
2023-06-27 21:57:06.516746185 +0200 CEST m=+10090.007917509,0
2023-06-27 21:57:06.516753065 +0200 CEST m=+10090.007924389,0
2023-06-27 21:57:06.516760225 +0200 CEST m=+10090.007931550,0
2023-06-27 21:57:06.516767714 +0200 CEST m=+10090.007939037,0
2023-06-27 21:57:06.516775546 +0200 CEST m=+10090.007946869,0
2023-06-27 21:57:06.516782774 +0200 CEST m=+10090.007954097,0
2023-06-27 21:57:06.51679052 +0200 CEST m=+10090.007961842,0
2023-06-27 21:57:06.516961186 +0200 CEST m=+10090.008132510,0
2023-06-27 21:57:06.517275378 +0200 CEST m=+10090.008446706,0
2023-06-27 21:57:06.517501589 +0200 CEST m=+10090.008672917,0
2023-06-27 21:57:06.532716939 +0200 CEST m=+10090.023888259,0
2023-06-27 21:57:06.532727656 +0200 CEST m=+10090.023898977,0
2023-06-27 21:57:06.532733422 +0200 CEST m=+10090.023904743,0
2023-06-27 21:57:06.532739568 +0200 CEST m=+10090.023910888,0
2023-06-27 21:57:06.532747446 +0200 CEST m=+10090.023918766,0
2023-06-27 21:57:06.532753338 +0200 CEST m=+10090.023924659,0
2023-06-27 21:57:06.532760246 +0200 CEST m=+10090.023931566,0
2023-06-27 21:57:06.532767176 +0200 CEST m=+10090.023938497,0
2023-06-27 21:57:06.532773106 +0200 CEST m=+10090.023944427,0
2023-06-27 21:57:06.53277881 +0200 CEST m=+10090.023950131,0
2023-06-27 21:57:06.532790889 +0200 CEST m=+10090.023962209,0
2023-06-27 21:57:06.532804523 +0200 CEST m=+10090.023975843,0
2023-06-27 21:57:06.532814035 +0200 CEST m=+10090.023985356,0
2023-06-27 21:57:06.532968546 +0200 CEST m=+10090.024139882,0
2023-06-27 21:57:06.533149445 +0200 CEST m=+10090.024320776,0
2023-06-27 21:57:06.533333539 +0200 CEST m=+10090.024504867,0
2023-06-27 21:57:06.54870649 +0200 CEST m=+10090.039877812,0
2023-06-27 21:57:06.54872593 +0200 CEST m=+10090.039897406,0
2023-06-27 21:57:06.548742943 +0200 CEST m=+10090.039914263,0
2023-06-27 21:57:06.548755335 +0200 CEST m=+10090.039926668,0
2023-06-27 21:57:06.54876377 +0200 CEST m=+10090.039935091,0
2023-06-27 21:57:06.548771039 +0200 CEST m=+10090.039942360,0
2023-06-27 21:57:06.548783847 +0200 CEST m=+10090.039955172,0
2023-06-27 21:57:06.548793962 +0200 CEST m=+10090.039965282,0
2023-06-27 21:57:06.548807325 +0200 CEST m=+10090.039978644,0
2023-06-27 21:57:06.548822782 +0200 CEST m=+10090.039994103,0
2023-06-27 21:57:06.548838478 +0200 CEST m=+10090.040009802,0
2023-06-27 21:57:06.548850814 +0200 CEST m=+10090.040022138,0
2023-06-27 21:57:06.548862109 +0200 CEST m=+10090.040033434,0
2023-06-27 21:57:06.549011989 +0200 CEST m=+10090.040183319,0
2023-06-27 21:57:06.549158884 +0200 CEST m=+10090.040330213,0
2023-06-27 21:57:06.549342157 +0200 CEST m=+10090.040513483,0
2023-06-27 21:57:06.564716358 +0200 CEST m=+10090.055887683,0
2023-06-27 21:57:06.564738379 +0200 CEST m=+10090.055909702,0
2023-06-27 21:57:06.564747158 +0200 CEST m=+10090.055918482,0
2023-06-27 21:57:06.564755494 +0200 CEST m=+10090.055926817,0
2023-06-27 21:57:06.564763309 +0200 CEST m=+10090.055934633,0
2023-06-27 21:57:06.56477037 +0200 CEST m=+10090.055941693,0
2023-06-27 21:57:06.564777447 +0200 CEST m=+10090.055948770,0
2023-06-27 21:57:06.564785271 +0200 CEST m=+10090.055956594,0
2023-06-27 21:57:06.564794234 +0200 CEST m=+10090.055965558,0
2023-06-27 21:57:06.564802158 +0200 CEST m=+10090.055973481,0
2023-06-27 21:57:06.564817424 +0200 CEST m=+10090.055988749,0
2023-06-27 21:57:06.564834816 +0200 CEST m=+10090.056006141,0
2023-06-27 21:57:06.564852223 +0200 CEST m=+10090.056023551,0
2023-06-27 21:57:06.565056618 +0200 CEST m=+10090.056227953,0
2023-06-27 21:57:06.565394663 +0200 CEST m=+10090.056565999,0
2023-06-27 21:57:06.565634744 +0200 CEST m=+10090.056806079,0
2023-06-27 21:57:06.580723053 +0200 CEST m=+10090.071894374,0
2023-06-27 21:57:06.580926905 +0200 CEST m=+10090.072098239,0
2023-06-27 21:57:06.580957425 +0200 CEST m=+10090.072128750,0
2023-06-27 21:57:06.581005228 +0200 CEST m=+10090.072176553,0
2023-06-27 21:57:06.581042126 +0200 CEST m=+10090.072213455,0
2023-06-27 21:57:06.581060376 +0200 CEST m=+10090.072231701,0
2023-06-27 21:57:06.581097128 +0200 CEST m=+10090.072268458,0
2023-06-27 21:57:06.581127489 +0200 CEST m=+10090.072298821,0
2023-06-27 21:57:06.581148807 +0200 CEST m=+10090.072320133,0
2023-06-27 21:57:06.581209846 +0200 CEST m=+10090.072381176,0
2023-06-27 21:57:06.581243853 +0200 CEST m=+10090.072415183,0
2023-06-27 21:57:06.581260315 +0200 CEST m=+10090.072431645,0
2023-06-27 21:57:06.58132845 +0200 CEST m=+10090.072499776,0
2023-06-27 21:57:06.581361778 +0200 CEST m=+10090.072533104,0
2023-06-27 21:57:06.581403329 +0200 CEST m=+10090.072574654,0
2023-06-27 21:57:06.581493125 +0200 CEST m=+10090.072664463,0
2023-06-27 21:57:06.5966737 +0200 CEST m=+10090.087845024,0
2023-06-27 21:57:06.596694895 +0200 CEST m=+10090.087866218,0
2023-06-27 21:57:06.596706912 +0200 CEST m=+10090.087878234,0
2023-06-27 21:57:06.596726028 +0200 CEST m=+10090.087897350,0
2023-06-27 21:57:06.596734578 +0200 CEST m=+10090.087905901,0
2023-06-27 21:57:06.596740913 +0200 CEST m=+10090.087912234,0
2023-06-27 21:57:06.596747949 +0200 CEST m=+10090.087919271,0
2023-06-27 21:57:06.596756165 +0200 CEST m=+10090.087927486,0
2023-06-27 21:57:06.596763064 +0200 CEST m=+10090.087934386,0
2023-06-27 21:57:06.596769335 +0200 CEST m=+10090.087940656,0
2023-06-27 21:57:06.596775696 +0200 CEST m=+10090.087947017,0
2023-06-27 21:57:06.596783216 +0200 CEST m=+10090.087954537,0
2023-06-27 21:57:06.59678963 +0200 CEST m=+10090.087960953,0
2023-06-27 21:57:06.59686815 +0200 CEST m=+10090.088039471,0
2023-06-27 21:57:06.596998472 +0200 CEST m=+10090.088169792,0
2023-06-27 21:57:06.597117279 +0200 CEST m=+10090.088288601,0
2023-06-27 21:57:06.61270275 +0200 CEST m=+10090.103874081,0
2023-06-27 21:57:06.612721112 +0200 CEST m=+10090.103892442,0
2023-06-27 21:57:06.612734583 +0200 CEST m=+10090.103905914,0
2023-06-27 21:57:06.612746929 +0200 CEST m=+10090.103918260,0
2023-06-27 21:57:06.612760138 +0200 CEST m=+10090.103931468,0
2023-06-27 21:57:06.612772552 +0200 CEST m=+10090.103943886,0
2023-06-27 21:57:06.612784782 +0200 CEST m=+10090.103956111,0
2023-06-27 21:57:06.612799046 +0200 CEST m=+10090.103970371,0
2023-06-27 21:57:06.612812004 +0200 CEST m=+10090.103983336,0
2023-06-27 21:57:06.612826048 +0200 CEST m=+10090.103997378,0
2023-06-27 21:57:06.612839919 +0200 CEST m=+10090.104011249,0
2023-06-27 21:57:06.612854323 +0200 CEST m=+10090.104025650,0
2023-06-27 21:57:06.612866237 +0200 CEST m=+10090.104037569,0
2023-06-27 21:57:06.612934235 +0200 CEST m=+10090.104105560,0
2023-06-27 21:57:06.613142303 +0200 CEST m=+10090.104313633,0
2023-06-27 21:57:06.613296795 +0200 CEST m=+10090.104468121,0
2023-06-27 21:57:06.628840028 +0200 CEST m=+10090.120011349,0
2023-06-27 21:57:06.628858119 +0200 CEST m=+10090.120029444,0
2023-06-27 21:57:06.628873544 +0200 CEST m=+10090.120044866,0
2023-06-27 21:57:06.628890566 +0200 CEST m=+10090.120061887,0
2023-06-27 21:57:06.628906664 +0200 CEST m=+10090.120077985,0
2023-06-27 21:57:06.628926586 +0200 CEST m=+10090.120097908,0
2023-06-27 21:57:06.628945405 +0200 CEST m=+10090.120116726,0
2023-06-27 21:57:06.628963388 +0200 CEST m=+10090.120134709,0
2023-06-27 21:57:06.628981386 +0200 CEST m=+10090.120152709,0
2023-06-27 21:57:06.628999395 +0200 CEST m=+10090.120170725,0
2023-06-27 21:57:06.6290161 +0200 CEST m=+10090.120187428,0
2023-06-27 21:57:06.629042447 +0200 CEST m=+10090.120213777,0
2023-06-27 21:57:06.629063845 +0200 CEST m=+10090.120235171,0
2023-06-27 21:57:06.629123429 +0200 CEST m=+10090.120294754,0
2023-06-27 21:57:06.629350244 +0200 CEST m=+10090.120521569,0
2023-06-27 21:57:06.629779199 +0200 CEST m=+10090.120950580,0
2023-06-27 21:57:06.644748125 +0200 CEST m=+10090.135919459,0
2023-06-27 21:57:06.644774535 +0200 CEST m=+10090.135945879,0
2023-06-27 21:57:06.644806872 +0200 CEST m=+10090.135978495,0
2023-06-27 21:57:06.644839606 +0200 CEST m=+10090.136010945,0
2023-06-27 21:57:06.644872341 +0200 CEST m=+10090.136043679,0
2023-06-27 21:57:06.644904671 +0200 CEST m=+10090.136076010,0
2023-06-27 21:57:06.644934469 +0200 CEST m=+10090.136105814,0
2023-06-27 21:57:06.644968107 +0200 CEST m=+10090.136139447,0
2023-06-27 21:57:06.644997085 +0200 CEST m=+10090.136168416,0
2023-06-27 21:57:06.645023907 +0200 CEST m=+10090.136195248,0
2023-06-27 21:57:06.645052404 +0200 CEST m=+10090.136223755,0
2023-06-27 21:57:06.64507593 +0200 CEST m=+10090.136247268,0
2023-06-27 21:57:06.645113745 +0200 CEST m=+10090.136285087,0
2023-06-27 21:57:06.645141948 +0200 CEST m=+10090.136313281,0
2023-06-27 21:57:06.645400868 +0200 CEST m=+10090.136572206,0
2023-06-27 21:57:06.660686851 +0200 CEST m=+10090.151858181,0
2023-06-27 21:57:06.660705622 +0200 CEST m=+10090.151876952,0
2023-06-27 21:57:06.66072449 +0200 CEST m=+10090.151895820,0
2023-06-27 21:57:06.660740395 +0200 CEST m=+10090.151911726,0
2023-06-27 21:57:06.6607555 +0200 CEST m=+10090.151926831,0
2023-06-27 21:57:06.660772385 +0200 CEST m=+10090.151943711,0
2023-06-27 21:57:06.6607866 +0200 CEST m=+10090.151957926,0
2023-06-27 21:57:06.660806789 +0200 CEST m=+10090.151978122,0
2023-06-27 21:57:06.660824251 +0200 CEST m=+10090.151995578,0
2023-06-27 21:57:06.660847762 +0200 CEST m=+10090.152019088,0
2023-06-27 21:57:06.660867894 +0200 CEST m=+10090.152039224,0
2023-06-27 21:57:06.660885214 +0200 CEST m=+10090.152056544,0
2023-06-27 21:57:06.6609005 +0200 CEST m=+10090.152071831,0
2023-06-27 21:57:06.660924002 +0200 CEST m=+10090.152095332,0
2023-06-27 21:57:06.661167611 +0200 CEST m=+10090.152338952,0
2023-06-27 21:57:06.661321193 +0200 CEST m=+10090.152492523,0
2023-06-27 21:57:06.676810353 +0200 CEST m=+10090.167981678,0
2023-06-27 21:57:06.676896185 +0200 CEST m=+10090.168067513,0
2023-06-27 21:57:06.676912069 +0200 CEST m=+10090.168083395,0
2023-06-27 21:57:06.676936349 +0200 CEST m=+10090.168107675,0
2023-06-27 21:57:06.676959802 +0200 CEST m=+10090.168131128,0
2023-06-27 21:57:06.67697536 +0200 CEST m=+10090.168146686,0
2023-06-27 21:57:06.676994222 +0200 CEST m=+10090.168165547,0
2023-06-27 21:57:06.677008338 +0200 CEST m=+10090.168179664,0
2023-06-27 21:57:06.677022582 +0200 CEST m=+10090.168193905,0
2023-06-27 21:57:06.67703793 +0200 CEST m=+10090.168209255,0
2023-06-27 21:57:06.67705338 +0200 CEST m=+10090.168224705,0
2023-06-27 21:57:06.677067525 +0200 CEST m=+10090.168238850,0
2023-06-27 21:57:06.677082144 +0200 CEST m=+10090.168253469,0
2023-06-27 21:57:06.677097662 +0200 CEST m=+10090.168268998,0
2023-06-27 21:57:06.67718332 +0200 CEST m=+10090.168354648,0
2023-06-27 21:57:06.677385744 +0200 CEST m=+10090.168557072,0
2023-06-27 21:57:06.692742868 +0200 CEST m=+10090.183914187,0
2023-06-27 21:57:06.692756169 +0200 CEST m=+10090.183927494,0
2023-06-27 21:57:06.692767516 +0200 CEST m=+10090.183938840,0
2023-06-27 21:57:06.692786784 +0200 CEST m=+10090.183958108,0
2023-06-27 21:57:06.692798762 +0200 CEST m=+10090.183970088,0
2023-06-27 21:57:06.692811526 +0200 CEST m=+10090.183982845,0
2023-06-27 21:57:06.692822881 +0200 CEST m=+10090.183994201,0
2023-06-27 21:57:06.692831591 +0200 CEST m=+10090.184002912,0
2023-06-27 21:57:06.692842187 +0200 CEST m=+10090.184013511,0
2023-06-27 21:57:06.6928505 +0200 CEST m=+10090.184021820,0
2023-06-27 21:57:06.692860498 +0200 CEST m=+10090.184031817,0
2023-06-27 21:57:06.692871761 +0200 CEST m=+10090.184043082,0
2023-06-27 21:57:06.692884642 +0200 CEST m=+10090.184055965,0
2023-06-27 21:57:06.692973052 +0200 CEST m=+10090.184144372,0
2023-06-27 21:57:06.693155623 +0200 CEST m=+10090.184326946,0
2023-06-27 21:57:06.693334569 +0200 CEST m=+10090.184505893,0
2023-06-27 21:57:06.708739628 +0200 CEST m=+10090.199910964,0
2023-06-27 21:57:06.70875905 +0200 CEST m=+10090.199930387,0
2023-06-27 21:57:06.708798043 +0200 CEST m=+10090.199969383,0
2023-06-27 21:57:06.70881635 +0200 CEST m=+10090.199987679,0
2023-06-27 21:57:06.708828678 +0200 CEST m=+10090.200000007,0
2023-06-27 21:57:06.708843701 +0200 CEST m=+10090.200015031,0
2023-06-27 21:57:06.708853486 +0200 CEST m=+10090.200024813,0
2023-06-27 21:57:06.708863473 +0200 CEST m=+10090.200034802,0
2023-06-27 21:57:06.708873929 +0200 CEST m=+10090.200045258,0
2023-06-27 21:57:06.708885402 +0200 CEST m=+10090.200056731,0
2023-06-27 21:57:06.708895845 +0200 CEST m=+10090.200067175,0
2023-06-27 21:57:06.708906161 +0200 CEST m=+10090.200077490,0
2023-06-27 21:57:06.708916168 +0200 CEST m=+10090.200087497,0
2023-06-27 21:57:06.709013369 +0200 CEST m=+10090.200184718,0
2023-06-27 21:57:06.709428497 +0200 CEST m=+10090.200599825,0
2023-06-27 21:57:06.709577311 +0200 CEST m=+10090.200748636,0
2023-06-27 21:57:06.724687869 +0200 CEST m=+10090.215859192,0
2023-06-27 21:57:06.724723242 +0200 CEST m=+10090.215894568,0
2023-06-27 21:57:06.724738358 +0200 CEST m=+10090.215909685,0
2023-06-27 21:57:06.724751997 +0200 CEST m=+10090.215923323,0
2023-06-27 21:57:06.724765098 +0200 CEST m=+10090.215936425,0
2023-06-27 21:57:06.724778692 +0200 CEST m=+10090.215950019,0
2023-06-27 21:57:06.72479526 +0200 CEST m=+10090.215966587,0
2023-06-27 21:57:06.724809158 +0200 CEST m=+10090.215980485,0
2023-06-27 21:57:06.72482435 +0200 CEST m=+10090.215995676,0
2023-06-27 21:57:06.724865707 +0200 CEST m=+10090.216037038,0
2023-06-27 21:57:06.724883215 +0200 CEST m=+10090.216054543,0
2023-06-27 21:57:06.724897865 +0200 CEST m=+10090.216069192,0
2023-06-27 21:57:06.724911087 +0200 CEST m=+10090.216082415,0
2023-06-27 21:57:06.724924489 +0200 CEST m=+10090.216095816,0
2023-06-27 21:57:06.725075258 +0200 CEST m=+10090.216246581,0
2023-06-27 21:57:06.725235401 +0200 CEST m=+10090.216406722,0
2023-06-27 21:57:06.740707731 +0200 CEST m=+10090.231879052,0
2023-06-27 21:57:06.740721034 +0200 CEST m=+10090.231892359,0
2023-06-27 21:57:06.740737742 +0200 CEST m=+10090.231909067,0
2023-06-27 21:57:06.740756001 +0200 CEST m=+10090.231927326,0
2023-06-27 21:57:06.7407686 +0200 CEST m=+10090.231939924,0
2023-06-27 21:57:06.740782377 +0200 CEST m=+10090.231953702,0
2023-06-27 21:57:06.740794487 +0200 CEST m=+10090.231965811,0
2023-06-27 21:57:06.740809194 +0200 CEST m=+10090.231980515,0
2023-06-27 21:57:06.740833954 +0200 CEST m=+10090.232005275,0
2023-06-27 21:57:06.740843901 +0200 CEST m=+10090.232015222,0
2023-06-27 21:57:06.740857218 +0200 CEST m=+10090.232028539,0
2023-06-27 21:57:06.740868688 +0200 CEST m=+10090.232040011,0
2023-06-27 21:57:06.740879888 +0200 CEST m=+10090.232051211,0
2023-06-27 21:57:06.740978188 +0200 CEST m=+10090.232149510,0
2023-06-27 21:57:06.741259451 +0200 CEST m=+10090.232430781,0
2023-06-27 21:57:06.741583182 +0200 CEST m=+10090.232754516,0
2023-06-27 21:57:06.756699037 +0200 CEST m=+10090.247870362,0
2023-06-27 21:57:06.756707627 +0200 CEST m=+10090.247878952,0
2023-06-27 21:57:06.756744046 +0200 CEST m=+10090.247915376,0
2023-06-27 21:57:06.75676765 +0200 CEST m=+10090.247938980,0
2023-06-27 21:57:06.756787779 +0200 CEST m=+10090.247959106,0
2023-06-27 21:57:06.756803744 +0200 CEST m=+10090.247975068,0
2023-06-27 21:57:06.756813452 +0200 CEST m=+10090.247984777,0
2023-06-27 21:57:06.756822595 +0200 CEST m=+10090.247993919,0
2023-06-27 21:57:06.75683154 +0200 CEST m=+10090.248002864,0
2023-06-27 21:57:06.756849169 +0200 CEST m=+10090.248020496,0
2023-06-27 21:57:06.756863524 +0200 CEST m=+10090.248034850,0
2023-06-27 21:57:06.75687763 +0200 CEST m=+10090.248048957,0
2023-06-27 21:57:06.756894513 +0200 CEST m=+10090.248065839,0
2023-06-27 21:57:06.756912407 +0200 CEST m=+10090.248083732,0
2023-06-27 21:57:06.75700973 +0200 CEST m=+10090.248181054,0
2023-06-27 21:57:06.75727138 +0200 CEST m=+10090.248442707,0
2023-06-27 21:57:06.772716266 +0200 CEST m=+10090.263887606,0
2023-06-27 21:57:06.772741124 +0200 CEST m=+10090.263912462,0
2023-06-27 21:57:06.772770271 +0200 CEST m=+10090.263941611,0
2023-06-27 21:57:06.77278936 +0200 CEST m=+10090.263960700,0
2023-06-27 21:57:06.772809949 +0200 CEST m=+10090.263981294,0
2023-06-27 21:57:06.772828116 +0200 CEST m=+10090.263999459,0
2023-06-27 21:57:06.772892661 +0200 CEST m=+10090.264063992,0
2023-06-27 21:57:06.77290983 +0200 CEST m=+10090.264081164,0
2023-06-27 21:57:06.772929442 +0200 CEST m=+10090.264100780,0
2023-06-27 21:57:06.772949901 +0200 CEST m=+10090.264121241,0
2023-06-27 21:57:06.772971479 +0200 CEST m=+10090.264142820,0
2023-06-27 21:57:06.772991492 +0200 CEST m=+10090.264162831,0
2023-06-27 21:57:06.773010442 +0200 CEST m=+10090.264181784,0
2023-06-27 21:57:06.773029974 +0200 CEST m=+10090.264201313,0
2023-06-27 21:57:06.773135891 +0200 CEST m=+10090.264307217,0
2023-06-27 21:57:06.773334786 +0200 CEST m=+10090.264506113,0
2023-06-27 21:57:06.78869442 +0200 CEST m=+10090.279865740,0
2023-06-27 21:57:06.788704081 +0200 CEST m=+10090.279875402,0
2023-06-27 21:57:06.788709821 +0200 CEST m=+10090.279881140,0
2023-06-27 21:57:06.788715826 +0200 CEST m=+10090.279887147,0
2023-06-27 21:57:06.788769602 +0200 CEST m=+10090.279940925,0
2023-06-27 21:57:06.788782591 +0200 CEST m=+10090.279953911,0
2023-06-27 21:57:06.788790199 +0200 CEST m=+10090.279961519,0
2023-06-27 21:57:06.788796959 +0200 CEST m=+10090.279968279,0
2023-06-27 21:57:06.788802686 +0200 CEST m=+10090.279974007,0
2023-06-27 21:57:06.788809037 +0200 CEST m=+10090.279980357,0
2023-06-27 21:57:06.788816358 +0200 CEST m=+10090.279987678,0
2023-06-27 21:57:06.788824271 +0200 CEST m=+10090.279995591,0
2023-06-27 21:57:06.78883054 +0200 CEST m=+10090.280001860,0
2023-06-27 21:57:06.788867277 +0200 CEST m=+10090.280038596,0
2023-06-27 21:57:06.789053935 +0200 CEST m=+10090.280225259,0
2023-06-27 21:57:06.789162239 +0200 CEST m=+10090.280333568,0
2023-06-27 21:57:06.804746998 +0200 CEST m=+10090.295918329,0
2023-06-27 21:57:06.80476199 +0200 CEST m=+10090.295933315,0
2023-06-27 21:57:06.804773077 +0200 CEST m=+10090.295944405,0
2023-06-27 21:57:06.804785041 +0200 CEST m=+10090.295956367,0
2023-06-27 21:57:06.804800435 +0200 CEST m=+10090.295971765,0
2023-06-27 21:57:06.804814716 +0200 CEST m=+10090.295986049,0
2023-06-27 21:57:06.80482857 +0200 CEST m=+10090.295999902,0
2023-06-27 21:57:06.804842589 +0200 CEST m=+10090.296013920,0
2023-06-27 21:57:06.804855669 +0200 CEST m=+10090.296027000,0
2023-06-27 21:57:06.804868691 +0200 CEST m=+10090.296040023,0
2023-06-27 21:57:06.804886586 +0200 CEST m=+10090.296057919,0
2023-06-27 21:57:06.804899631 +0200 CEST m=+10090.296070959,0
2023-06-27 21:57:06.804913452 +0200 CEST m=+10090.296084782,0
2023-06-27 21:57:06.805328673 +0200 CEST m=+10090.296500002,0
2023-06-27 21:57:06.80583645 +0200 CEST m=+10090.297007840,0
2023-06-27 21:57:06.806475334 +0200 CEST m=+10090.297646721,0
2023-06-27 21:57:06.820735308 +0200 CEST m=+10090.311906631,0
2023-06-27 21:57:06.820753453 +0200 CEST m=+10090.311924775,0
2023-06-27 21:57:06.820765394 +0200 CEST m=+10090.311936717,0
2023-06-27 21:57:06.820777843 +0200 CEST m=+10090.311949166,0
2023-06-27 21:57:06.820791225 +0200 CEST m=+10090.311962548,0
2023-06-27 21:57:06.820805211 +0200 CEST m=+10090.311976537,0
2023-06-27 21:57:06.820818937 +0200 CEST m=+10090.311990259,0
2023-06-27 21:57:06.82083313 +0200 CEST m=+10090.312004454,0
2023-06-27 21:57:06.82084564 +0200 CEST m=+10090.312016963,0
2023-06-27 21:57:06.82085788 +0200 CEST m=+10090.312029204,0
2023-06-27 21:57:06.820871107 +0200 CEST m=+10090.312042432,0
2023-06-27 21:57:06.820885182 +0200 CEST m=+10090.312056506,0
2023-06-27 21:57:06.820897527 +0200 CEST m=+10090.312068851,0
2023-06-27 21:57:06.821124228 +0200 CEST m=+10090.312295549,0
2023-06-27 21:57:06.821333692 +0200 CEST m=+10090.312505014,0
2023-06-27 21:57:06.821648915 +0200 CEST m=+10090.312820274,0
2023-06-27 21:57:06.836842468 +0200 CEST m=+10090.328013794,0
2023-06-27 21:57:06.836861829 +0200 CEST m=+10090.328033159,0
2023-06-27 21:57:06.836886469 +0200 CEST m=+10090.328057801,0
2023-06-27 21:57:06.836905576 +0200 CEST m=+10090.328076902,0
2023-06-27 21:57:06.836922579 +0200 CEST m=+10090.328093904,0
2023-06-27 21:57:06.836937131 +0200 CEST m=+10090.328108457,0
2023-06-27 21:57:06.836962129 +0200 CEST m=+10090.328133453,0
2023-06-27 21:57:06.836978399 +0200 CEST m=+10090.328149735,0
2023-06-27 21:57:06.837019829 +0200 CEST m=+10090.328191154,0
2023-06-27 21:57:06.837047081 +0200 CEST m=+10090.328218406,0
2023-06-27 21:57:06.837062334 +0200 CEST m=+10090.328233666,0
2023-06-27 21:57:06.837089918 +0200 CEST m=+10090.328261249,0
2023-06-27 21:57:06.837110091 +0200 CEST m=+10090.328281423,0
2023-06-27 21:57:06.837397484 +0200 CEST m=+10090.328568815,0
2023-06-27 21:57:06.83764793 +0200 CEST m=+10090.328819256,0
2023-06-27 21:57:06.837940846 +0200 CEST m=+10090.329112172,0
2023-06-27 21:57:06.852775331 +0200 CEST m=+10090.343946654,0
2023-06-27 21:57:06.852785963 +0200 CEST m=+10090.343957287,0
2023-06-27 21:57:06.852816657 +0200 CEST m=+10090.343987981,0
2023-06-27 21:57:06.852829746 +0200 CEST m=+10090.344001073,0
2023-06-27 21:57:06.852847311 +0200 CEST m=+10090.344018639,0
2023-06-27 21:57:06.852863848 +0200 CEST m=+10090.344035175,0
2023-06-27 21:57:06.852877165 +0200 CEST m=+10090.344048493,0
2023-06-27 21:57:06.852892947 +0200 CEST m=+10090.344064280,0
2023-06-27 21:57:06.852909019 +0200 CEST m=+10090.344080343,0
2023-06-27 21:57:06.852924276 +0200 CEST m=+10090.344095604,0
2023-06-27 21:57:06.852939593 +0200 CEST m=+10090.344110920,0
2023-06-27 21:57:06.852954049 +0200 CEST m=+10090.344125377,0
2023-06-27 21:57:06.852968805 +0200 CEST m=+10090.344140131,0
2023-06-27 21:57:06.852982664 +0200 CEST m=+10090.344153987,0
2023-06-27 21:57:06.853101975 +0200 CEST m=+10090.344273299,0
2023-06-27 21:57:06.868727027 +0200 CEST m=+10090.359898372,0
2023-06-27 21:57:06.868762644 +0200 CEST m=+10090.359933978,0
2023-06-27 21:57:06.868790459 +0200 CEST m=+10090.359961904,0
2023-06-27 21:57:06.868830026 +0200 CEST m=+10090.360001358,0
2023-06-27 21:57:06.868858474 +0200 CEST m=+10090.360029806,0
2023-06-27 21:57:06.868884494 +0200 CEST m=+10090.360055962,0
2023-06-27 21:57:06.868912044 +0200 CEST m=+10090.360083376,0
2023-06-27 21:57:06.868943772 +0200 CEST m=+10090.360115104,0
2023-06-27 21:57:06.868970375 +0200 CEST m=+10090.360141707,0
2023-06-27 21:57:06.868998639 +0200 CEST m=+10090.360169971,0
2023-06-27 21:57:06.869030165 +0200 CEST m=+10090.360201499,0
2023-06-27 21:57:06.869056757 +0200 CEST m=+10090.360228089,0
2023-06-27 21:57:06.869083228 +0200 CEST m=+10090.360254580,0
2023-06-27 21:57:06.869110979 +0200 CEST m=+10090.360282310,0
2023-06-27 21:57:06.869314742 +0200 CEST m=+10090.360486092,0
2023-06-27 21:57:06.86959302 +0200 CEST m=+10090.360764345,0
2023-06-27 21:57:06.88488664 +0200 CEST m=+10090.376057978,0
2023-06-27 21:57:06.884914304 +0200 CEST m=+10090.376085639,0
2023-06-27 21:57:06.884938161 +0200 CEST m=+10090.376109504,0
2023-06-27 21:57:06.884962889 +0200 CEST m=+10090.376134226,0
2023-06-27 21:57:06.884992671 +0200 CEST m=+10090.376164009,0
2023-06-27 21:57:06.885020524 +0200 CEST m=+10090.376191859,0
2023-06-27 21:57:06.885045642 +0200 CEST m=+10090.376216984,0
2023-06-27 21:57:06.885073073 +0200 CEST m=+10090.376244414,0
2023-06-27 21:57:06.885102508 +0200 CEST m=+10090.376273848,0
2023-06-27 21:57:06.885141509 +0200 CEST m=+10090.376312864,0
2023-06-27 21:57:06.885168192 +0200 CEST m=+10090.376339531,0
2023-06-27 21:57:06.885194156 +0200 CEST m=+10090.376365496,0
2023-06-27 21:57:06.88522148 +0200 CEST m=+10090.376392820,0
2023-06-27 21:57:06.885245917 +0200 CEST m=+10090.376417255,0
2023-06-27 21:57:06.885609419 +0200 CEST m=+10090.376780761,0
2023-06-27 21:57:06.885981175 +0200 CEST m=+10090.377152529,0
2023-06-27 21:57:06.900718275 +0200 CEST m=+10090.391889608,0
2023-06-27 21:57:06.900739828 +0200 CEST m=+10090.391911160,0
2023-06-27 21:57:06.900758348 +0200 CEST m=+10090.391929681,0
2023-06-27 21:57:06.900780418 +0200 CEST m=+10090.391951751,0
2023-06-27 21:57:06.900799762 +0200 CEST m=+10090.391971094,0
2023-06-27 21:57:06.90081744 +0200 CEST m=+10090.391988773,0
2023-06-27 21:57:06.900834406 +0200 CEST m=+10090.392005739,0
2023-06-27 21:57:06.900862228 +0200 CEST m=+10090.392033561,0
2023-06-27 21:57:06.900881078 +0200 CEST m=+10090.392052414,0
2023-06-27 21:57:06.90089946 +0200 CEST m=+10090.392070788,0
2023-06-27 21:57:06.900932166 +0200 CEST m=+10090.392103500,0
2023-06-27 21:57:06.900949377 +0200 CEST m=+10090.392120705,0
2023-06-27 21:57:06.900966055 +0200 CEST m=+10090.392137387,0
2023-06-27 21:57:06.900984761 +0200 CEST m=+10090.392156096,0
2023-06-27 21:57:06.901286651 +0200 CEST m=+10090.392457982,0
2023-06-27 21:57:06.901527016 +0200 CEST m=+10090.392698346,0
2023-06-27 21:57:06.916737187 +0200 CEST m=+10090.407908510,0
2023-06-27 21:57:06.916777785 +0200 CEST m=+10090.407949107,0
2023-06-27 21:57:06.916784529 +0200 CEST m=+10090.407955851,0
2023-06-27 21:57:06.916808424 +0200 CEST m=+10090.407979749,0
2023-06-27 21:57:06.916829099 +0200 CEST m=+10090.408000420,0
2023-06-27 21:57:06.916841597 +0200 CEST m=+10090.408012926,0
2023-06-27 21:57:06.916876214 +0200 CEST m=+10090.408047536,0
2023-06-27 21:57:06.916894101 +0200 CEST m=+10090.408065423,0
2023-06-27 21:57:06.916905697 +0200 CEST m=+10090.408077019,0
2023-06-27 21:57:06.916973594 +0200 CEST m=+10090.408144915,0
2023-06-27 21:57:06.916984809 +0200 CEST m=+10090.408156132,0
2023-06-27 21:57:06.916993873 +0200 CEST m=+10090.408165195,0
2023-06-27 21:57:06.917005276 +0200 CEST m=+10090.408176597,0
2023-06-27 21:57:06.917017209 +0200 CEST m=+10090.408188530,0
2023-06-27 21:57:06.917138994 +0200 CEST m=+10090.408310318,0
2023-06-27 21:57:06.91784886 +0200 CEST m=+10090.409020191,0
2023-06-27 21:57:06.93272515 +0200 CEST m=+10090.423896489,0
2023-06-27 21:57:06.93274562 +0200 CEST m=+10090.423916961,0
2023-06-27 21:57:06.932764959 +0200 CEST m=+10090.423936301,0
2023-06-27 21:57:06.932785763 +0200 CEST m=+10090.423957105,0
2023-06-27 21:57:06.932805006 +0200 CEST m=+10090.423976347,0
2023-06-27 21:57:06.932837056 +0200 CEST m=+10090.424008390,0
2023-06-27 21:57:06.93286614 +0200 CEST m=+10090.424037483,0
2023-06-27 21:57:06.932885444 +0200 CEST m=+10090.424056787,0
2023-06-27 21:57:06.932906441 +0200 CEST m=+10090.424077782,0
2023-06-27 21:57:06.932926702 +0200 CEST m=+10090.424098043,0
2023-06-27 21:57:06.932946656 +0200 CEST m=+10090.424117998,0
2023-06-27 21:57:06.932970071 +0200 CEST m=+10090.424141412,0
2023-06-27 21:57:06.93299732 +0200 CEST m=+10090.424168661,0
2023-06-27 21:57:06.933086365 +0200 CEST m=+10090.424257709,0
2023-06-27 21:57:06.933426236 +0200 CEST m=+10090.424597569,0
2023-06-27 21:57:06.933687426 +0200 CEST m=+10090.424858757,0
2023-06-27 21:57:06.948723598 +0200 CEST m=+10090.439894929,0
2023-06-27 21:57:06.948739649 +0200 CEST m=+10090.439910978,0
2023-06-27 21:57:06.948757347 +0200 CEST m=+10090.439928678,0
2023-06-27 21:57:06.948777482 +0200 CEST m=+10090.439948807,0
2023-06-27 21:57:06.948795151 +0200 CEST m=+10090.439966481,0
2023-06-27 21:57:06.94881103 +0200 CEST m=+10090.439982360,0
2023-06-27 21:57:06.948827745 +0200 CEST m=+10090.439999074,0
2023-06-27 21:57:06.948891344 +0200 CEST m=+10090.440062674,0
2023-06-27 21:57:06.94891113 +0200 CEST m=+10090.440082457,0
2023-06-27 21:57:06.948932225 +0200 CEST m=+10090.440103561,0
2023-06-27 21:57:06.948949252 +0200 CEST m=+10090.440120582,0
2023-06-27 21:57:06.948968895 +0200 CEST m=+10090.440140226,0
2023-06-27 21:57:06.94898516 +0200 CEST m=+10090.440156490,0
2023-06-27 21:57:06.949033022 +0200 CEST m=+10090.440204361,0
2023-06-27 21:57:06.949274735 +0200 CEST m=+10090.440446065,0
2023-06-27 21:57:06.949477429 +0200 CEST m=+10090.440648753,0
2023-06-27 21:57:06.964749778 +0200 CEST m=+10090.455921103,0
2023-06-27 21:57:06.964758118 +0200 CEST m=+10090.455929443,0
2023-06-27 21:57:06.964805949 +0200 CEST m=+10090.455977280,0
2023-06-27 21:57:06.964822332 +0200 CEST m=+10090.455993663,0
2023-06-27 21:57:06.964838978 +0200 CEST m=+10090.456010307,0
2023-06-27 21:57:06.964857116 +0200 CEST m=+10090.456028450,0
2023-06-27 21:57:06.964870921 +0200 CEST m=+10090.456042246,0
2023-06-27 21:57:06.964887093 +0200 CEST m=+10090.456058417,0
2023-06-27 21:57:06.964902257 +0200 CEST m=+10090.456073582,0
2023-06-27 21:57:06.964916817 +0200 CEST m=+10090.456088142,0
2023-06-27 21:57:06.964930721 +0200 CEST m=+10090.456102051,0
2023-06-27 21:57:06.964949161 +0200 CEST m=+10090.456120492,0
2023-06-27 21:57:06.964966424 +0200 CEST m=+10090.456137755,0
2023-06-27 21:57:06.965027803 +0200 CEST m=+10090.456199141,0
2023-06-27 21:57:06.96537986 +0200 CEST m=+10090.456551185,0
2023-06-27 21:57:06.965607258 +0200 CEST m=+10090.456778588,0
2023-06-27 21:57:06.980782984 +0200 CEST m=+10090.471954308,0
2023-06-27 21:57:06.980811545 +0200 CEST m=+10090.471982869,0
2023-06-27 21:57:06.980852072 +0200 CEST m=+10090.472023397,0
2023-06-27 21:57:06.980871849 +0200 CEST m=+10090.472043174,0
2023-06-27 21:57:06.980884419 +0200 CEST m=+10090.472055744,0
2023-06-27 21:57:06.980896346 +0200 CEST m=+10090.472067670,0
2023-06-27 21:57:06.980912752 +0200 CEST m=+10090.472084076,0
2023-06-27 21:57:06.980931414 +0200 CEST m=+10090.472102737,0
2023-06-27 21:57:06.980949595 +0200 CEST m=+10090.472120919,0
2023-06-27 21:57:06.98097251 +0200 CEST m=+10090.472143834,0
2023-06-27 21:57:06.980984515 +0200 CEST m=+10090.472155840,0
2023-06-27 21:57:06.980998898 +0200 CEST m=+10090.472170222,0
2023-06-27 21:57:06.981014034 +0200 CEST m=+10090.472185359,0
2023-06-27 21:57:06.981234344 +0200 CEST m=+10090.472405673,0
2023-06-27 21:57:06.981439509 +0200 CEST m=+10090.472610839,0
2023-06-27 21:57:06.981620598 +0200 CEST m=+10090.472791927,0
2023-06-27 21:57:06.996760391 +0200 CEST m=+10090.487931722,0
2023-06-27 21:57:06.996774226 +0200 CEST m=+10090.487945550,0
2023-06-27 21:57:06.996786047 +0200 CEST m=+10090.487957371,0
2023-06-27 21:57:06.996794744 +0200 CEST m=+10090.487966070,0
2023-06-27 21:57:06.996802448 +0200 CEST m=+10090.487973772,0
2023-06-27 21:57:06.996818005 +0200 CEST m=+10090.487989330,0
2023-06-27 21:57:06.996826897 +0200 CEST m=+10090.487998221,0
2023-06-27 21:57:06.996834422 +0200 CEST m=+10090.488005747,0
2023-06-27 21:57:06.996842921 +0200 CEST m=+10090.488014245,0
2023-06-27 21:57:06.996850948 +0200 CEST m=+10090.488022272,0
2023-06-27 21:57:06.996859607 +0200 CEST m=+10090.488030932,0
2023-06-27 21:57:06.996867744 +0200 CEST m=+10090.488039069,0
2023-06-27 21:57:06.996882343 +0200 CEST m=+10090.488053677,0
2023-06-27 21:57:06.996976665 +0200 CEST m=+10090.488147998,0
2023-06-27 21:57:06.997203872 +0200 CEST m=+10090.488375202,0
2023-06-27 21:57:06.997381459 +0200 CEST m=+10090.488552784,0
2023-06-27 21:57:07.012800482 +0200 CEST m=+10090.503971807,0
2023-06-27 21:57:07.012809009 +0200 CEST m=+10090.503980335,0
2023-06-27 21:57:07.012820792 +0200 CEST m=+10090.503992117,0
2023-06-27 21:57:07.01282966 +0200 CEST m=+10090.504000985,0
2023-06-27 21:57:07.012837257 +0200 CEST m=+10090.504008581,0
2023-06-27 21:57:07.012848208 +0200 CEST m=+10090.504019533,0
2023-06-27 21:57:07.012856294 +0200 CEST m=+10090.504027619,0
2023-06-27 21:57:07.012865469 +0200 CEST m=+10090.504036795,0
2023-06-27 21:57:07.012873049 +0200 CEST m=+10090.504044373,0
2023-06-27 21:57:07.012881274 +0200 CEST m=+10090.504052599,0
2023-06-27 21:57:07.012889108 +0200 CEST m=+10090.504060433,0
2023-06-27 21:57:07.012897359 +0200 CEST m=+10090.504068684,0
2023-06-27 21:57:07.012905496 +0200 CEST m=+10090.504076820,0
2023-06-27 21:57:07.012960118 +0200 CEST m=+10090.504131448,0
2023-06-27 21:57:07.01324165 +0200 CEST m=+10090.504412985,0
2023-06-27 21:57:07.013512644 +0200 CEST m=+10090.504683973,0
2023-06-27 21:57:07.028813145 +0200 CEST m=+10090.519984468,0
2023-06-27 21:57:07.028823032 +0200 CEST m=+10090.519994354,0
2023-06-27 21:57:07.028835883 +0200 CEST m=+10090.520007207,0
2023-06-27 21:57:07.028844959 +0200 CEST m=+10090.520016281,0
2023-06-27 21:57:07.028855697 +0200 CEST m=+10090.520027019,0
2023-06-27 21:57:07.028873289 +0200 CEST m=+10090.520044622,0
2023-06-27 21:57:07.028891319 +0200 CEST m=+10090.520062647,0
2023-06-27 21:57:07.028906037 +0200 CEST m=+10090.520077364,0
2023-06-27 21:57:07.028919581 +0200 CEST m=+10090.520090909,0
2023-06-27 21:57:07.028934323 +0200 CEST m=+10090.520105655,0
2023-06-27 21:57:07.028952059 +0200 CEST m=+10090.520123382,0
2023-06-27 21:57:07.028964609 +0200 CEST m=+10090.520135932,0
2023-06-27 21:57:07.028983045 +0200 CEST m=+10090.520154372,0
2023-06-27 21:57:07.029020953 +0200 CEST m=+10090.520192280,0
2023-06-27 21:57:07.029237779 +0200 CEST m=+10090.520409101,0
2023-06-27 21:57:07.02941356 +0200 CEST m=+10090.520584887,0
2023-06-27 21:57:07.044741914 +0200 CEST m=+10090.535913244,0
2023-06-27 21:57:07.04475787 +0200 CEST m=+10090.535929204,0
2023-06-27 21:57:07.044773752 +0200 CEST m=+10090.535945086,0
2023-06-27 21:57:07.044789831 +0200 CEST m=+10090.535961167,0
2023-06-27 21:57:07.044807083 +0200 CEST m=+10090.535978416,0
2023-06-27 21:57:07.044820502 +0200 CEST m=+10090.535991834,0
2023-06-27 21:57:07.044836525 +0200 CEST m=+10090.536007855,0
2023-06-27 21:57:07.04485253 +0200 CEST m=+10090.536023865,0
2023-06-27 21:57:07.04486782 +0200 CEST m=+10090.536039154,0
2023-06-27 21:57:07.044883477 +0200 CEST m=+10090.536054810,0
2023-06-27 21:57:07.04489871 +0200 CEST m=+10090.536070046,0
2023-06-27 21:57:07.044913438 +0200 CEST m=+10090.536084770,0
2023-06-27 21:57:07.044929256 +0200 CEST m=+10090.536100590,0
2023-06-27 21:57:07.045009608 +0200 CEST m=+10090.536180940,0
2023-06-27 21:57:07.045222227 +0200 CEST m=+10090.536393560,0
2023-06-27 21:57:07.045457046 +0200 CEST m=+10090.536628369,0
2023-06-27 21:57:07.060703077 +0200 CEST m=+10090.551874398,0
2023-06-27 21:57:07.060711758 +0200 CEST m=+10090.551883078,0
2023-06-27 21:57:07.060736211 +0200 CEST m=+10090.551907535,0
2023-06-27 21:57:07.060750118 +0200 CEST m=+10090.551921442,0
2023-06-27 21:57:07.060763231 +0200 CEST m=+10090.551934556,0
2023-06-27 21:57:07.060775405 +0200 CEST m=+10090.551946729,0
2023-06-27 21:57:07.060787246 +0200 CEST m=+10090.551958569,0
2023-06-27 21:57:07.060801569 +0200 CEST m=+10090.551972898,0
2023-06-27 21:57:07.060816872 +0200 CEST m=+10090.551988198,0
2023-06-27 21:57:07.060829414 +0200 CEST m=+10090.552000738,0
2023-06-27 21:57:07.060841455 +0200 CEST m=+10090.552012779,0
2023-06-27 21:57:07.060853286 +0200 CEST m=+10090.552024610,0
2023-06-27 21:57:07.06086582 +0200 CEST m=+10090.552037146,0
2023-06-27 21:57:07.060880122 +0200 CEST m=+10090.552051447,0
2023-06-27 21:57:07.0610265 +0200 CEST m=+10090.552197819,0
2023-06-27 21:57:07.061141105 +0200 CEST m=+10090.552312426,0
2023-06-27 21:57:07.076697536 +0200 CEST m=+10090.567868856,0
2023-06-27 21:57:07.076703662 +0200 CEST m=+10090.567874983,0
2023-06-27 21:57:07.076737643 +0200 CEST m=+10090.567908966,0
2023-06-27 21:57:07.076761365 +0200 CEST m=+10090.567932693,0
2023-06-27 21:57:07.076776542 +0200 CEST m=+10090.567947866,0
2023-06-27 21:57:07.07679362 +0200 CEST m=+10090.567964940,0
2023-06-27 21:57:07.07680274 +0200 CEST m=+10090.567974062,0
2023-06-27 21:57:07.076815421 +0200 CEST m=+10090.567986746,0
2023-06-27 21:57:07.076830445 +0200 CEST m=+10090.568001773,0
2023-06-27 21:57:07.076845627 +0200 CEST m=+10090.568016952,0
2023-06-27 21:57:07.076856408 +0200 CEST m=+10090.568027728,0
2023-06-27 21:57:07.076865088 +0200 CEST m=+10090.568036407,0
2023-06-27 21:57:07.076870882 +0200 CEST m=+10090.568042202,0
2023-06-27 21:57:07.07689286 +0200 CEST m=+10090.568064184,0
2023-06-27 21:57:07.077113849 +0200 CEST m=+10090.568285168,0
2023-06-27 21:57:07.092715564 +0200 CEST m=+10090.583886928,0
2023-06-27 21:57:07.09294508 +0200 CEST m=+10090.584116417,0
2023-06-27 21:57:07.092961207 +0200 CEST m=+10090.584132545,0
2023-06-27 21:57:07.092977886 +0200 CEST m=+10090.584149225,0
2023-06-27 21:57:07.092991272 +0200 CEST m=+10090.584162609,0
2023-06-27 21:57:07.093006092 +0200 CEST m=+10090.584177431,0
2023-06-27 21:57:07.093019291 +0200 CEST m=+10090.584190627,0
2023-06-27 21:57:07.093044017 +0200 CEST m=+10090.584215352,0
2023-06-27 21:57:07.093057618 +0200 CEST m=+10090.584228954,0
2023-06-27 21:57:07.09307332 +0200 CEST m=+10090.584244656,0
2023-06-27 21:57:07.093087008 +0200 CEST m=+10090.584258346,0
2023-06-27 21:57:07.093100169 +0200 CEST m=+10090.584271507,0
2023-06-27 21:57:07.093113305 +0200 CEST m=+10090.584284644,0
2023-06-27 21:57:07.093129434 +0200 CEST m=+10090.584300770,0
2023-06-27 21:57:07.093309494 +0200 CEST m=+10090.584480841,0
2023-06-27 21:57:07.09366345 +0200 CEST m=+10090.584834809,0
2023-06-27 21:57:07.10868156 +0200 CEST m=+10090.599852899,0
2023-06-27 21:57:07.108817676 +0200 CEST m=+10090.599989018,0
2023-06-27 21:57:07.108838456 +0200 CEST m=+10090.600009802,0
2023-06-27 21:57:07.10885959 +0200 CEST m=+10090.600030933,0
2023-06-27 21:57:07.10887894 +0200 CEST m=+10090.600050281,0
2023-06-27 21:57:07.108899198 +0200 CEST m=+10090.600070539,0
2023-06-27 21:57:07.108922998 +0200 CEST m=+10090.600094342,0
2023-06-27 21:57:07.108943456 +0200 CEST m=+10090.600114797,0
2023-06-27 21:57:07.108963261 +0200 CEST m=+10090.600134606,0
2023-06-27 21:57:07.108983192 +0200 CEST m=+10090.600154534,0
2023-06-27 21:57:07.109003939 +0200 CEST m=+10090.600175278,0
2023-06-27 21:57:07.109025164 +0200 CEST m=+10090.600196506,0
2023-06-27 21:57:07.10904512 +0200 CEST m=+10090.600216460,0
2023-06-27 21:57:07.109065123 +0200 CEST m=+10090.600236464,0
2023-06-27 21:57:07.10913213 +0200 CEST m=+10090.600303472,0
2023-06-27 21:57:07.109391996 +0200 CEST m=+10090.600563330,0
2023-06-27 21:57:07.124696029 +0200 CEST m=+10090.615867351,0
2023-06-27 21:57:07.124710206 +0200 CEST m=+10090.615881529,0
2023-06-27 21:57:07.124718099 +0200 CEST m=+10090.615889423,0
2023-06-27 21:57:07.124724867 +0200 CEST m=+10090.615896190,0
2023-06-27 21:57:07.124732091 +0200 CEST m=+10090.615903414,0
2023-06-27 21:57:07.12473887 +0200 CEST m=+10090.615910192,0
2023-06-27 21:57:07.124871574 +0200 CEST m=+10090.616042899,0
2023-06-27 21:57:07.124887235 +0200 CEST m=+10090.616058567,0
2023-06-27 21:57:07.124903297 +0200 CEST m=+10090.616074623,0
2023-06-27 21:57:07.124916927 +0200 CEST m=+10090.616088249,0
2023-06-27 21:57:07.124926231 +0200 CEST m=+10090.616097554,0
2023-06-27 21:57:07.124932939 +0200 CEST m=+10090.616104261,0
2023-06-27 21:57:07.124939862 +0200 CEST m=+10090.616111185,0
2023-06-27 21:57:07.124979276 +0200 CEST m=+10090.616150606,0
2023-06-27 21:57:07.125179028 +0200 CEST m=+10090.616350362,0
2023-06-27 21:57:07.125342961 +0200 CEST m=+10090.616514284,0
2023-06-27 21:57:07.140719979 +0200 CEST m=+10090.631891302,0
2023-06-27 21:57:07.140731309 +0200 CEST m=+10090.631902631,0
2023-06-27 21:57:07.140737647 +0200 CEST m=+10090.631908969,0
2023-06-27 21:57:07.1407442 +0200 CEST m=+10090.631915523,0
2023-06-27 21:57:07.140751976 +0200 CEST m=+10090.631923297,0
2023-06-27 21:57:07.140759092 +0200 CEST m=+10090.631930414,0
2023-06-27 21:57:07.140765568 +0200 CEST m=+10090.631936891,0
2023-06-27 21:57:07.140781788 +0200 CEST m=+10090.631953110,0
2023-06-27 21:57:07.140788534 +0200 CEST m=+10090.631959855,0
2023-06-27 21:57:07.140804889 +0200 CEST m=+10090.631976212,0
2023-06-27 21:57:07.140820857 +0200 CEST m=+10090.631992178,0
2023-06-27 21:57:07.140828474 +0200 CEST m=+10090.631999797,0
2023-06-27 21:57:07.140834825 +0200 CEST m=+10090.632006146,0
2023-06-27 21:57:07.14095237 +0200 CEST m=+10090.632123697,0
2023-06-27 21:57:07.141177621 +0200 CEST m=+10090.632348944,0
2023-06-27 21:57:07.141329979 +0200 CEST m=+10090.632501305,0
2023-06-27 21:57:07.156683004 +0200 CEST m=+10090.647854334,0
2023-06-27 21:57:07.156699984 +0200 CEST m=+10090.647871323,0
2023-06-27 21:57:07.156713596 +0200 CEST m=+10090.647884929,0
2023-06-27 21:57:07.156728829 +0200 CEST m=+10090.647900165,0
2023-06-27 21:57:07.156743583 +0200 CEST m=+10090.647914919,0
2023-06-27 21:57:07.156756894 +0200 CEST m=+10090.647928221,0
2023-06-27 21:57:07.156770482 +0200 CEST m=+10090.647941817,0
2023-06-27 21:57:07.156789493 +0200 CEST m=+10090.647960820,0
2023-06-27 21:57:07.156803408 +0200 CEST m=+10090.647974737,0
2023-06-27 21:57:07.156817811 +0200 CEST m=+10090.647989145,0
2023-06-27 21:57:07.15683273 +0200 CEST m=+10090.648004065,0
2023-06-27 21:57:07.156847437 +0200 CEST m=+10090.648018766,0
2023-06-27 21:57:07.156863027 +0200 CEST m=+10090.648034360,0
2023-06-27 21:57:07.156914666 +0200 CEST m=+10090.648085994,0
2023-06-27 21:57:07.157122613 +0200 CEST m=+10090.648293942,0
2023-06-27 21:57:07.157291997 +0200 CEST m=+10090.648463325,0
2023-06-27 21:57:07.172713866 +0200 CEST m=+10090.663885187,0
2023-06-27 21:57:07.172727479 +0200 CEST m=+10090.663898801,0
2023-06-27 21:57:07.172854635 +0200 CEST m=+10090.664025969,0
2023-06-27 21:57:07.172872784 +0200 CEST m=+10090.664044113,0
2023-06-27 21:57:07.172892277 +0200 CEST m=+10090.664063610,0
2023-06-27 21:57:07.172920136 +0200 CEST m=+10090.664091465,0
2023-06-27 21:57:07.17293461 +0200 CEST m=+10090.664105936,0
2023-06-27 21:57:07.172946381 +0200 CEST m=+10090.664117714,0
2023-06-27 21:57:07.172960755 +0200 CEST m=+10090.664132089,0
2023-06-27 21:57:07.172979104 +0200 CEST m=+10090.664150435,0
2023-06-27 21:57:07.172998452 +0200 CEST m=+10090.664169779,0
2023-06-27 21:57:07.173016102 +0200 CEST m=+10090.664187435,0
2023-06-27 21:57:07.173036775 +0200 CEST m=+10090.664208104,0
2023-06-27 21:57:07.173055516 +0200 CEST m=+10090.664226843,0
2023-06-27 21:57:07.173099079 +0200 CEST m=+10090.664270412,0
2023-06-27 21:57:07.17336604 +0200 CEST m=+10090.664537365,0
2023-06-27 21:57:07.188697945 +0200 CEST m=+10090.679869270,0
2023-06-27 21:57:07.188714218 +0200 CEST m=+10090.679885542,0
2023-06-27 21:57:07.188732702 +0200 CEST m=+10090.679904026,0
2023-06-27 21:57:07.188753417 +0200 CEST m=+10090.679924740,0
2023-06-27 21:57:07.188765405 +0200 CEST m=+10090.679936733,0
2023-06-27 21:57:07.188780395 +0200 CEST m=+10090.679951725,0
2023-06-27 21:57:07.188794498 +0200 CEST m=+10090.679965824,0
2023-06-27 21:57:07.188806127 +0200 CEST m=+10090.679977451,0
2023-06-27 21:57:07.188818124 +0200 CEST m=+10090.679989449,0
2023-06-27 21:57:07.188832383 +0200 CEST m=+10090.680003706,0
2023-06-27 21:57:07.188845567 +0200 CEST m=+10090.680016891,0
2023-06-27 21:57:07.188857762 +0200 CEST m=+10090.680029086,0
2023-06-27 21:57:07.188869472 +0200 CEST m=+10090.680040797,0
2023-06-27 21:57:07.188916423 +0200 CEST m=+10090.680087745,0
2023-06-27 21:57:07.189103137 +0200 CEST m=+10090.680274461,0
2023-06-27 21:57:07.189290036 +0200 CEST m=+10090.680461365,0
2023-06-27 21:57:07.204769272 +0200 CEST m=+10090.695940600,0
2023-06-27 21:57:07.204782224 +0200 CEST m=+10090.695953555,0
2023-06-27 21:57:07.20480156 +0200 CEST m=+10090.695972890,0
2023-06-27 21:57:07.204814543 +0200 CEST m=+10090.695985869,0
2023-06-27 21:57:07.204837573 +0200 CEST m=+10090.696008905,0
2023-06-27 21:57:07.204852091 +0200 CEST m=+10090.696023417,0
2023-06-27 21:57:07.204867072 +0200 CEST m=+10090.696038399,0
2023-06-27 21:57:07.204889493 +0200 CEST m=+10090.696060817,0
2023-06-27 21:57:07.204910905 +0200 CEST m=+10090.696082234,0
2023-06-27 21:57:07.204930051 +0200 CEST m=+10090.696101382,0
2023-06-27 21:57:07.204958141 +0200 CEST m=+10090.696129466,0
2023-06-27 21:57:07.204982095 +0200 CEST m=+10090.696153426,0
2023-06-27 21:57:07.204999447 +0200 CEST m=+10090.696170777,0
2023-06-27 21:57:07.205993972 +0200 CEST m=+10090.697165298,0
2023-06-27 21:57:07.20634962 +0200 CEST m=+10090.697520948,0
2023-06-27 21:57:07.207175775 +0200 CEST m=+10090.698347173,0
2023-06-27 21:57:07.220785492 +0200 CEST m=+10090.711956812,0
2023-06-27 21:57:07.220791601 +0200 CEST m=+10090.711962922,0
2023-06-27 21:57:07.220800979 +0200 CEST m=+10090.711972300,0
2023-06-27 21:57:07.220818837 +0200 CEST m=+10090.711990158,0
2023-06-27 21:57:07.220841838 +0200 CEST m=+10090.712013160,0
2023-06-27 21:57:07.22087269 +0200 CEST m=+10090.712044012,0
2023-06-27 21:57:07.22089599 +0200 CEST m=+10090.712067311,0
2023-06-27 21:57:07.220915434 +0200 CEST m=+10090.712086760,0
2023-06-27 21:57:07.220931152 +0200 CEST m=+10090.712102476,0
2023-06-27 21:57:07.220945773 +0200 CEST m=+10090.712117098,0
2023-06-27 21:57:07.220958963 +0200 CEST m=+10090.712130289,0
2023-06-27 21:57:07.22097181 +0200 CEST m=+10090.712143134,0
2023-06-27 21:57:07.22098303 +0200 CEST m=+10090.712154359,0
2023-06-27 21:57:07.221131135 +0200 CEST m=+10090.712302462,0
2023-06-27 21:57:07.221297429 +0200 CEST m=+10090.712468754,0
2023-06-27 21:57:07.221504479 +0200 CEST m=+10090.712675804,0
2023-06-27 21:57:07.236683799 +0200 CEST m=+10090.727855121,0
2023-06-27 21:57:07.236750246 +0200 CEST m=+10090.727921574,0
2023-06-27 21:57:07.236768817 +0200 CEST m=+10090.727940143,0
2023-06-27 21:57:07.236785971 +0200 CEST m=+10090.727957298,0
2023-06-27 21:57:07.236802492 +0200 CEST m=+10090.727973815,0
2023-06-27 21:57:07.236813818 +0200 CEST m=+10090.727985141,0
2023-06-27 21:57:07.236820592 +0200 CEST m=+10090.727991914,0
2023-06-27 21:57:07.23682794 +0200 CEST m=+10090.727999263,0
2023-06-27 21:57:07.23683523 +0200 CEST m=+10090.728006552,0
2023-06-27 21:57:07.236843211 +0200 CEST m=+10090.728014533,0
2023-06-27 21:57:07.236851532 +0200 CEST m=+10090.728022854,0
2023-06-27 21:57:07.236858551 +0200 CEST m=+10090.728029872,0
2023-06-27 21:57:07.236865315 +0200 CEST m=+10090.728036637,0
2023-06-27 21:57:07.236892158 +0200 CEST m=+10090.728063484,0
2023-06-27 21:57:07.237059265 +0200 CEST m=+10090.728230591,0
2023-06-27 21:57:07.237222705 +0200 CEST m=+10090.728394032,0
2023-06-27 21:57:07.25272508 +0200 CEST m=+10090.743896400,0
2023-06-27 21:57:07.252734939 +0200 CEST m=+10090.743906259,0
2023-06-27 21:57:07.252741342 +0200 CEST m=+10090.743912662,0
2023-06-27 21:57:07.252748358 +0200 CEST m=+10090.743919678,0
2023-06-27 21:57:07.252754474 +0200 CEST m=+10090.743925795,0
2023-06-27 21:57:07.252760461 +0200 CEST m=+10090.743931780,0
2023-06-27 21:57:07.252766836 +0200 CEST m=+10090.743938155,0
2023-06-27 21:57:07.252772866 +0200 CEST m=+10090.743944187,0
2023-06-27 21:57:07.252778699 +0200 CEST m=+10090.743950019,0
2023-06-27 21:57:07.25278494 +0200 CEST m=+10090.743956260,0
2023-06-27 21:57:07.252791591 +0200 CEST m=+10090.743962912,0
2023-06-27 21:57:07.252797364 +0200 CEST m=+10090.743968684,0
2023-06-27 21:57:07.252803009 +0200 CEST m=+10090.743974329,0
2023-06-27 21:57:07.252982705 +0200 CEST m=+10090.744154029,0
2023-06-27 21:57:07.253154596 +0200 CEST m=+10090.744325916,0
2023-06-27 21:57:07.253256851 +0200 CEST m=+10090.744428172,0
2023-06-27 21:57:07.26872482 +0200 CEST m=+10090.759896140,0
2023-06-27 21:57:07.268854629 +0200 CEST m=+10090.760025951,0
2023-06-27 21:57:07.268866421 +0200 CEST m=+10090.760037742,0
2023-06-27 21:57:07.26888059 +0200 CEST m=+10090.760051913,0
2023-06-27 21:57:07.268891762 +0200 CEST m=+10090.760063083,0
2023-06-27 21:57:07.268903499 +0200 CEST m=+10090.760074818,0
2023-06-27 21:57:07.268911159 +0200 CEST m=+10090.760082480,0
2023-06-27 21:57:07.268917134 +0200 CEST m=+10090.760088453,0
2023-06-27 21:57:07.26892629 +0200 CEST m=+10090.760097610,0
2023-06-27 21:57:07.268932068 +0200 CEST m=+10090.760103387,0
2023-06-27 21:57:07.268938469 +0200 CEST m=+10090.760109789,0
2023-06-27 21:57:07.268953701 +0200 CEST m=+10090.760125021,0
2023-06-27 21:57:07.268959285 +0200 CEST m=+10090.760130605,0
2023-06-27 21:57:07.268970295 +0200 CEST m=+10090.760141622,0
2023-06-27 21:57:07.269126808 +0200 CEST m=+10090.760298133,0
2023-06-27 21:57:07.269274807 +0200 CEST m=+10090.760446131,0
2023-06-27 21:57:07.2847015 +0200 CEST m=+10090.775872836,0
2023-06-27 21:57:07.284728274 +0200 CEST m=+10090.775899609,0
2023-06-27 21:57:07.284749654 +0200 CEST m=+10090.775920985,0
2023-06-27 21:57:07.284771305 +0200 CEST m=+10090.775942642,0
2023-06-27 21:57:07.284791618 +0200 CEST m=+10090.775962967,0
2023-06-27 21:57:07.284815573 +0200 CEST m=+10090.775986910,0
2023-06-27 21:57:07.28483922 +0200 CEST m=+10090.776010556,0
2023-06-27 21:57:07.284861456 +0200 CEST m=+10090.776032792,0
2023-06-27 21:57:07.284881062 +0200 CEST m=+10090.776052398,0
2023-06-27 21:57:07.284901869 +0200 CEST m=+10090.776073217,0
2023-06-27 21:57:07.284935053 +0200 CEST m=+10090.776106383,0
2023-06-27 21:57:07.284956808 +0200 CEST m=+10090.776128138,0
2023-06-27 21:57:07.284971849 +0200 CEST m=+10090.776143177,0
2023-06-27 21:57:07.285031241 +0200 CEST m=+10090.776202577,0
2023-06-27 21:57:07.285288276 +0200 CEST m=+10090.776459603,0
2023-06-27 21:57:07.300686132 +0200 CEST m=+10090.791857469,0
2023-06-27 21:57:07.300741007 +0200 CEST m=+10090.791912333,0
2023-06-27 21:57:07.300759974 +0200 CEST m=+10090.791931305,0
2023-06-27 21:57:07.300775419 +0200 CEST m=+10090.791946745,0
2023-06-27 21:57:07.300790767 +0200 CEST m=+10090.791962092,0
2023-06-27 21:57:07.300805522 +0200 CEST m=+10090.791976847,0
2023-06-27 21:57:07.300819556 +0200 CEST m=+10090.791990884,0
2023-06-27 21:57:07.300835197 +0200 CEST m=+10090.792006525,0
2023-06-27 21:57:07.30084953 +0200 CEST m=+10090.792020860,0
2023-06-27 21:57:07.300863788 +0200 CEST m=+10090.792035117,0
2023-06-27 21:57:07.300880468 +0200 CEST m=+10090.792051794,0
2023-06-27 21:57:07.300895357 +0200 CEST m=+10090.792066682,0
2023-06-27 21:57:07.300909269 +0200 CEST m=+10090.792080602,0
2023-06-27 21:57:07.300924089 +0200 CEST m=+10090.792095414,0
2023-06-27 21:57:07.301128536 +0200 CEST m=+10090.792299866,0
2023-06-27 21:57:07.301297636 +0200 CEST m=+10090.792468964,0
2023-06-27 21:57:07.316756883 +0200 CEST m=+10090.807928204,0
2023-06-27 21:57:07.316764379 +0200 CEST m=+10090.807935702,0
2023-06-27 21:57:07.316771712 +0200 CEST m=+10090.807943033,0
2023-06-27 21:57:07.316780301 +0200 CEST m=+10090.807951622,0
2023-06-27 21:57:07.316788521 +0200 CEST m=+10090.807959843,0
2023-06-27 21:57:07.316796534 +0200 CEST m=+10090.807967855,0
2023-06-27 21:57:07.316802779 +0200 CEST m=+10090.807974100,0
2023-06-27 21:57:07.316809175 +0200 CEST m=+10090.807980496,0
2023-06-27 21:57:07.31681587 +0200 CEST m=+10090.807987191,0
2023-06-27 21:57:07.316822607 +0200 CEST m=+10090.807993929,0
2023-06-27 21:57:07.31682888 +0200 CEST m=+10090.808000201,0
2023-06-27 21:57:07.316835513 +0200 CEST m=+10090.808006834,0
2023-06-27 21:57:07.316845139 +0200 CEST m=+10090.808016461,0
2023-06-27 21:57:07.316954506 +0200 CEST m=+10090.808125836,0
2023-06-27 21:57:07.317146068 +0200 CEST m=+10090.808317411,0
2023-06-27 21:57:07.317319163 +0200 CEST m=+10090.808490485,0
2023-06-27 21:57:07.332677996 +0200 CEST m=+10090.823849321,0
2023-06-27 21:57:07.332690707 +0200 CEST m=+10090.823862033,0
2023-06-27 21:57:07.33276558 +0200 CEST m=+10090.823936902,0
2023-06-27 21:57:07.33278078 +0200 CEST m=+10090.823952101,0
2023-06-27 21:57:07.332795909 +0200 CEST m=+10090.823967232,0
2023-06-27 21:57:07.332811141 +0200 CEST m=+10090.823982468,0
2023-06-27 21:57:07.332842023 +0200 CEST m=+10090.824013349,0
2023-06-27 21:57:07.332880634 +0200 CEST m=+10090.824051957,0
2023-06-27 21:57:07.332893036 +0200 CEST m=+10090.824064360,0
2023-06-27 21:57:07.332904221 +0200 CEST m=+10090.824075543,0
2023-06-27 21:57:07.332918281 +0200 CEST m=+10090.824089602,0
2023-06-27 21:57:07.332930476 +0200 CEST m=+10090.824101801,0
2023-06-27 21:57:07.332943013 +0200 CEST m=+10090.824114336,0
2023-06-27 21:57:07.33295469 +0200 CEST m=+10090.824126015,0
2023-06-27 21:57:07.333084935 +0200 CEST m=+10090.824256261,0
2023-06-27 21:57:07.333295799 +0200 CEST m=+10090.824467123,0
2023-06-27 21:57:07.348766082 +0200 CEST m=+10090.839937452,0
2023-06-27 21:57:07.348813467 +0200 CEST m=+10090.839984839,0
2023-06-27 21:57:07.348851677 +0200 CEST m=+10090.840023039,0
2023-06-27 21:57:07.348892909 +0200 CEST m=+10090.840064293,0
2023-06-27 21:57:07.348935112 +0200 CEST m=+10090.840106479,0
2023-06-27 21:57:07.348974001 +0200 CEST m=+10090.840145382,0
